// MilkShape 3D ASCII

Frames: 30
Frame: 1

Meshes: 17
"Mesh04" 0 0
36
0 -0.014908 -0.275002 -1.749968 0.306309 0.377045 -1
0 -0.014941 0.180001 -5.633456 0.165694 0.200592 -1
0 -0.014908 0.179999 -1.749968 0.306309 0.200593 -1
0 -0.014941 -0.275000 -5.633456 0.165694 0.377044 -1
0 -3.832354 -0.275002 -5.633455 0.394430 0.184560 -1
0 -0.014941 -1.640000 -5.633456 0.058584 0.123308 -1
0 -3.832354 -1.640002 -5.633455 0.394430 0.123309 -1
0 -0.014941 -0.275000 -5.633456 0.058584 0.184559 -1
0 -0.014908 -1.640002 -1.749968 0.281251 0.874999 -1
0 -0.014941 -0.275000 -5.633456 0.031291 0.300780 -1
0 -0.014908 -0.275002 -1.749968 0.281251 0.193595 -1
0 -0.014941 -1.640000 -5.633456 0.031291 0.874998 -1
0 -3.832354 0.179999 -5.633455 0.443927 0.200593 -1
0 -0.014941 -0.275000 -5.633456 0.415691 0.377044 -1
0 -3.832354 -0.275002 -5.633455 0.443927 0.377045 -1
0 -0.014941 0.180001 -5.633456 0.415691 0.200592 -1
0 -3.832354 -0.275002 7.322414 0.443927 0.377045 -1
0 -2.793440 0.179997 7.322850 0.185352 0.200594 -1
0 -3.832354 0.179999 7.322427 0.443927 0.200593 -1
0 -2.793440 -0.275003 7.322845 0.185352 0.377046 -1
0 -3.832354 -1.640002 7.322414 0.361029 0.874999 -1
0 -2.793440 -0.275003 7.322845 0.944911 0.193595 -1
0 -3.832354 -0.275002 7.322414 0.361029 0.193595 -1
0 -2.793440 -1.640004 7.322845 0.944911 0.875000 -1
0 -0.014941 -0.275003 5.678813 0.936695 0.193595 -1
0 -0.014941 -1.640003 5.678813 0.936695 0.875000 -1
0 -0.014908 -0.275002 1.849935 0.593750 0.193595 -1
0 -0.014941 -1.640003 5.678813 0.906294 0.875000 -1
0 -0.014908 -1.640002 1.849935 0.593750 0.874999 -1
0 -0.014941 -0.275003 5.678813 0.906294 0.193595 -1
0 -0.014908 0.179999 1.849935 0.509435 0.200593 -1
0 -0.014941 -0.275003 5.678813 0.775068 0.377046 -1
0 -0.014908 -0.275002 1.849935 0.509435 0.377045 -1
0 -0.014941 0.179998 5.678815 0.775068 0.200593 -1
0 -0.014941 0.179998 5.678815 0.415691 0.200593 -1
0 -0.014941 -0.275003 5.678813 0.415691 0.377046 -1
24
1.000000 0.000000 -0.000006
1.000000 0.000000 -0.000008
1.000000 0.000000 -0.000003
1.000000 0.000000 -0.000008
-0.000000 0.000000 -1.000000
-0.000000 0.000000 -1.000000
-0.000411 -0.000020 1.000000
0.174985 -0.000017 0.984571
-0.000408 -0.000028 1.000000
0.350393 -0.000009 0.936603
-0.000415 0.000000 1.000000
0.174982 0.000000 0.984572
-0.000415 0.000000 1.000000
0.350393 0.000000 0.936603
0.509232 0.000000 0.860629
0.509232 0.000000 0.860629
1.000000 0.000000 0.000006
1.000000 0.000000 0.000009
1.000000 0.000000 0.000003
1.000000 -0.000000 0.000006
1.000000 -0.000000 0.000009
1.000000 -0.000000 0.000009
0.509233 -0.000007 0.860629
0.509232 -0.000004 0.860629
24
0 0 1 2 0 1 2 1
0 0 3 1 0 3 1 1
0 4 5 6 4 4 4 1
0 4 7 5 4 4 4 1
0 8 9 10 0 1 2 1
0 8 11 9 0 1 1 1
0 12 13 14 5 5 5 1
0 12 15 13 5 5 5 1
0 16 17 18 6 7 8 1
0 16 19 17 6 9 7 1
0 20 21 22 10 11 12 1
0 20 23 21 10 13 11 1
0 24 23 25 14 13 15 1
0 24 21 23 14 11 13 1
0 26 27 28 16 17 18 1
0 26 29 27 16 17 17 1
0 30 31 32 19 20 18 1
0 30 33 31 19 21 20 1
0 34 19 35 22 9 23 1
0 34 17 19 22 7 9 1
0 32 2 30 18 2 19 1
0 32 0 2 18 0 2 1
0 28 10 26 18 2 16 1
0 28 8 10 18 0 2 1
"Mesh05" 0 1
4
0 -0.232335 0.000001 -1.750004 0.991336 0.022377 -1
0 -3.832337 0.000001 1.849995 0.009698 0.989760 -1
0 -0.232359 -0.000001 1.849991 0.008495 0.023721 -1
0 -3.832337 0.000001 -1.750003 0.992539 0.988423 -1
3
0.000000 1.000000 0.000000
0.000001 1.000000 0.000001
0.000000 1.000000 0.000000
2
0 0 1 2 0 0 1 1
0 0 3 1 0 2 0 1
"Mesh06" 0 0
30
0 -3.832354 0.179999 -5.349984 0.620788 0.358484 -1
0 -0.014941 0.180001 -5.633456 0.162699 0.298578 -1
0 -3.832354 0.179999 -5.633455 0.620788 0.298578 -1
0 -0.232359 0.179999 -5.349984 0.223085 0.358484 -1
0 -0.014908 0.179999 -1.749968 0.162689 0.661947 -1
0 -0.232359 0.179999 -1.749968 0.223085 0.661947 -1
0 -0.232359 -0.000001 -5.350006 0.223085 0.358481 -1
0 -0.232335 0.000001 -1.750004 0.223078 0.661956 -1
0 -3.832337 0.000001 -5.350003 0.620795 0.358481 -1
0 -0.232359 -0.000001 1.849991 0.223085 0.317606 -1
0 -0.232359 0.179999 5.449952 0.223085 0.702841 -1
0 -0.232359 0.179999 1.849935 0.223085 0.317594 -1
0 -0.232335 0.000001 5.449994 0.223078 0.702831 -1
0 -2.958220 0.180001 7.039824 0.863575 0.366841 -1
0 -2.958219 -0.062086 7.039824 0.863575 0.366841 -1
0 -3.832354 0.179999 7.039469 0.620788 0.366916 -1
0 -3.832354 -0.062081 7.039481 0.620788 0.366912 -1
0 -0.014941 0.179998 5.678815 0.162699 0.654472 -1
0 -0.014908 0.179999 1.849935 0.162689 0.317594 -1
0 -2.793440 0.179997 7.322850 0.909340 0.307028 -1
0 -3.832354 0.179999 7.322427 0.620788 0.307116 -1
0 -3.832337 0.000001 5.449996 0.620795 0.702828 -1
0 -0.232359 -0.000001 -5.350006 0.002640 0.993864 -1
0 -3.832337 0.000001 -1.750003 0.992690 0.018533 -1
0 -0.232335 0.000001 -1.750004 0.002634 0.018534 -1
0 -3.832337 0.000001 -5.350003 0.992690 0.993863 -1
0 -0.232359 -0.000001 1.849991 0.004771 0.987282 -1
0 -3.832337 0.000001 5.449996 0.990980 0.024560 -1
0 -0.232335 0.000001 5.449994 0.004764 0.024561 -1
0 -3.832337 0.000001 1.849995 0.990980 0.987281 -1
28
-0.000000 0.894417 0.447235
-0.000003 1.000000 0.000003
-0.000001 1.000000 0.000000
-0.267276 0.801761 0.534549
-0.000003 1.000000 0.000000
-0.707138 0.707075 0.000002
-0.894426 -0.000114 0.447216
-1.000000 -0.000089 0.000000
0.000000 -0.000113 1.000000
-1.000000 -0.000044 0.000000
-0.625702 0.749600 -0.215861
-0.707122 0.707092 -0.000002
-0.715206 0.355829 -0.601553
-0.241097 0.718044 -0.652905
-0.145165 0.576722 -0.803940
0.000356 0.447195 -0.894436
0.000276 0.720756 -0.693189
0.000002 1.000000 0.000001
0.000000 1.000000 0.000000
0.000003 1.000000 0.000009
-0.000000 1.000000 0.000007
-0.000005 0.999238 0.039026
0.000000 1.000000 -0.000000
-0.000000 1.000000 -0.000001
0.000001 1.000000 0.000000
0.000000 1.000000 -0.000000
-0.000000 1.000000 -0.000001
0.000001 1.000000 0.000000
30
0 0 1 2 0 1 2 1
0 0 3 1 0 3 1 1
0 4 3 5 4 3 5 1
0 4 1 3 4 1 3 1
0 5 6 7 5 6 7 1
0 5 3 6 5 3 6 1
0 8 3 0 8 3 0 1
0 8 6 3 8 6 3 1
0 9 10 11 9 10 11 1
0 9 12 10 9 12 10 1
0 12 13 10 12 13 10 1
0 12 14 13 12 14 13 1
0 15 14 16 15 14 16 1
0 15 13 14 15 13 14 1
0 11 17 18 11 17 18 1
0 11 10 17 11 10 17 1
0 10 19 17 10 19 17 1
0 10 13 19 10 13 19 1
0 20 13 15 20 13 15 1
0 20 19 13 20 19 13 1
0 18 5 11 18 5 11 1
0 18 4 5 18 4 5 1
0 11 7 9 11 7 9 1
0 11 5 7 11 5 7 1
0 21 14 12 21 14 12 1
0 14 21 16 14 21 16 1
0 22 23 24 22 22 23 1
0 22 25 23 22 24 22 1
0 26 27 28 25 25 26 1
0 26 29 27 25 27 25 1
"Mesh07" 0 2
0
0
0
"Object01" 0 0
0
0
0
"Mesh01" 0 1
4
0 -0.232335 0.000001 -1.750004 0.991336 0.022377 -1
0 -3.832337 0.000001 1.849995 0.009698 0.989760 -1
0 -0.232359 -0.000001 1.849991 0.008495 0.023721 -1
0 -3.832337 0.000001 -1.750003 0.992539 0.988423 -1
3
0.000000 1.000000 0.000000
0.000001 1.000000 0.000001
0.000000 1.000000 0.000000
2
0 0 1 2 0 0 1 1
0 0 3 1 0 2 0 1
"Mesh09" 0 2
0
0
0
"Mesh10" 0 0
36
0 -0.014908 -0.275002 -1.749968 0.306309 0.377045 -1
0 -0.014941 0.180001 -5.633456 0.165694 0.200592 -1
0 -0.014908 0.179999 -1.749968 0.306309 0.200593 -1
0 -0.014941 -0.275000 -5.633456 0.165694 0.377044 -1
0 -3.832354 -0.275002 -5.633455 0.394430 0.184560 -1
0 -0.014941 -1.640000 -5.633456 0.058584 0.123308 -1
0 -3.832354 -1.640002 -5.633455 0.394430 0.123309 -1
0 -0.014941 -0.275000 -5.633456 0.058584 0.184559 -1
0 -0.014908 -1.640002 -1.749968 0.281251 0.874999 -1
0 -0.014941 -0.275000 -5.633456 0.031291 0.300780 -1
0 -0.014908 -0.275002 -1.749968 0.281251 0.193595 -1
0 -0.014941 -1.640000 -5.633456 0.031291 0.874998 -1
0 -3.832354 0.179999 -5.633455 0.443927 0.200593 -1
0 -0.014941 -0.275000 -5.633456 0.415691 0.377044 -1
0 -3.832354 -0.275002 -5.633455 0.443927 0.377045 -1
0 -0.014941 0.180001 -5.633456 0.415691 0.200592 -1
0 -3.832354 -0.275002 7.322414 0.443927 0.377045 -1
0 -2.793440 0.179997 7.322850 0.185352 0.200594 -1
0 -3.832354 0.179999 7.322427 0.443927 0.200593 -1
0 -2.793440 -0.275003 7.322845 0.185352 0.377046 -1
0 -3.832354 -1.640002 7.322414 0.361029 0.874999 -1
0 -2.793440 -0.275003 7.322845 0.944911 0.193595 -1
0 -3.832354 -0.275002 7.322414 0.361029 0.193595 -1
0 -2.793440 -1.640004 7.322845 0.944911 0.875000 -1
0 -0.014941 -0.275003 5.678813 0.936695 0.193595 -1
0 -0.014941 -1.640003 5.678813 0.936695 0.875000 -1
0 -0.014908 -0.275002 1.849935 0.593750 0.193595 -1
0 -0.014941 -1.640003 5.678813 0.906294 0.875000 -1
0 -0.014908 -1.640002 1.849935 0.593750 0.874999 -1
0 -0.014941 -0.275003 5.678813 0.906294 0.193595 -1
0 -0.014908 0.179999 1.849935 0.509435 0.200593 -1
0 -0.014941 -0.275003 5.678813 0.775068 0.377046 -1
0 -0.014908 -0.275002 1.849935 0.509435 0.377045 -1
0 -0.014941 0.179998 5.678815 0.775068 0.200593 -1
0 -0.014941 0.179998 5.678815 0.415691 0.200593 -1
0 -0.014941 -0.275003 5.678813 0.415691 0.377046 -1
24
1.000000 0.000000 -0.000006
1.000000 0.000000 -0.000008
1.000000 0.000000 -0.000003
1.000000 0.000000 -0.000008
-0.000000 0.000000 -1.000000
-0.000000 0.000000 -1.000000
-0.000411 -0.000020 1.000000
0.174985 -0.000017 0.984571
-0.000408 -0.000028 1.000000
0.350393 -0.000009 0.936603
-0.000415 0.000000 1.000000
0.174982 0.000000 0.984572
-0.000415 0.000000 1.000000
0.350393 0.000000 0.936603
0.509232 0.000000 0.860629
0.509232 0.000000 0.860629
1.000000 0.000000 0.000006
1.000000 0.000000 0.000009
1.000000 0.000000 0.000003
1.000000 -0.000000 0.000006
1.000000 -0.000000 0.000009
1.000000 -0.000000 0.000009
0.509233 -0.000007 0.860629
0.509232 -0.000004 0.860629
24
0 0 1 2 0 1 2 1
0 0 3 1 0 3 1 1
0 4 5 6 4 4 4 1
0 4 7 5 4 4 4 1
0 8 9 10 0 1 2 1
0 8 11 9 0 1 1 1
0 12 13 14 5 5 5 1
0 12 15 13 5 5 5 1
0 16 17 18 6 7 8 1
0 16 19 17 6 9 7 1
0 20 21 22 10 11 12 1
0 20 23 21 10 13 11 1
0 24 23 25 14 13 15 1
0 24 21 23 14 11 13 1
0 26 27 28 16 17 18 1
0 26 29 27 16 17 17 1
0 30 31 32 19 20 18 1
0 30 33 31 19 21 20 1
0 34 19 35 22 9 23 1
0 34 17 19 22 7 9 1
0 32 2 30 18 2 19 1
0 32 0 2 18 0 2 1
0 28 10 26 18 2 16 1
0 28 8 10 18 0 2 1
"Mesh02" 0 1
4
0 -10.937404 -0.000001 1.849991 0.008495 0.023721 -1
0 -7.337428 0.000001 1.849995 0.009698 0.989760 -1
0 -10.937428 0.000001 -1.750004 0.991336 0.022377 -1
0 -7.337428 0.000001 -1.750003 0.992539 0.988423 -1
3
-0.000001 1.000000 0.000001
-0.000000 1.000000 0.000000
0.000000 1.000000 0.000000
2
0 0 1 2 0 1 1 1
0 1 3 2 1 2 1 1
"Mesh12" 0 0
41
0 -7.337411 0.179999 -5.633455 0.620788 0.298578 -1
0 -11.154823 0.180001 -5.633456 0.162699 0.298578 -1
0 -7.337411 0.179999 -5.349984 0.620788 0.358484 -1
0 -10.937404 0.179999 -5.349984 0.223085 0.358484 -1
0 -10.937404 0.179999 -1.749968 0.223085 0.661947 -1
0 -11.154855 0.179999 -1.749968 0.162689 0.661947 -1
0 -10.937428 0.000001 -1.750004 0.223078 0.661956 -1
0 -10.937404 -0.000001 -5.350006 0.223085 0.358481 -1
0 -7.337428 0.000001 -5.350003 0.620795 0.358481 -1
0 -3.737419 0.179999 -5.633455 0.535336 0.298578 -1
0 -3.737419 0.179999 -5.349984 0.535336 0.358484 -1
0 -3.737419 -0.000001 -5.350006 0.535336 0.358481 -1
0 -3.737419 -0.062081 7.037732 0.535336 0.367281 -1
0 -7.337411 -0.062081 7.039481 0.620788 0.366912 -1
0 -3.737419 0.179999 7.037732 0.535336 0.367281 -1
0 -7.337411 0.179999 7.039469 0.620788 0.366916 -1
0 -3.737419 0.179999 7.320680 0.535336 0.307484 -1
0 -7.337411 0.179999 7.322427 0.620788 0.307116 -1
0 -10.937404 0.179999 1.849935 0.223085 0.317594 -1
0 -10.937404 0.179999 5.449952 0.223085 0.702841 -1
0 -10.937404 -0.000001 1.849991 0.223085 0.317606 -1
0 -10.937428 0.000001 5.449994 0.223078 0.702831 -1
0 -8.211546 0.180001 7.039824 0.863575 0.366841 -1
0 -8.211547 -0.062086 7.039824 0.863575 0.366841 -1
0 -11.154855 0.179999 1.849935 0.162689 0.317594 -1
0 -11.154823 0.179998 5.678815 0.162699 0.654472 -1
0 -8.376324 0.179997 7.322850 0.909340 0.307028 -1
0 -7.337428 0.000001 5.449996 0.620795 0.702828 -1
0 -3.737427 0.000001 5.449994 0.535333 0.702831 -1
0 -10.937428 0.000001 -1.750004 0.002634 0.018534 -1
0 -7.337428 0.000001 -1.750003 0.992690 0.018533 -1
0 -10.937404 -0.000001 -5.350006 0.002640 0.993864 -1
0 -7.337428 0.000001 -5.350003 0.992690 0.993863 -1
0 -10.937428 0.000001 5.449994 0.004764 0.024561 -1
0 -7.337428 0.000001 5.449996 0.990980 0.024560 -1
0 -10.937404 -0.000001 1.849991 0.004771 0.987282 -1
0 -7.337428 0.000001 1.849995 0.990980 0.987281 -1
0 -7.337428 0.000001 1.849995 0.003810 0.025133 -1
0 -3.737427 0.000001 1.849995 0.992571 0.025133 -1
0 -7.337428 0.000001 -1.750003 0.003810 0.987246 -1
0 -3.737427 0.000001 -1.750003 0.992571 0.987246 -1
33
0.000000 1.000000 0.000000
0.000003 1.000000 0.000003
0.000000 0.707067 0.707146
0.267276 0.801761 0.534549
0.707139 0.707074 0.000002
0.000003 1.000000 0.000000
1.000000 -0.000092 0.000000
0.894426 -0.000116 0.447216
0.000000 -0.000109 1.000000
0.000000 1.000000 0.000000
0.000000 0.894416 0.447235
0.000000 -0.000113 1.000000
-0.000337 0.720788 -0.693155
-0.000320 0.720766 -0.693178
-0.000433 0.447195 -0.894436
-0.000301 0.707095 -0.707119
0.000000 1.000000 0.000004
0.707123 0.707091 -0.000002
0.625703 0.749600 -0.215861
1.000000 -0.000046 0.000000
0.715207 0.355827 -0.601553
0.241097 0.718044 -0.652905
0.145165 0.576722 -0.803940
0.000000 1.000000 0.000000
-0.000002 1.000000 0.000001
-0.000003 1.000000 0.000009
0.000003 0.999238 0.039026
0.000010 0.999237 0.039050
0.000000 1.000000 -0.000001
-0.000000 1.000000 -0.000000
-0.000001 1.000000 0.000000
0.000000 1.000000 -0.000001
-0.000000 1.000000 -0.000000
42
0 0 1 2 0 1 2 1
0 1 3 2 1 3 2 1
0 4 3 5 4 3 5 1
0 3 1 5 3 1 5 1
0 6 7 4 6 7 4 1
0 7 3 4 7 3 4 1
0 2 3 8 2 3 8 1
0 3 7 8 3 7 8 1
0 9 0 10 9 0 10 1
0 0 2 10 0 2 10 1
0 10 2 11 10 2 11 1
0 2 8 11 2 8 11 1
0 12 13 14 12 13 14 1
0 13 15 14 13 15 14 1
0 14 15 16 14 15 9 1
0 15 17 16 15 16 9 1
0 18 19 20 17 18 19 1
0 19 21 20 18 20 19 1
0 19 22 21 18 21 20 1
0 22 23 21 21 22 20 1
0 13 23 15 13 22 15 1
0 23 22 15 22 21 15 1
0 24 25 18 23 24 17 1
0 25 19 18 24 18 17 1
0 25 26 19 24 25 18 1
0 26 22 19 25 21 18 1
0 15 22 17 15 21 16 1
0 22 26 17 21 25 16 1
0 18 4 24 17 4 23 1
0 4 5 24 4 5 23 1
0 20 6 18 19 6 17 1
0 6 4 18 6 4 17 1
0 21 23 27 20 22 26 1
0 12 28 13 12 27 13 1
0 28 27 13 27 26 13 1
0 13 27 23 13 26 22 1
0 29 30 31 28 29 29 1
0 30 32 31 29 30 29 1
0 33 34 35 31 32 32 1
0 34 36 35 32 30 32 1
0 37 38 39 9 9 9 1
0 38 40 39 9 9 9 1
"Mesh13" 0 2
8
0 -7.337428 0.000001 -1.750003 0.004803 0.995157 -1
0 -3.737427 0.000001 -1.750003 0.987252 0.995157 -1
0 -7.337428 0.000001 -5.350003 0.004803 0.025956 -1
0 -3.737419 -0.000001 -5.350006 0.987254 0.025956 -1
0 -7.337428 0.000001 5.449996 0.004388 0.029730 -1
0 -3.737427 0.000001 5.449994 0.990563 0.029730 -1
0 -7.337428 0.000001 1.849995 0.004388 0.994506 -1
0 -3.737427 0.000001 1.849995 0.990563 0.994506 -1
3
0.000000 1.000000 0.000000
0.000000 1.000000 -0.000000
0.000001 1.000000 -0.000001
4
0 0 1 2 0 1 1 1
0 1 3 2 1 2 1 1
0 4 5 6 0 0 0 1
0 5 7 6 0 0 0 1
"Mesh14" 0 1
4
0 -10.937404 -0.000001 1.849991 0.008495 0.023721 -1
0 -7.337428 0.000001 1.849995 0.009698 0.989760 -1
0 -10.937428 0.000001 -1.750004 0.991336 0.022377 -1
0 -7.337428 0.000001 -1.750003 0.992539 0.988423 -1
3
-0.000001 1.000000 0.000001
-0.000000 1.000000 0.000000
0.000000 1.000000 0.000000
2
0 0 1 2 0 1 1 1
0 1 3 2 1 2 1 1
"Mesh15" 0 2
8
0 -7.337428 0.000001 -1.750003 0.004803 0.995157 -1
0 -3.737427 0.000001 -1.750003 0.987252 0.995157 -1
0 -7.337428 0.000001 -5.350003 0.004803 0.025956 -1
0 -3.737419 -0.000001 -5.350006 0.987254 0.025956 -1
0 -7.337428 0.000001 5.449996 0.004388 0.029730 -1
0 -3.737427 0.000001 5.449994 0.990563 0.029730 -1
0 -7.337428 0.000001 1.849995 0.004388 0.994506 -1
0 -3.737427 0.000001 1.849995 0.990563 0.994506 -1
3
0.000000 1.000000 0.000000
0.000000 1.000000 -0.000000
0.000001 1.000000 -0.000001
4
0 0 1 2 0 1 1 1
0 1 3 2 1 2 1 1
0 4 5 6 0 0 0 1
0 5 7 6 0 0 0 1
"Mesh16" 0 0
44
0 -11.154855 0.179999 -1.749968 0.306309 0.200593 -1
0 -11.154823 0.180001 -5.633456 0.165694 0.200592 -1
0 -11.154855 -0.275002 -1.749968 0.306309 0.377045 -1
0 -11.154823 -0.275000 -5.633456 0.165694 0.377044 -1
0 -7.337411 -1.640002 -5.633455 0.394430 0.123309 -1
0 -11.154823 -1.640000 -5.633456 0.058584 0.123308 -1
0 -7.337411 -0.275002 -5.633455 0.394430 0.184560 -1
0 -11.154823 -0.275000 -5.633456 0.058584 0.184559 -1
0 -11.154855 -0.275002 -1.749968 0.281251 0.193595 -1
0 -11.154823 -0.275000 -5.633456 0.031291 0.300780 -1
0 -11.154855 -1.640002 -1.749968 0.281251 0.874999 -1
0 -11.154823 -1.640000 -5.633456 0.031291 0.874998 -1
0 -7.337411 -0.275002 -5.633455 0.443927 0.377045 -1
0 -11.154823 -0.275000 -5.633456 0.415691 0.377044 -1
0 -7.337411 0.179999 -5.633455 0.443927 0.200593 -1
0 -11.154823 0.180001 -5.633456 0.415691 0.200592 -1
0 -3.737419 -1.640002 -5.633455 0.657751 0.123309 -1
0 -3.737419 -0.275002 -5.633455 0.657751 0.184560 -1
0 -3.737419 -0.275002 -5.633455 0.418048 0.377045 -1
0 -3.737419 0.179999 -5.633455 0.418048 0.200593 -1
0 -3.737419 -0.275002 7.320680 0.648856 0.193595 -1
0 -7.337411 -0.275002 7.322415 0.361029 0.193595 -1
0 -3.737419 -1.640002 7.320680 0.648856 0.874999 -1
0 -7.337411 -1.640002 7.322415 0.361029 0.874999 -1
0 -3.737419 0.179999 7.320680 0.418048 0.200593 -1
0 -7.337411 0.179999 7.322427 0.443927 0.200593 -1
0 -3.737419 -0.275002 7.320680 0.418048 0.377045 -1
0 -7.337411 -0.275002 7.322415 0.443927 0.377045 -1
0 -8.376324 0.179997 7.322850 0.185352 0.200594 -1
0 -8.376324 -0.275003 7.322846 0.185352 0.377046 -1
0 -8.376324 -0.275003 7.322846 0.944911 0.193595 -1
0 -8.376324 -1.640004 7.322846 0.944911 0.875000 -1
0 -11.154823 -1.640003 5.678813 0.936695 0.875000 -1
0 -11.154823 -0.275003 5.678813 0.936695 0.193595 -1
0 -11.154855 -1.640002 1.849935 0.593750 0.874999 -1
0 -11.154823 -1.640003 5.678813 0.906294 0.875000 -1
0 -11.154855 -0.275002 1.849935 0.593750 0.193595 -1
0 -11.154823 -0.275003 5.678813 0.906294 0.193595 -1
0 -11.154855 -0.275002 1.849935 0.509435 0.377045 -1
0 -11.154823 -0.275003 5.678813 0.775068 0.377046 -1
0 -11.154855 0.179999 1.849935 0.509435 0.200593 -1
0 -11.154823 0.179998 5.678815 0.775068 0.200593 -1
0 -11.154823 -0.275003 5.678813 0.415691 0.377046 -1
0 -11.154823 0.179998 5.678815 0.415691 0.200593 -1
33
-1.000000 0.000000 -0.000003
-1.000000 0.000000 -0.000008
-1.000000 0.000000 -0.000005
0.000000 0.000000 -1.000000
0.000000 0.000000 -1.000000
0.000000 0.000000 -1.000000
-1.000000 0.000000 -0.000008
-1.000000 0.000000 -0.000005
0.000000 0.000000 -1.000000
0.000000 0.000000 -1.000000
0.000000 0.000000 -1.000000
0.000000 0.000000 -1.000000
0.000482 0.000000 1.000000
0.000460 0.000000 1.000000
0.000437 0.000000 1.000000
0.000485 0.000000 1.000000
0.000458 -0.000017 1.000000
0.000484 -0.000013 1.000000
0.000435 -0.000021 1.000000
-0.174985 -0.000015 0.984571
-0.350393 -0.000007 0.936603
-0.174982 0.000000 0.984572
-0.350393 0.000000 0.936603
-0.509233 0.000000 0.860629
-0.509233 0.000000 0.860629
-1.000000 0.000000 0.000003
-1.000000 0.000000 0.000008
-1.000000 0.000000 0.000005
-1.000000 -0.000000 0.000008
-1.000000 -0.000000 0.000005
-1.000000 -0.000000 0.000008
-0.509233 -0.000004 0.860629
-0.509233 -0.000006 0.860629
32
0 0 1 2 0 1 2 1
0 1 3 2 1 1 2 1
0 4 5 6 3 4 5 1
0 5 7 6 4 4 5 1
0 8 9 10 0 6 7 1
0 9 11 10 6 6 7 1
0 12 13 14 8 9 10 1
0 13 15 14 9 9 10 1
0 16 4 17 11 3 11 1
0 4 6 17 3 5 11 1
0 18 12 19 11 8 11 1
0 12 14 19 8 10 11 1
0 20 21 22 12 13 12 1
0 21 23 22 13 14 12 1
0 24 25 26 15 16 17 1
0 25 27 26 16 18 17 1
0 25 28 27 16 19 18 1
0 28 29 27 19 20 18 1
0 21 30 23 13 21 14 1
0 30 31 23 21 22 14 1
0 32 31 33 23 22 24 1
0 31 30 33 22 21 24 1
0 34 35 36 25 26 27 1
0 35 37 36 26 26 27 1
0 38 39 40 25 28 29 1
0 39 41 40 28 30 29 1
0 42 29 43 31 20 32 1
0 29 28 43 20 19 32 1
0 40 0 38 29 0 25 1
0 0 2 38 0 2 25 1
0 36 8 34 27 0 25 1
0 8 10 34 0 7 25 1
"Mesh17" 0 0
44
0 -11.154855 0.179999 -1.749968 0.306309 0.200593 -1
0 -11.154823 0.180001 -5.633456 0.165694 0.200592 -1
0 -11.154855 -0.275002 -1.749968 0.306309 0.377045 -1
0 -11.154823 -0.275000 -5.633456 0.165694 0.377044 -1
0 -7.337411 -1.640002 -5.633455 0.394430 0.123309 -1
0 -11.154823 -1.640000 -5.633456 0.058584 0.123308 -1
0 -7.337411 -0.275002 -5.633455 0.394430 0.184560 -1
0 -11.154823 -0.275000 -5.633456 0.058584 0.184559 -1
0 -11.154855 -0.275002 -1.749968 0.281251 0.193595 -1
0 -11.154823 -0.275000 -5.633456 0.031291 0.300780 -1
0 -11.154855 -1.640002 -1.749968 0.281251 0.874999 -1
0 -11.154823 -1.640000 -5.633456 0.031291 0.874998 -1
0 -7.337411 -0.275002 -5.633455 0.443927 0.377045 -1
0 -11.154823 -0.275000 -5.633456 0.415691 0.377044 -1
0 -7.337411 0.179999 -5.633455 0.443927 0.200593 -1
0 -11.154823 0.180001 -5.633456 0.415691 0.200592 -1
0 -3.737419 -1.640002 -5.633455 0.657751 0.123309 -1
0 -3.737419 -0.275002 -5.633455 0.657751 0.184560 -1
0 -3.737419 -0.275002 -5.633455 0.418048 0.377045 -1
0 -3.737419 0.179999 -5.633455 0.418048 0.200593 -1
0 -3.737419 -0.275002 7.320680 0.648856 0.193595 -1
0 -7.337411 -0.275002 7.322415 0.361029 0.193595 -1
0 -3.737419 -1.640002 7.320680 0.648856 0.874999 -1
0 -7.337411 -1.640002 7.322415 0.361029 0.874999 -1
0 -3.737419 0.179999 7.320680 0.418048 0.200593 -1
0 -7.337411 0.179999 7.322427 0.443927 0.200593 -1
0 -3.737419 -0.275002 7.320680 0.418048 0.377045 -1
0 -7.337411 -0.275002 7.322415 0.443927 0.377045 -1
0 -8.376324 0.179997 7.322850 0.185352 0.200594 -1
0 -8.376324 -0.275003 7.322846 0.185352 0.377046 -1
0 -8.376324 -0.275003 7.322846 0.944911 0.193595 -1
0 -8.376324 -1.640004 7.322846 0.944911 0.875000 -1
0 -11.154823 -1.640003 5.678813 0.936695 0.875000 -1
0 -11.154823 -0.275003 5.678813 0.936695 0.193595 -1
0 -11.154855 -1.640002 1.849935 0.593750 0.874999 -1
0 -11.154823 -1.640003 5.678813 0.906294 0.875000 -1
0 -11.154855 -0.275002 1.849935 0.593750 0.193595 -1
0 -11.154823 -0.275003 5.678813 0.906294 0.193595 -1
0 -11.154855 -0.275002 1.849935 0.509435 0.377045 -1
0 -11.154823 -0.275003 5.678813 0.775068 0.377046 -1
0 -11.154855 0.179999 1.849935 0.509435 0.200593 -1
0 -11.154823 0.179998 5.678815 0.775068 0.200593 -1
0 -11.154823 -0.275003 5.678813 0.415691 0.377046 -1
0 -11.154823 0.179998 5.678815 0.415691 0.200593 -1
33
-1.000000 0.000000 -0.000003
-1.000000 0.000000 -0.000008
-1.000000 0.000000 -0.000005
0.000000 0.000000 -1.000000
0.000000 0.000000 -1.000000
0.000000 0.000000 -1.000000
-1.000000 0.000000 -0.000008
-1.000000 0.000000 -0.000005
0.000000 0.000000 -1.000000
0.000000 0.000000 -1.000000
0.000000 0.000000 -1.000000
0.000000 0.000000 -1.000000
0.000482 0.000000 1.000000
0.000460 0.000000 1.000000
0.000437 0.000000 1.000000
0.000485 0.000000 1.000000
0.000458 -0.000017 1.000000
0.000484 -0.000013 1.000000
0.000435 -0.000021 1.000000
-0.174985 -0.000015 0.984571
-0.350393 -0.000007 0.936603
-0.174982 0.000000 0.984572
-0.350393 0.000000 0.936603
-0.509233 0.000000 0.860629
-0.509233 0.000000 0.860629
-1.000000 0.000000 0.000003
-1.000000 0.000000 0.000008
-1.000000 0.000000 0.000005
-1.000000 -0.000000 0.000008
-1.000000 -0.000000 0.000005
-1.000000 -0.000000 0.000008
-0.509233 -0.000004 0.860629
-0.509233 -0.000006 0.860629
32
0 0 1 2 0 1 2 1
0 1 3 2 1 1 2 1
0 4 5 6 3 4 5 1
0 5 7 6 4 4 5 1
0 8 9 10 0 6 7 1
0 9 11 10 6 6 7 1
0 12 13 14 8 9 10 1
0 13 15 14 9 9 10 1
0 16 4 17 11 3 11 1
0 4 6 17 3 5 11 1
0 18 12 19 11 8 11 1
0 12 14 19 8 10 11 1
0 20 21 22 12 13 12 1
0 21 23 22 13 14 12 1
0 24 25 26 15 16 17 1
0 25 27 26 16 18 17 1
0 25 28 27 16 19 18 1
0 28 29 27 19 20 18 1
0 21 30 23 13 21 14 1
0 30 31 23 21 22 14 1
0 32 31 33 23 22 24 1
0 31 30 33 22 21 24 1
0 34 35 36 25 26 27 1
0 35 37 36 26 26 27 1
0 38 39 40 25 28 29 1
0 39 41 40 28 30 29 1
0 42 29 43 31 20 32 1
0 29 28 43 20 19 32 1
0 40 0 38 29 0 25 1
0 0 2 38 0 2 25 1
0 36 8 34 27 0 25 1
0 8 10 34 0 7 25 1
"backbar1" 0 3
0
0
0
"backbar2" 0 3
0
0
0

Materials: 4
"metal"
1.000000 1.000000 1.000000 1.000000
1.000000 1.000000 1.000000 1.000000
0.898039 0.898039 0.898039 1.000000
0.000000 0.000000 0.000000 1.000000
56294991986688.000000
1.000000
"MetalPanel.png"
""
"blue panel"
1.000000 1.000000 1.000000 1.000000
1.000000 1.000000 1.000000 1.000000
0.898039 0.898039 0.898039 1.000000
0.000000 0.000000 0.000000 1.000000
56294991986688.000000
1.000000
"Arrow-Blue.png"
""
"red panel"
1.000000 1.000000 1.000000 1.000000
1.000000 1.000000 1.000000 1.000000
0.898039 0.898039 0.898039 1.000000
0.000000 0.000000 0.000000 1.000000
56294991986688.000000
1.000000
"Arrow-Red.png"
""
"backbar"
0.700000 0.000000 0.700000 1.000000
0.700000 0.000000 0.700000 1.000000
0.898039 0.898039 0.898039 1.000000
0.000000 0.000000 0.000000 1.000000
56294991986688.000000
1.000000
""
""

Bones: 0
