#TITLE:ONLY YOU;
#SUBTITLE:;
#ARTIST:CAPTAIN JACK;
#TITLETRANSLIT:;
#SUBTITLETRANSLIT:;
#ARTISTTRANSLIT:;
#CREDIT:;
#BANNER:ONLY YOU.png;
#BACKGROUND:ONLY YOU-bg.png;
#LYRICSPATH:;
#CDTITLE:./CDTITLES/DANCE MANIA BASS 6.PNG;
#MUSIC:ONLY YOU.mp3;
#OFFSET:-1.034;
#SAMPLESTART:20.900;
#SAMPLELENGTH:12.000;
#SELECTABLE:YES;
#BPMS:0.000=93.000;
#STOPS:;
#BGCHANGES:;
// cache tags:
#FIRSTBEAT:15.000;
#LASTBEAT:126.000;
#SONGFILENAME:Songs/DDI/ONLY YOU/ONLY YOU.sm;
#HASMUSIC:1;
#HASBANNER:1;
#MUSICLENGTH:82.660;
// end cache tags

//---------------dance-single - ----------------
#NOTES:
     dance-single:
     :
     Easy:
     2:
     0.164,0.171,0.012,0.000,0.000,94.000,1.000,0.000,0.000,0.000:  // measure 1
0000
0000
0000
0000
,  // measure 2
0000
0000
0000
0000
,  // measure 3
0000
0000
0000
0000
,  // measure 4
0000
0000
0000
0000
,  // measure 5
0010
0010
0010
0010
,  // measure 6
0001
0001
0001
0001
,  // measure 7
1000
1000
1000
1000
,  // measure 8
0100
0000
0000
0000
,  // measure 9
1000
0001
1000
0001
,  // measure 10
1000
0001
1000
0001
,  // measure 11
0010
0100
0010
0100
,  // measure 12
0010
0000
0000
0000
,  // measure 13
0001
0001
1000
1000
,  // measure 14
0100
0100
0010
0010
,  // measure 15
0001
1000
0100
0010
,  // measure 16
0001
0000
0000
0000
,  // measure 17
1000
1000
0100
0000
,  // measure 18
0010
0010
0001
0000
,  // measure 19
0100
0100
0010
0000
,  // measure 20
1000
1000
0001
0000
,  // measure 21
1000
1000
0100
0100
,  // measure 22
0010
0010
0001
0001
,  // measure 23
0100
0100
0010
0010
,  // measure 24
1000
1000
0001
0001
,  // measure 25
1000
0001
1000
0001
,  // measure 26
0010
0100
0010
0100
,  // measure 27
1000
0001
1000
0001
,  // measure 28
0100
0000
0000
0000
,  // measure 29
0001
0010
0100
1000
,  // measure 30
0100
0010
0001
0010
,  // measure 31
0100
1000
0100
0010
,  // measure 32
0001
0000
1001
0000
;

//---------------dance-single - ----------------
#NOTES:
     dance-single:
     :
     Medium:
     4:
     0.200,0.248,0.073,0.000,0.000,110.000,6.000,0.000,0.000,0.000:  // measure 1
0000
0000
0000
0000
,  // measure 2
0000
0000
0000
0000
,  // measure 3
0000
0000
0000
0000
,  // measure 4
0000
0000
0000
0000
,  // measure 5
0000
1000
0001
0000
1000
0000
1000
0000
,  // measure 6
0000
0100
0010
0000
0100
0000
0100
0000
,  // measure 7
0000
1000
0001
0000
0010
0000
0010
0000
,  // measure 8
0100
0000
0100
0000
,  // measure 9
0000
1000
0001
0000
1000
0000
1000
0000
,  // measure 10
0000
0010
0100
0000
0010
0000
0010
0000
,  // measure 11
0000
1000
0001
0000
0100
0000
0100
0000
,  // measure 12
0001
0010
0100
1000
,  // measure 13
0000
0001
1000
0000
0001
0000
0001
0000
,  // measure 14
0000
0100
0010
0000
0100
0000
0100
0000
,  // measure 15
0000
0001
1000
0000
0010
0000
0010
0000
,  // measure 16
0100
0000
1001
0000
,  // measure 17
0001
0000
1000
0000
0001
1000
0000
0000
,  // measure 18
0010
0000
0100
0000
0010
0100
0000
0000
,  // measure 19
0001
0000
0010
0000
0001
0010
0000
0000
,  // measure 20
0100
0000
1000
0000
0100
1000
0000
0000
,  // measure 21
0001
0001
1001
0000
1000
0001
0000
0000
,  // measure 22
1000
1000
1001
0000
0010
0100
0000
0000
,  // measure 23
0010
0010
0110
0000
0001
0010
0000
0000
,  // measure 24
0100
0100
1100
0000
0100
1000
0000
0000
,  // measure 25
0000
0001
1000
0000
0001
0000
0001
0000
,  // measure 26
0000
0100
0010
0000
0100
0000
0100
0000
,  // measure 27
0000
0001
1000
0000
0010
0000
0010
0000
,  // measure 28
0100
0001
1000
0001
,  // measure 29
0000
1000
0001
0000
1000
0000
1000
0000
,  // measure 30
0000
0010
0100
0000
0010
0000
0010
0000
,  // measure 31
0000
1000
0001
0000
0100
0000
0100
0000
,  // measure 32
0001
0000
1001
0000
;

//---------------dance-single - ----------------
#NOTES:
     dance-single:
     :
     Hard:
     7:
     0.363,0.362,0.036,0.000,0.139,207.000,3.000,0.000,0.000,0.000:  // measure 1
0000
0000
0000
0000
,  // measure 2
0000
0000
0000
0000
,  // measure 3
0000
0000
0000
0000
,  // measure 4
0000
0000
0000
0000
,  // measure 5
1000
0000
0010
0000
1000
0000
0010
1000
0010
0000
1000
0000
0010
0000
0100
0000
,  // measure 6
0001
0000
0100
0000
0001
0000
0100
0001
0100
0000
0001
0000
0100
0000
0010
0000
,  // measure 7
1000
0000
0010
0000
1000
0000
0010
1000
0010
0000
1000
0000
0010
0000
0100
0000
,  // measure 8
0001
0000
0000
0000
0000
1000
0100
1000
0100
0000
0000
0000
0000
0000
0000
0000
,  // measure 9
0001
0000
0010
0000
0001
0000
0010
0001
0010
0000
0001
0000
0010
0000
0100
0000
,  // measure 10
1000
0000
0100
0000
1000
0000
0100
1000
0100
0000
1000
0000
0100
0000
0010
0000
,  // measure 11
0001
0000
0010
0000
0001
0000
0010
0001
0010
0000
0001
0000
0010
0000
0100
0000
,  // measure 12
1000
0000
0100
0000
1000
0000
0100
1000
0100
0000
1000
0000
0100
0000
0010
0000
,  // measure 13
0001
0000
1000
0000
0100
0000
1000
0001
0100
0000
0001
0000
1000
0000
0100
0000
,  // measure 14
1000
0000
0001
0000
0010
0000
0001
1000
0010
0000
1000
0000
0001
0000
0010
0000
,  // measure 15
0001
0000
1000
0000
0100
0000
1000
0001
0100
0000
0001
0000
1000
0000
0100
0000
,  // measure 16
0010
0000
0000
0000
0000
0001
0100
0001
0100
0000
0000
0000
0000
0000
0000
0000
,  // measure 17
1000
1000
0001
0001
0100
0100
0000
0000
,  // measure 18
0010
0010
1000
1000
0001
0001
0000
0000
,  // measure 19
0100
0100
0010
0010
1000
1000
0000
0000
,  // measure 20
0001
0000
0100
0000
0010
1000
0010
1000
,  // measure 21
0001
0100
0010
0000
,  // measure 22
1000
0000
0001
0000
0100
0001
0100
0001
,  // measure 23
1000
0001
0100
0000
,  // measure 24
1001
1001
1001
0000
,  // measure 25
0001
0000
0010
0000
0001
0000
0010
0001
0010
0000
0001
0000
0010
0000
0100
0000
,  // measure 26
1000
0000
0100
0000
1000
0000
0100
1000
0100
0000
1000
0000
0100
0000
0010
0000
,  // measure 27
0001
0000
0010
0000
0001
0000
0010
0001
0010
0000
0001
0000
0010
0000
0100
0000
,  // measure 28
1000
0000
0100
0000
1000
0000
0100
1000
0100
0000
1000
0000
0100
0000
0010
0000
,  // measure 29
0001
0000
1000
0000
0100
0000
1000
0001
0100
0000
0001
0000
1000
0000
0100
0000
,  // measure 30
1000
0000
0001
0000
0010
0000
0001
1000
0010
0000
1000
0000
0001
0000
0010
0000
,  // measure 31
0001
0000
1000
0000
0100
0000
1000
0001
0100
0000
0001
0000
1000
0000
0100
0000
,  // measure 32
0010
0000
0000
0000
0000
0001
0100
0001
0100
0000
0000
0000
0000
0000
0000
0000
;

//---------------dance-double - ----------------
#NOTES:
     dance-double:
     :
     Easy:
     3:
     0.185,0.210,0.085,0.000,0.000,100.000,7.000,0.000,0.000,0.000:  // measure 1
00000000
00000000
00000000
00000000
,  // measure 2
00000000
00000000
00000000
00000000
,  // measure 3
00000000
00000000
00000000
00000000
,  // measure 4
00000000
00000000
00000000
00000000
,  // measure 5
10000000
10000000
00010000
00010000
,  // measure 6
00100000
00100000
00001000
00001000
,  // measure 7
00010000
00010000
00000010
00000010
,  // measure 8
00001000
00000000
00000000
00000000
,  // measure 9
00000001
00000001
00000100
00000100
,  // measure 10
00000010
00000010
00010000
00010000
,  // measure 11
00001000
00001000
01000000
01000000
,  // measure 12
00010000
10000000
01000000
00100000
,  // measure 13
00010000
00010000
01000000
01000000
,  // measure 14
00001000
00001000
00010000
00010000
,  // measure 15
00000100
00000100
00001000
00001000
,  // measure 16
00000001
00000000
00000000
00000000
,  // measure 17
00001000
00000010
00001000
00000000
,  // measure 18
00000100
00010000
00000100
00000000
,  // measure 19
00010000
00001000
00010000
00000000
,  // measure 20
00001000
01000000
00001000
00000000
,  // measure 21
00100000
00010000
00100000
00010000
,  // measure 22
10000000
00010000
10000000
00010000
,  // measure 23
01000000
00001000
01000000
00001000
,  // measure 24
00010000
00000010
00010000
00000010
,  // measure 25
00001000
00000001
00001000
00001001
,  // measure 26
00000010
00010000
00001000
00011000
,  // measure 27
01000000
00010000
10000000
10010000
,  // measure 28
00100000
00100000
00001000
00001000
,  // measure 29
00010000
00000010
00000100
00000110
,  // measure 30
00000001
00001000
00000010
00011000
,  // measure 31
00100000
01000000
00010000
10010000
,  // measure 32
00010000
00000000
00011000
00000000
;

//---------------dance-double - ----------------
#NOTES:
     dance-double:
     :
     Medium:
     6:
     0.264,0.286,0.036,0.000,0.012,150.000,3.000,0.000,0.000,0.000:  // measure 1
00000000
00000000
00000000
00000000
,  // measure 2
00000000
00000000
00000000
00000000
,  // measure 3
00000000
00000000
00000000
00000000
,  // measure 4
00000000
00000000
00000000
00000000
00000000
00000000
00010000
00010000
,  // measure 5
10000000
01000000
00100000
00010000
,  // measure 6
00100000
00000000
00001000
00000000
00010000
00000000
00000100
00000100
,  // measure 7
00001000
00000010
00000100
00000001
,  // measure 8
00001000
00000000
00000000
00000000
00000000
00000000
00000010
00000000
00000001
00000010
00000000
00000000
00000001
00000000
00000001
00000000
,  // measure 9
00001000
00000100
00010000
00001000
,  // measure 10
00100000
00000000
00010000
00000000
01000000
00000000
00100000
00100000
,  // measure 11
10000000
00010000
01000000
00001000
,  // measure 12
00010000
00000000
00000100
00000000
00001000
00000000
00000001
00000001
,  // measure 13
00000100
00000000
00000010
00000000
00010000
00001000
01000000
00000000
,  // measure 14
00010000
00000000
10000000
00000000
01000000
00100000
00010000
00010000
,  // measure 15
10000000
00100000
01000000
00100000
,  // measure 16
01100000
00000000
00000000
00000000
00001000
00000000
00010000
00001000
00000000
00000000
00000000
00000000
00000000
00000000
00000000
00000000
,  // measure 17
00010000
00001000
00010000
00000010
00001000
00001000
00000000
00000000
,  // measure 18
00000100
00001000
00000100
00010000
00001000
00001000
00000000
00000000
,  // measure 19
01000000
00010000
01000000
00100000
10000000
10000000
00000000
00000000
,  // measure 20
00100000
10000000
00100000
01000000
00010000
00010000
00000000
00000000
,  // measure 21
00100000
00001000
00010000
00000000
00000100
00000100
00000100
00000000
,  // measure 22
00001000
00000001
00001000
00000000
00000010
00000010
00000010
00000000
,  // measure 23
00010000
00001000
00100000
00000000
01000000
01000000
01000000
00000000
,  // measure 24
10000000
00010000
01000000
00100000
10000000
00010000
01000000
01000000
,  // measure 25
00001000
00000000
00100000
00000000
00001000
00010000
00000100
00000000
,  // measure 26
00000010
00000000
00000001
00000000
00001000
00000100
00000010
00000010
,  // measure 27
00000001
00000000
00001000
00000000
00000100
00010000
00001000
00000000
,  // measure 28
01000000
00000000
00100000
00000000
10000000
00010000
10000000
10000000
,  // measure 29
01000000
00000000
00100000
00000000
00010000
01000000
00001000
00000000
,  // measure 30
00010000
00000000
00000010
00000000
00000100
00000001
00001000
00001000
,  // measure 31
00000010
00000000
00000100
00000000
00000001
00000001
00000100
00000100
,  // measure 32
00001001
00010000
00011000
00000000
;

//---------------dance-double - ----------------
#NOTES:
     dance-double:
     :
     Hard:
     8:
     0.370,0.362,0.048,0.000,0.091,210.000,4.000,0.000,0.000,0.000:  // measure 1
00000000
00000000
00000000
00000000
,  // measure 2
00000000
00000000
00000000
00000000
,  // measure 3
00000000
00000000
00000000
00000000
,  // measure 4
00000000
00000000
00000000
00000000
,  // measure 5
10000000
00000000
01000000
00000000
10000000
00000000
01000000
00100000
00010000
00000000
01000000
00000000
00010000
00000000
01000000
00000000
,  // measure 6
00001000
00000000
00010000
00000000
00000100
00000000
00000010
00000001
00001000
00000000
00000100
00000000
00001000
00000000
00000001
00000000
,  // measure 7
00000100
00000000
00000010
00000000
00010000
00000000
00001000
01000000
00100000
00000000
10000000
00000000
00100000
00000000
01000000
00000000
,  // measure 8
00010000
01000000
10010000
00000000
,  // measure 9
00010000
00000000
00000100
00000000
00010000
00000000
00000100
00000010
00000001
00000000
00000100
00000000
00000001
00000000
00000100
00000000
,  // measure 10
00001000
00000000
00010000
00000000
00001000
00000000
01000000
00010000
10000000
00000000
01000000
00000000
10000000
00000000
00010000
00000000
,  // measure 11
01000000
00000000
00001000
00000000
00010000
00000000
00000010
00000100
00000001
00000000
00001000
00000000
00000010
00000000
00010000
00000000
,  // measure 12
00001000
00100000
00010000
01000000
,  // measure 13
10000000
00000000
01000000
00000000
10000000
00000000
01000000
00100000
00010000
00000000
01000000
00000000
00010000
00000000
01000000
00000000
,  // measure 14
00001000
00000000
00010000
00000000
00000100
00000000
00000010
00000001
00001000
00000000
00000100
00000000
00001000
00000000
00000001
00000000
,  // measure 15
00000100
00000000
00000010
00000000
00010000
00000000
00001000
01000000
00100000
00000000
10000000
00000000
00100000
00000000
01000000
00000000
,  // measure 16
00010000
01000000
10010000
00000000
,  // measure 17
01000000
00100000
01000000
00100000
10000000
00010000
01000000
00001000
,  // measure 18
00010000
00000100
00010000
00000100
00001000
00000001
00000100
00000010
,  // measure 19
00010000
00001000
00010000
00001000
01000000
00010000
10000000
00100000
,  // measure 20
01000000
00001000
01000000
00001000
00010000
00000000
00011000
00000000
,  // measure 21
00000010
00000010
00001000
00000001
00000100
00000010
00010000
00000000
,  // measure 22
00001000
00001000
01000000
00100000
10000000
00010000
10000000
00000000
,  // measure 23
01000000
01000000
00010000
00100000
00001000
00010000
00000100
00000000
,  // measure 24
00001000
00000001
00000100
00000010
00001000
00000001
00000100
00000000
,  // measure 25
00001000
00000000
01000000
00000000
00001000
00000000
01000000
00100000
10000000
00000000
01000000
00000000
10000000
00000000
01000000
00000000
,  // measure 26
00010000
00000000
00001000
00000000
00010000
00000000
00000100
00001000
00000001
00000000
00000100
00000000
00000001
00000000
00001000
00000000
,  // measure 27
00000100
00000000
00010000
00000000
00001000
00000000
00100000
01000000
10000000
00000000
00010000
00000000
00100000
00000000
00001000
00000000
,  // measure 28
00010000
00000010
00001000
00000100
,  // measure 29
00000001
00000000
00000100
00000000
00000001
00000000
00000100
00000010
00001000
00000000
00000100
00000000
00001000
00000000
00000100
00000000
,  // measure 30
00010000
00000000
00001000
00000000
01000000
00000000
00100000
10000000
00010000
00000000
01000000
00000000
00010000
00000000
10000000
00000000
,  // measure 31
01000000
00000000
00100000
00000000
00001000
00000000
00010000
00000100
00000010
00000000
00000001
00000000
00000010
00000000
00000100
00000000
,  // measure 32
00001000
00000100
00001001
00000000
;

//---------------dance-couple - ----------------
#NOTES:
     dance-couple:
     :
     Medium:
     5:
     0.373,0.610,0.823,0.000,0.000,130.000,68.000,0.000,0.000,11.000:  // measure 1
00000000
00000000
00000000
00000000
,  // measure 2
00000000
00000000
00000000
00000000
,  // measure 3
00000000
00000000
00000000
00000000
,  // measure 4
00000000
00000000
00000000
00000000
,  // measure 5
10000001
00010000
00100001
01000000
,  // measure 6
10000001
00010000
00100001
01000000
,  // measure 7
10000001
00010000
00100001
01000000
,  // measure 8
10010001
00010000
10010001
00000000
,  // measure 9
10001000
00000001
10000010
00000100
,  // measure 10
10001000
00000001
10000010
00000100
,  // measure 11
10001000
00000001
10000010
00000100
,  // measure 12
10001001
00000001
10001001
00000000
,  // measure 13
10001000
00010001
00100010
01000100
,  // measure 14
10001000
00010001
00100010
01000100
,  // measure 15
10001000
00010001
00100010
01000100
,  // measure 16
10011001
00010001
01100110
00000000
,  // measure 17
10000000
00000000
00010000
00000000
10000000
00010000
00000000
00000000
,  // measure 18
00001000
00000000
00000001
00000000
00001000
00000001
00000000
00000000
,  // measure 19
00100000
00000000
01000000
00000000
10000000
00010000
00000000
00000000
,  // measure 20
00000010
00000000
00000100
00000000
00001000
00000001
00000000
00000000
,  // measure 21
10000000
10000000
10010000
00000000
00001000
00001000
00001001
00000000
,  // measure 22
00100000
00100000
01100000
00000000
00000010
00000010
00000110
00000000
,  // measure 23
10001000
00010001
01100110
00000000
00100010
01000100
10011001
00000000
,  // measure 24
10001000
00100010
01000100
00010001
10001000
00010001
10011001
00000000
,  // measure 25
00000000
00010001
10000000
00000001
00010000
00000001
00010000
00000001
,  // measure 26
00000000
01000001
00100000
00000001
01000000
00000001
01000000
00000001
,  // measure 27
00000000
10000001
00001000
10000000
00000001
10000000
00000001
10000000
,  // measure 28
00000000
10000100
00000010
10000000
00000100
10000000
00000100
10000000
,  // measure 29
00000000
00010001
10001000
00000000
00100010
00000000
01000100
00000000
,  // measure 30
00000000
00010001
10001000
00000000
00100010
00000000
01000100
00000000
,  // measure 31
00000000
00010001
10001000
00000000
00010001
00010001
10001000
10001000
,  // measure 32
10011001
00000000
10011001
00000000
;

//---------------dance-solo - ----------------
#NOTES:
     dance-solo:
     :
     Easy:
     3:
     0.202,0.191,0.121,0.000,0.000,107.000,10.000,0.000,0.000,0.000:  // measure 1
000000
000000
000000
000000
,  // measure 2
000000
000000
000000
000000
,  // measure 3
000000
000000
000000
000000
,  // measure 4
000000
000000
000000
000000
,  // measure 5
100000
010000
100000
010000
,  // measure 6
001000
001000
001000
001100
,  // measure 7
000001
000010
000001
000010
,  // measure 8
000001
000001
000001
100001
,  // measure 9
010000
000010
010000
000010
,  // measure 10
100000
000001
001000
001100
,  // measure 11
100000
000001
100000
000001
,  // measure 12
010000
000010
010000
010010
,  // measure 13
001000
000100
001000
000001
,  // measure 14
100000
010000
100000
100001
,  // measure 15
000100
000010
000100
000010
,  // measure 16
100000
001000
100000
101000
,  // measure 17
100000
000001
100000
000000
,  // measure 18
000100
001000
000100
000000
,  // measure 19
100000
010000
100000
000000
,  // measure 20
000001
000010
000001
000000
,  // measure 21
100000
001000
000100
000001
,  // measure 22
000100
001000
100000
000001
,  // measure 23
010000
000010
100000
000001
,  // measure 24
001000
000010
010000
000100
,  // measure 25
010000
000010
010000
000010
,  // measure 26
100000
000001
001000
001100
,  // measure 27
100000
000001
100000
000001
,  // measure 28
010000
000010
010000
010010
,  // measure 29
001000
000100
001000
000001
,  // measure 30
100000
010000
100000
100001
,  // measure 31
000100
000010
000100
000010
,  // measure 32
100000
001000
101000
000000
;

//---------------dance-solo - ----------------
#NOTES:
     dance-solo:
     :
     Medium:
     5:
     0.247,0.267,0.048,0.000,0.091,139.000,4.000,0.000,0.000,0.000:  // measure 1
000000
000000
000000
000000
,  // measure 2
000000
000000
000000
000000
,  // measure 3
000000
000000
000000
000000
,  // measure 4
000000
000000
000000
000000
000000
000000
100000
000001
,  // measure 5
100000
000010
000000
000000
000000
001000
000100
100000
,  // measure 6
000001
000000
001000
000001
000000
000000
000000
000000
000000
000000
000000
100000
000100
000000
001000
000000
,  // measure 7
000001
000000
100000
000001
000000
000000
000000
000000
000010
000000
000001
000000
000010
000000
000001
000000
,  // measure 8
100000
000000
000000
000000
000000
000000
000001
100000
,  // measure 9
000001
010000
000000
000000
000000
001000
000100
000001
,  // measure 10
100000
000000
001000
100000
000000
000000
000000
000000
000000
000000
000000
000001
000100
000000
001000
000000
,  // measure 11
100000
000000
000001
100000
000000
000000
000000
000000
010000
000000
100000
000000
010000
000000
100000
000000
,  // measure 12
000001
000000
000000
000000
000000
000000
100000
000001
,  // measure 13
100000
000010
000000
000000
000000
001000
000100
100000
,  // measure 14
000001
000000
001000
000001
000000
000000
000000
000000
000000
000000
000000
100000
000100
000000
001000
000000
,  // measure 15
000001
000000
100000
000001
000000
000000
000000
000000
000010
000000
000001
000000
000010
000000
000001
000000
,  // measure 16
100000
000000
000000
000000
,  // measure 17
000001
000001
000001
000000
,  // measure 18
100000
100000
100000
000000
,  // measure 19
000010
000010
000010
000000
,  // measure 20
010000
010000
010000
000000
,  // measure 21
001000
001000
001000
000000
000000
000000
001100
000000
,  // measure 22
000100
000100
000100
000100
000100
000100
100001
000000
,  // measure 23
000001
000001
000001
000000
000000
000000
001100
000000
,  // measure 24
100000
000001
100000
000001
100000
000001
100000
000001
,  // measure 25
100000
000010
000000
000000
000000
001000
000100
100000
,  // measure 26
000001
000000
001000
000001
000000
000000
000000
000000
000000
000000
000000
100000
000100
000000
001000
000000
,  // measure 27
000001
000000
100000
000001
000000
000000
000000
000000
000010
000000
000001
000000
000010
000000
000001
000000
,  // measure 28
100000
000000
000000
000000
000000
000000
000001
100000
,  // measure 29
000001
010000
000000
000000
000000
001000
000100
000001
,  // measure 30
100000
000000
001000
100000
000000
000000
000000
000000
000000
000000
000000
000001
000100
000000
001000
000000
,  // measure 31
100000
000000
000001
100000
000000
000000
000000
000000
010000
000000
100000
000000
010000
000000
100000
000000
,  // measure 32
000001
000000
100001
000000
;

//---------------dance-solo - ----------------
#NOTES:
     dance-solo:
     :
     Hard:
     7:
     0.401,0.438,0.399,0.000,0.133,199.000,33.000,0.000,0.000,0.000:  // measure 1
000000
000000
000000
000000
,  // measure 2
000000
000000
000000
000000
,  // measure 3
000000
000000
000000
000000
,  // measure 4
000000
000000
000000
000000
,  // measure 5
000001
000000
101000
000000
000001
000000
000100
001000
100000
000000
101000
000000
100000
000000
000001
000000
,  // measure 6
100000
000000
001001
000000
100000
000000
000100
001000
000001
000000
001001
000000
000001
000000
100000
000000
,  // measure 7
000001
000000
101000
000000
000010
000000
001000
000001
100000
000000
100100
000000
100000
000000
000001
000000
,  // measure 8
010000
000000
000000
000100
100100
000000
000000
000000
,  // measure 9
100000
000000
101000
000000
100000
000000
000100
010000
000001
000000
001001
000000
000010
000000
000100
000000
,  // measure 10
000001
000000
001001
000000
000001
000000
000100
000010
100000
000000
101000
000000
010000
000000
000100
000000
,  // measure 11
100000
000000
010010
000000
000001
000000
100000
000001
001000
000000
001010
000000
001000
000000
010000
000000
,  // measure 12
100000
100000
000001
000001
010000
010000
000010
000010
,  // measure 13
100000
000000
001001
000000
100000
000000
000100
001000
000001
000000
001001
000000
000001
000000
100000
000000
,  // measure 14
000001
000000
101000
000000
000001
000000
000100
001000
100000
000000
101000
000000
100000
000000
000001
000000
,  // measure 15
100000
000000
001001
000000
010000
000000
001000
100000
000001
000000
000101
000000
000001
000000
100000
000000
,  // measure 16
000010
000000
000000
000100
000101
000000
000000
000000
,  // measure 17
000000
000000
001000
000000
000000
000000
000100
000000
000000
000000
001000
000000
000000
000000
010000
001000
,  // measure 18
000000
000000
100000
000000
000000
000000
000001
000000
000000
000000
100000
000000
000000
000000
000010
100000
,  // measure 19
000000
000000
000001
000000
000000
000000
000100
000000
000000
000000
000001
000000
000000
000000
010000
000001
,  // measure 20
000000
000000
001000
000000
000000
000000
000100
000000
000000
000000
001000
000000
000000
000000
000010
001000
,  // measure 21
000000
000000
000001
000000
000000
000000
100000
000000
000000
000000
000001
000000
000000
000000
010000
000001
,  // measure 22
000000
000000
000100
000000
000000
000000
001000
000000
000000
000000
000100
000000
000000
000000
001000
000100
,  // measure 23
000000
000000
010000
000000
000000
000000
000010
000000
000000
000000
010000
000000
000000
000000
000010
010000
,  // measure 24
000000
000001
000000
001000
000000
000001
000000
000001
,  // measure 25
100000
000000
101000
000000
100000
000000
000100
010000
000001
000000
001001
000000
000010
000000
000100
000000
,  // measure 26
000001
000000
001001
000000
000001
000000
000100
000010
100000
000000
101000
000000
010000
000000
000100
000000
,  // measure 27
100000
000000
010010
000000
000001
000000
100000
000001
001000
000000
001010
000000
001000
000000
010000
000000
,  // measure 28
100000
100000
000001
000001
010000
010000
000010
000010
,  // measure 29
100000
000000
001001
000000
100000
000000
000100
001000
000001
000000
001001
000000
000001
000000
100000
000000
,  // measure 30
000001
000000
101000
000000
000001
000000
000100
001000
100000
000000
101000
000000
100000
000000
000001
000000
,  // measure 31
100000
000000
001001
000000
010000
000000
001000
100000
000001
000000
000101
000000
000001
000000
100000
000000
,  // measure 32
000010
000000
000000
000100
000101
000000
000000
000000
;
