#TITLE:WHAT'S UP 2000;
#SUBTITLE:;
#ARTIST:DJ MIKO;
#TITLETRANSLIT:;
#SUBTITLETRANSLIT:;
#ARTISTTRANSLIT:;
#CREDIT:;
#BANNER:WHAT'S UP 2000.png;
#BACKGROUND:WHAT'S UP 2000-bg.png;
#LYRICSPATH:;
#CDTITLE:cd.png;
#MUSIC:WHAT'S UP 2000.mp3;
#OFFSET:-7.296;
#SAMPLESTART:71.095;
#SAMPLELENGTH:14.000;
#SELECTABLE:YES;
#BPMS:0.000=137.000;
#STOPS:;
#BGCHANGES:;
// cache tags:
#FIRSTBEAT:1.000;
#LASTBEAT:210.000;
#SONGFILENAME:Songs/Dance/WHAT'S UP 2000/WHAT'S UP 2000.sm;
#HASMUSIC:1;
#HASBANNER:1;
#MUSICLENGTH:103.810;
// end cache tags

//---------------dance-single - Basic----------------
#NOTES:
     dance-single:
     Basic:
     Easy:
     2:
     0.178,0.202,0.144,0.048,0.000,109.000,15.000,5.000,0.000,0.000:

0000
0000
0010
0000
,
0000
0000
0000
0000
,
0001
1000
0001
0000
,
0000
0000
2000
0000
,
0000
0000
3000
0010
,
0010
0000
1000
0100
,
1000
0000
0001
0001
,
0001
0000
0010
0000
,
0100
0000
0010
0000
,
0000
0000
0000
0100
,
0100
0100
0100
0000
,
0010
0000
1000
0000
,
0010
0000
1000
1000
,
1000
0000
0001
0100
,
0001
0000
0010
0010
,
0010
0000
1000
0000
,
0001
0000
1000
0000
,
0000
0000
0000
0100
,
0100
0100
0100
0000
,
0010
0000
0100
0000
,
0010
0000
0001
0000
,
1000
0000
0010
0010
,
0010
0000
0001
0000
,
0100
0000
1000
1000
,
1000
0000
0000
0010
,
0000
0000
0000
0000
,
0001
1000
0001
0000
,
0010
0000
1000
0000
,
0010
0000
1000
1000
,
1000
0000
0001
0000
,
0100
0000
0010
0100
,
0010
0000
1000
0100
,
1000
0000
2002
0000
,
0000
0000
3003
1000
,
0001
1000
0002
0000
,
0000
0000
0103
0000
,
0000
0000
1001
0000
,
0110
0000
1001
0000
,
0110
0000
1001
0000
,
0110
0000
1001
0000
,
0000
0010
0100
0000
,
0001
0000
0000
0010
,
0100
0010
0100
0000
,
0001
0000
0010
0000
,
0000
0000
1001
0000
,
0110
0000
1001
0000
,
0110
0000
1001
0000
,
0110
0000
1001
0000
,
0000
0010
0100
0000
,
1000
0000
0000
0100
,
0010
0100
0010
0000
,
0001
0000
0020
0000
,
0000
0000
0130
0000;

//---------------dance-single - Trick----------------
#NOTES:
     dance-single:
     Trick:
     Medium:
     5:
     0.296,0.329,0.212,0.029,0.000,190.000,22.000,3.000,0.000,0.000:











0000
1000
1000
0000
,
0100
0000
0001
0000
,
0010
0100
1000
0010
,
0001
0000
2002
0000
,
0000
0000
3003
1000
,
0001
0100
0010
0100
,
0001
0000
0000
0000
1000
0010
1000
0000
,
0100
0000
0001
1000
,
0010
0100
1000
0000
,
0001
0000
0010
0100
,
1000
0100
0001
0000
,
0010
0000
1000
0000
,
0100
0000
0010
1000
,
0001
0010
0100
0001
,
1000
0001
0100
1000
,
0100
0000
0001
0000
0010
1000
0010
0000
,
1000
0100
0001
0000
,
0001
0000
0000
0000
0001
0000
1000
0100
,
1000
0100
1000
0000
0100
0000
0000
0000
,
0010
0000
0100
0000
,
1000
0000
0001
0010
,
0100
0000
1000
0000
0001
0010
0001
0000
,
1000
0000
0100
0000
1000
0001
1000
0000
,
0100
0010
0001
0010
,
0010
1000
0100
0000
,
0001
0000
0100
0000
,
0001
0000
0010
0100
0010
0000
0001
0000
,
0001
1000
1000
0001
,
0001
0000
1000
0100
1000
0000
0001
0000
,
0100
0000
1000
0000
0001
0010
0001
0000
,
0010
0000
0001
0000
1000
0001
1000
0000
,
0010
0100
1000
0001
,
1000
0000
0001
0000
0000
0000
1000
0001
,
1000
0001
1000
0001
1000
0000
0011
0000
,
1000
1010
0011
0000
,
0010
0000
0000
0000
0010
0000
0100
0010
,
0000
0100
0000
0000
1001
0000
1000
0000
,
0101
0010
0110
1000
,
1100
0100
1001
0010
,
1001
0100
1001
0100
,
0100
0000
0010
1000
0010
0000
0001
0000
,
0010
0001
0010
0011
,
1000
0100
1100
0000
,
0100
0000
0000
0000
1000
0000
0001
1000
,
0000
0001
0000
0000
0011
0000
1000
0000
,
0110
0001
1100
0010
,
1001
0100
0011
1000
,
0101
1000
0011
0100
,
0010
0000
0100
1000
0100
0000
1000
0000
,
0100
1000
0100
0001
,
1010
0001
0110
0000
,
1000
0000
0002
0000
,
0000
0000
1003
0000;

//---------------dance-single - Maniac----------------
#NOTES:
     dance-single:
     Maniac:
     Hard:
     6:
     0.385,0.329,0.270,0.154,0.000,236.000,28.000,16.000,0.000,0.000:













0000
0000
1000
0001
1000
0000
0100
0000
,
0001
1000
0001
0100
,
0010
1001
0001
1000
,
0100
1001
0002
0000
,
0000
0000
0000
0000
0103
0000
0001
0010
,
0100
0000
1000
0000
0010
0100
0010
0000
,
0001
0000
1000
0000
0001
1000
0010
0100
,
0001
0100
0000
0000
0001
1000
0000
0100
,
0000
0001
0000
0100
0010
0000
1010
0000
,
0010
0000
0011
0000
1000
0000
0001
0010
,
0100
1000
0000
0001
0000
1000
0001
0000
,
0010
1000
0010
0100
,
0001
0000
0010
0100
0001
0100
0000
0100
,
0000
0010
1000
0001
1000
0010
0000
0100
,
0000
0001
1000
0010
0000
0100
0000
1000
,
0010
1000
0010
0000
0100
0001
0000
0100
,
0000
0010
0000
0001
1000
0000
0010
0000
,
0101
0000
0100
0000
1100
0000
0001
0100
,
0010
1000
0001
1000
0001
0000
1000
0000
,
0001
0010
0100
1000
,
0001
0010
0001
1000
0100
0000
0010
0000
,
1000
0000
0001
1000
0010
0100
0010
0100
,
0000
1000
0001
0000
1000
0010
1000
0100
,
0000
0001
0000
0100
0000
1000
0000
0100
,
0000
0001
0010
0000
1000
0000
0000
0010
,
1000
0001
0000
0000
0001
0000
0000
0010
,
0001
0010
0001
1000
0000
0100
0000
0000
,
1000
1000
0010
0010
,
0001
0000
0100
1000
0100
0000
0001
0010
,
0100
1000
0001
0100
0010
1000
0000
0100
,
0000
0010
0100
0000
0010
1000
0010
0100
,
0000
1000
0010
0100
0000
1001
0000
1001
,
0000
0100
0001
0000
1001
0000
1000
0010
,
0100
0001
1000
0010
0000
0000
1000
0000
,
0010
0100
0000
2002
0000
0000
0000
0000
,
0000
0000
0000
0000
3003
0000
1000
0001
,
0000
0110
0000
0000
2001
0000
0000
0010
,
3020
0000
0000
0100
0230
0000
0000
0301
,
0000
0101
0000
0000
0210
0000
0000
0010
,
0320
0000
0000
0100
0230
0000
0000
0000
,
0300
0010
0100
0001
0000
0000
1001
0000
,
1000
0000
1001
0000
0001
0000
1000
0010
,
0100
0001
0000
1100
0000
0000
0010
0000
,
1010
0000
0100
0000
0011
0000
0001
1000
,
0000
1010
0000
0000
1002
0000
0000
0100
,
0203
0000
0000
0010
0320
0000
0000
1030
,
0000
1010
0000
0000
0012
0000
0000
1000
,
2003
0000
0000
0001
3002
0000
0000
0003
,
0000
1000
0001
0010
0000
0000
0110
0000
,
0001
0000
1100
0000
0010
0000
0001
1000
,
0010
0100
0000
0110
0000
0000
1100
0000
,
0001
1010
0200
0000
,
0000
0000
0010
0010
0310
0000
0000
0000;
