#TITLE:NEVER ENDING STORY;
#SUBTITLE:;
#ARTIST:DJ-AC-DC;
#TITLETRANSLIT:;
#SUBTITLETRANSLIT:;
#ARTISTTRANSLIT:;
#CREDIT:;
#BANNER:NEVER ENDING STORY.png;
#BACKGROUND:NEVER ENDING STORY-bg.png;
#LYRICSPATH:;
#CDTITLE:./CDTITLES/DANCE MANIA 19.PNG;
#MUSIC:NEVER ENDING STORY.mp3;
#OFFSET:-0.035;
#SAMPLESTART:13.600;
#SAMPLELENGTH:12.000;
#SELECTABLE:YES;
#BPMS:0.000=140.000;
#STOPS:;
#BGCHANGES:;
// cache tags:
#FIRSTBEAT:8.000;
#LASTBEAT:208.000;
#SONGFILENAME:Songs/DDI/NEVER ENDING STORY/NEVER ENDING STORY.sm;
#HASMUSIC:1;
#HASBANNER:1;
#MUSICLENGTH:91.720;
// end cache tags

//---------------dance-single - ----------------
#NOTES:
     dance-single:
     :
     Easy:
     3:
     0.271,0.283,0.011,0.000,0.000,173.000,1.000,0.000,0.000,0.000:  // measure 1
0000
0000
0000
0000
,  // measure 2
0000
0000
0000
0000
,  // measure 3
0010
0000
0010
0000
,  // measure 4
0100
0000
0100
0000
,  // measure 5
0001
1000
0001
1000
,  // measure 6
0001
0100
0100
0100
,  // measure 7
0010
0100
0010
0100
,  // measure 8
0001
0010
0100
1000
,  // measure 9
1000
0001
0100
0000
,  // measure 10
0000
0000
0010
0100
,  // measure 11
1000
1000
0001
0001
,  // measure 12
1000
0100
0001
0000
,  // measure 13
0001
0010
0100
0000
,  // measure 14
0000
0000
1000
0100
,  // measure 15
0001
0100
0010
1000
,  // measure 16
0001
0010
0100
0000
,  // measure 17
0000
0100
0100
0001
,  // measure 18
1000
0001
1000
0000
,  // measure 19
1000
0100
0010
0001
,  // measure 20
1000
0010
0100
0001
,  // measure 21
1000
1000
0001
0010
,  // measure 22
0001
1000
0000
0000
,  // measure 23
0010
0000
0100
0000
,  // measure 24
1000
0100
0001
0100
,  // measure 25
1000
0100
0001
0100
,  // measure 26
1000
0100
0001
0100
,  // measure 27
0001
0001
0001
0001
,  // measure 28
1000
1000
1000
1000
,  // measure 29
0001
0100
1000
0100
,  // measure 30
0001
0100
1000
0100
,  // measure 31
0001
0100
1000
0100
,  // measure 32
0010
0100
0010
0000
,  // measure 33
0001
0001
1000
1000
,  // measure 34
0001
0001
1000
1000
,  // measure 35
0001
0010
0100
1000
,  // measure 36
0001
0010
0100
1000
,  // measure 37
0001
0000
0001
0000
,  // measure 38
1000
0100
0000
0000
,  // measure 39
0010
0010
0010
0010
,  // measure 40
0001
1000
0000
0000
,  // measure 41
1000
0100
0010
0000
,  // measure 42
1000
0001
0000
0000
,  // measure 43
0001
0010
0100
1000
,  // measure 44
0010
0100
0001
0010
,  // measure 45
0100
1000
0010
0100
,  // measure 46
0001
0010
0100
1000
,  // measure 47
0001
0100
0001
0100
,  // measure 48
1000
0100
1000
0100
,  // measure 49
0010
0001
0100
0010
,  // measure 50
1000
0100
0010
0001
,  // measure 51
1000
0001
1000
0100
,  // measure 52
0010
0001
0100
0010
,  // measure 53
1001
0000
0000
0000
;

//---------------dance-single - ----------------
#NOTES:
     dance-single:
     :
     Medium:
     6:
     0.388,0.482,0.294,0.000,0.000,222.000,27.000,0.000,0.000,0.000:  // measure 1
0000
0000
0000
0000
,  // measure 2
0000
0000
0000
0000
,  // measure 3
1000
0100
1000
0000
1000
0100
1000
0000
,  // measure 4
0001
0100
0001
0000
0001
0100
0001
0000
,  // measure 5
0100
1000
0100
0000
0100
0010
0100
0000
,  // measure 6
0100
0001
0100
0000
0010
0100
0010
0000
,  // measure 7
0001
0010
0001
0000
0001
0010
0001
0000
,  // measure 8
1000
0010
1000
0000
1000
0010
1000
0000
,  // measure 9
0001
0000
0000
0100
1000
0000
0000
0000
,  // measure 10
0000
0000
0000
0000
1000
0100
0001
0100
,  // measure 11
1000
0000
0000
0000
0000
1000
0001
0000
,  // measure 12
0000
1000
0100
0000
0010
0001
0000
0000
,  // measure 13
1000
0100
0000
0001
0010
0000
0000
0000
,  // measure 14
0000
0000
0000
0000
0010
1000
0001
0100
,  // measure 15
1000
0000
0000
0000
0000
0001
1000
0000
,  // measure 16
0000
0001
0010
0000
0100
1000
0000
0000
,  // measure 17
0100
0010
0000
1100
0000
0010
0000
0101
,  // measure 18
0000
0010
0000
1001
0000
0000
0000
0000
,  // measure 19
0100
0000
1001
0100
0000
0001
0000
1100
,  // measure 20
0000
0000
0000
0000
,  // measure 21
1000
0010
0100
0001
0100
0000
0000
0110
,  // measure 22
0000
1100
0000
0000
0000
0100
1000
0000
,  // measure 23
1000
0100
0001
0100
1000
0100
0001
0100
,  // measure 24
1000
0100
0001
0100
1000
0100
0010
0001
,  // measure 25
1000
0000
0000
0001
1000
0000
0000
0000
,  // measure 26
0000
0000
0000
0000
0000
0010
0100
1000
,  // measure 27
0010
0100
0001
0100
1000
0100
0001
0000
,  // measure 28
1001
0000
0011
1001
,  // measure 29
1100
0000
0110
0000
,  // measure 30
0000
0000
0000
0000
0000
1000
0100
0010
,  // measure 31
0001
0100
0010
1000
0100
0010
0001
0000
,  // measure 32
0011
0000
0000
0000
,  // measure 33
0100
1000
0100
0000
1000
0001
1000
0000
,  // measure 34
0001
0010
0001
0000
0010
0100
0010
0000
,  // measure 35
0001
1000
0001
0000
1000
0100
1000
0000
,  // measure 36
0100
0010
0100
0000
0010
0001
0010
0000
,  // measure 37
0001
0010
0100
1000
0000
1100
0000
0100
,  // measure 38
0000
0101
0000
0000
0000
1000
0010
0100
,  // measure 39
0001
0000
0010
0100
0000
0000
0010
0010
,  // measure 40
0000
0000
0000
0000
,  // measure 41
1000
0100
0010
0001
0000
0011
0000
0010
,  // measure 42
0000
1010
0000
0000
0000
1000
1000
0000
,  // measure 43
0010
0001
1000
0100
,  // measure 44
1010
0101
0011
1100
,  // measure 45
1000
0000
0000
0001
0100
0000
0000
0000
,  // measure 46
0000
0000
0000
0000
0000
0001
0010
0100
,  // measure 47
1000
0010
0100
0001
0010
0100
1000
0000
,  // measure 48
1100
0000
1010
0110
,  // measure 49
0101
0000
1001
0000
,  // measure 50
0000
0000
0000
0000
0000
0100
0010
0001
,  // measure 51
0100
0010
1000
0010
0001
0010
1000
0000
,  // measure 52
0010
1000
0010
0000
0100
0001
0100
0000
,  // measure 53
0101
0000
0000
0000
;

//---------------dance-single - ----------------
#NOTES:
     dance-single:
     :
     Hard:
     7:
     0.502,0.481,0.196,0.000,0.071,304.000,18.000,0.000,0.000,0.000:  // measure 1
0000
0000
0000
0000
,  // measure 2
0000
0000
0000
0000
,  // measure 3
0010
0001
0100
0000
0010
1000
0100
0000
,  // measure 4
0010
0000
0001
0000
1000
0000
0000
0000
0100
0000
1000
0000
0010
0000
1000
0100
,  // measure 5
0000
1000
0001
0000
1000
0100
0010
0000
,  // measure 6
0001
0000
0100
0000
0010
0000
0000
0000
0100
0000
0001
0000
0010
0000
0001
0100
,  // measure 7
0000
0001
1000
0000
0100
1000
0100
0000
,  // measure 8
0010
0000
0001
0000
0010
0000
0000
0000
0001
0000
0100
0000
0010
0000
0100
0001
,  // measure 9
1000
0100
1000
0100
1000
0100
1000
0100
,  // measure 10
0010
0001
0010
0001
0010
0001
0010
0001
,  // measure 11
1000
0001
1000
0001
1000
0001
1000
0001
,  // measure 12
0010
0001
1000
0100
1000
0010
0100
0000
,  // measure 13
0001
0001
0000
0110
1000
0000
0000
1000
,  // measure 14
0000
0010
0000
0100
0000
0001
0010
1000
,  // measure 15
0001
0001
0010
0010
1000
1000
0001
0001
,  // measure 16
0010
0010
1000
1000
0001
0100
0010
0000
,  // measure 17
0010
0001
0000
1000
0000
1000
0000
1010
,  // measure 18
0000
0110
0000
0101
0000
0000
0000
0001
,  // measure 19
0010
0100
1000
0010
0100
0001
0010
0100
,  // measure 20
1000
0000
0010
1100
0000
0010
0101
0000
,  // measure 21
0010
1000
0000
0100
0000
0100
0000
1100
,  // measure 22
0000
0011
0000
0000
0000
1000
0010
0001
,  // measure 23
1000
0100
1000
0000
0001
0100
0001
0000
,  // measure 24
1001
0000
0110
0000
0001
0010
1000
0000
,  // measure 25
0001
0010
0100
0000
1000
0010
0100
0000
,  // measure 26
0001
0000
0010
0000
0100
0000
0000
0000
1000
0000
0010
0000
0100
0000
0001
0010
,  // measure 27
0000
0100
1000
0000
1000
0100
0010
0000
,  // measure 28
0100
0000
0010
0000
0001
0000
0000
0000
1000
0000
0100
0000
0010
0000
0001
0010
,  // measure 29
0000
0100
0100
0000
1000
0001
0001
0000
,  // measure 30
0100
0000
0010
0000
0010
0000
0000
0000
0001
0000
1000
0000
1000
0000
0100
1000
,  // measure 31
0000
0001
0100
0000
0010
0100
0001
0000
,  // measure 32
0010
0000
0100
0000
1000
0000
0000
0000
0010
0000
0100
0000
0001
0000
0100
1000
,  // measure 33
0000
0100
0001
0000
1000
0100
0001
0000
,  // measure 34
0001
0000
0100
0000
1000
0000
0000
0000
0001
0000
0100
0000
1000
0000
0001
1000
,  // measure 35
0000
0100
0001
0000
0001
0100
1000
0000
,  // measure 36
1000
0000
0100
0000
0001
0000
0000
0000
1000
0000
0100
0000
0001
0000
1000
0001
,  // measure 37
0100
0001
0000
1000
0000
1000
0000
1010
,  // measure 38
0000
0101
0000
0000
0000
0010
0100
0100
,  // measure 39
1001
0000
0100
1001
0000
0000
1000
0100
,  // measure 40
0000
0000
0000
0000
,  // measure 41
0001
0100
0000
0010
0000
0010
0000
1010
,  // measure 42
0000
0101
0000
0000
0000
1000
0010
0001
,  // measure 43
1000
1000
0001
0001
0010
1000
0100
0000
,  // measure 44
0011
0000
1100
0000
1000
0100
0001
0000
,  // measure 45
0010
0100
1000
0000
0100
1000
0001
0000
,  // measure 46
1000
0000
0001
0000
0010
0000
0000
0000
0001
0000
0010
0000
0100
0000
0010
0001
,  // measure 47
0000
1000
0100
0000
1000
0100
0010
0000
,  // measure 48
0100
0000
0010
0000
0001
0000
0000
0000
0010
0000
0001
0000
1000
0000
0010
0100
,  // measure 49
0000
0010
0100
0000
0001
1000
0100
0000
,  // measure 50
0010
0000
0100
0000
1000
0000
0000
0000
0010
0000
0100
0000
0010
0000
1000
0100
,  // measure 51
0000
0010
0001
0000
1000
0100
0010
0000
,  // measure 52
0001
0000
0100
0000
0010
0000
0000
0000
1000
0000
0100
0000
0010
0000
0001
0100
;

//---------------dance-double - ----------------
#NOTES:
     dance-double:
     :
     Easy:
     3:
     0.246,0.312,0.098,0.000,0.000,149.000,9.000,0.000,0.000,0.000:  // measure 1
00000000
00000000
00000000
00000000
,  // measure 2
00000000
00000000
00000000
00000000
,  // measure 3
00001000
00000000
00010000
00000000
,  // measure 4
00001000
00000000
00010000
00000000
,  // measure 5
00001000
00000010
00000001
00000001
,  // measure 6
00001000
00000010
00000100
00001000
,  // measure 7
00010000
00100000
10000000
10000000
,  // measure 8
00010000
00100000
01000000
00010000
,  // measure 9
00001000
00010000
00001000
00000000
,  // measure 10
00000000
00000000
01000000
00100000
,  // measure 11
10000000
00000000
00010000
00000000
,  // measure 12
00001000
00000000
00000001
00000000
,  // measure 13
00000010
00000001
00000100
00000000
,  // measure 14
00000000
00000000
00000010
00001000
,  // measure 15
00000001
00000000
00001000
00000000
,  // measure 16
00010000
00000000
10000000
00000000
,  // measure 17
01000000
01000000
01000000
00100000
,  // measure 18
00010000
00100000
00010000
00000000
,  // measure 19
00001000
00001000
00000100
00000100
,  // measure 20
00000001
00000000
00000000
00000000
,  // measure 21
00001000
00000001
00001000
00000010
,  // measure 22
00001000
00010000
00000000
00000000
,  // measure 23
01000000
00000000
00100000
00000000
,  // measure 24
10000000
01000000
00100000
00010000
,  // measure 25
00001000
00000100
00000010
00000000
,  // measure 26
00000001
00000000
00001000
00000000
,  // measure 27
00001000
00000100
00001000
00000100
,  // measure 28
00010000
00000000
00000010
00000100
,  // measure 29
00001000
00010000
00100000
00000000
,  // measure 30
01000000
00000000
10000000
00000000
,  // measure 31
01000000
00010000
01000000
00001000
,  // measure 32
00010000
00000000
00000000
00000000
,  // measure 33
00010000
00001000
00000010
00000010
,  // measure 34
00000001
00000100
00001000
00010000
,  // measure 35
00001000
00010000
00100000
00100000
,  // measure 36
10000000
01000000
00010000
00001000
,  // measure 37
00011000
00000000
00011000
00000000
,  // measure 38
00010000
00001000
00000000
00000000
,  // measure 39
00000001
00000100
00000010
00001000
,  // measure 40
00010000
00000000
00000000
00000000
,  // measure 41
00011000
00000000
00011000
00000000
,  // measure 42
00010000
10000000
00000000
00000000
,  // measure 43
10000000
01000000
00100000
00010000
,  // measure 44
10010000
00000000
01100000
00000000
,  // measure 45
00010000
00001000
00010000
00000000
,  // measure 46
00001000
00000100
00000010
00000001
,  // measure 47
00000100
00000010
00001000
00010000
,  // measure 48
00100000
01000000
01100000
01100000
,  // measure 49
10000000
00000000
00010000
00000000
,  // measure 50
10000000
01000000
00010000
00001000
,  // measure 51
00000010
00000001
00001000
00000100
,  // measure 52
00010000
00001000
00100000
00001000
,  // measure 53
00011000
00000000
00000000
00000000
;

//---------------dance-double - ----------------
#NOTES:
     dance-double:
     :
     Medium:
     6:
     0.375,0.454,0.185,0.000,0.000,224.000,17.000,0.000,0.000,0.000:  // measure 1
00000000
00000000
00000000
00000000
,  // measure 2
00000000
00000000
00000000
00000000
,  // measure 3
00010000
00100000
10000000
01000000
,  // measure 4
00100000
00001000
00010000
00001000
,  // measure 5
00000010
00000000
00000001
00000000
00000100
00000001
00000100
00000000
,  // measure 6
00000010
00000000
00001000
00000000
00010000
00001000
00010000
00000000
,  // measure 7
01000000
00000000
00010000
00000000
10000000
00010000
10000000
00000000
,  // measure 8
01000000
00000000
00100000
00000000
00010000
00100000
00010000
00000000
,  // measure 9
00000000
10000000
00000000
10000000
00000000
10000000
00000000
00100000
,  // measure 10
00000000
00100000
00000000
00100000
00000000
01000000
00100000
01000000
,  // measure 11
00010000
01000000
00100000
10000000
01000000
00100000
00010000
00000000
,  // measure 12
00100000
01000000
10000000
01000000
00100000
00001000
00010000
00000000
,  // measure 13
00000000
00000010
00000000
00000010
00000000
00000010
00000000
00000001
,  // measure 14
00000000
00000001
00000000
00000001
00000000
00001000
00000001
00001000
,  // measure 15
00000100
00001000
00000010
00000100
00001000
00010000
00001000
00000000
,  // measure 16
00100000
01000000
10000000
01000000
00100000
01000000
10000000
00000000
,  // measure 17
10010000
00000000
10010000
00000000
,  // measure 18
00100000
01000000
00100000
00000000
,  // measure 19
00010000
01000000
00100000
10000000
,  // measure 20
01000000
00100000
00011000
00000000
,  // measure 21
00001001
00000000
00001001
00000000
,  // measure 22
00000010
00000100
00000010
00000000
,  // measure 23
00000101
00000010
00000100
00001010
,  // measure 24
00001000
00010000
00001000
00010000
,  // measure 25
00011000
00000000
00000000
00001000
01000000
00000000
00000000
00000000
,  // measure 26
00010000
00100000
01000000
00000000
10000000
00100000
01000000
00000000
,  // measure 27
01000000
00001000
00100000
00001000
,  // measure 28
00100000
00010000
01000000
00000000
00001000
00010000
00001000
00000000
,  // measure 29
00010000
00000100
00010000
00000010
,  // measure 30
00001000
00000100
00000010
00000000
00000001
00000100
00000010
00000000
,  // measure 31
00001000
00000100
00000010
00000001
,  // measure 32
00001000
00000010
00000001
00000000
00001000
00000100
00000001
00000000
,  // measure 33
00000100
00000001
00001000
00000000
00000100
00001000
00000010
00000000
,  // measure 34
00000100
00001000
00010000
00000000
00001000
00010000
00100000
00000000
,  // measure 35
10000000
00100000
10000000
00000000
00010000
00100000
01000000
00000000
,  // measure 36
10000000
00100000
01000000
00000000
00010000
00100000
01000000
00000000
,  // measure 37
00110000
00000000
00000000
00000000
,  // measure 38
00001001
00000000
00000000
00000000
00000000
00000001
00000001
00000100
,  // measure 39
00000010
00000000
00001000
00000000
,  // measure 40
00010000
00000000
00001000
00000000
,  // measure 41
00001010
00000000
00000000
00000000
,  // measure 42
10010000
00000000
00000000
00000000
00000000
10000000
10000000
01000000
,  // measure 43
00100000
00000000
00010000
00000000
,  // measure 44
10000000
00100000
01000000
00010000
,  // measure 45
00011000
00000000
00000000
00001000
00000100
00000000
00000000
00000000
,  // measure 46
00000001
00000001
00001000
00000000
00000010
00000010
00001000
00000000
,  // measure 47
00000001
00000100
00000010
00000000
00001000
00001000
00000100
00000000
,  // measure 48
00000010
00000010
00000100
00000000
00001100
00000000
00011000
00000000
,  // measure 49
00110000
00000000
00000000
00100000
10000000
00000000
00000000
00000000
,  // measure 50
10000000
00100000
10000000
00000000
00010000
00100000
00010000
00000000
,  // measure 51
00010000
00001000
00010000
00000000
00000100
00001000
00000100
00000000
,  // measure 52
00000010
00000001
00000100
00000000
00001000
00010000
00001000
00000000
,  // measure 53
00011000
00000000
00000000
00000000
;

//---------------dance-double - ----------------
#NOTES:
     dance-double:
     :
     Hard:
     7:
     0.489,0.510,0.229,0.000,0.000,293.000,21.000,0.000,0.000,0.000:  // measure 1
00000000
00000000
00000000
00000000
,  // measure 2
00000000
00000000
00000000
00000000
,  // measure 3
00001000
00010000
00001000
00000000
00010000
00001000
00010000
00000000
,  // measure 4
00001000
00010000
00001000
00000000
00010000
00001000
00010000
00000000
,  // measure 5
00001000
00000010
00000001
00000000
00001000
00000100
00000001
00000000
,  // measure 6
00001000
00000010
00000100
00000000
00000010
00010000
00001000
00000000
,  // measure 7
00010000
00100000
10000000
00000000
00010000
01000000
10000000
00000000
,  // measure 8
00010000
00100000
01000000
00000000
00100000
00001000
00010000
00000000
,  // measure 9
00000100
00001000
00000100
00001000
00000100
00001000
00000100
00001000
,  // measure 10
00010000
00100000
00010000
00100000
00010000
00100000
00010000
00100000
,  // measure 11
01000000
10000000
01000000
10000000
01000000
00100000
00010000
00001000
,  // measure 12
00010000
00001000
00000100
00000010
00000001
00000010
00000001
00000010
,  // measure 13
00000100
00001000
00000100
00010000
00000100
00001000
00000100
00010000
,  // measure 14
00001000
00100000
00010000
00100000
00001000
00100000
00010000
00100000
,  // measure 15
01000000
10000000
01000000
00100000
00010000
00001000
00000100
00000010
,  // measure 16
00000001
00000100
00000010
00001000
00010000
00001000
00010000
00000000
,  // measure 17
00010000
01100000
10000000
00000000
,  // measure 18
00010000
00000000
01010000
00000000
,  // measure 19
10000000
10000000
01000000
00010000
00010000
00001000
00010000
01000000
,  // measure 20
00000000
00000000
00000000
00000000
,  // measure 21
00001000
00010000
00001000
00000010
00000100
00000010
00000100
00000000
,  // measure 22
00001100
00000011
00000000
00000000
,  // measure 23
00001000
00000100
00000100
00000000
00000010
00001000
00001000
00000000
,  // measure 24
00010100
00000000
00101000
00000000
,  // measure 25
00010000
00010000
01000000
00000000
10010000
00000000
00000000
00000000
,  // measure 26
10000000
00100000
01000000
00001000
00100000
00010000
00000000
00000000
,  // measure 27
00001000
00010000
00000010
00000000
00000001
00001000
00000100
00000000
,  // measure 28
00000010
00000100
00001000
00000000
00000001
00000010
00000100
00001000
,  // measure 29
00010000
00100000
01000000
00000000
10010000
00000000
00000000
00000000
,  // measure 30
00010000
00100000
01000000
00000000
01000000
00001000
00010000
00000000
,  // measure 31
00010000
10000000
01000000
00000000
01000000
00100000
00001000
00000000
,  // measure 32
00001000
01000000
00010000
00000000
00010000
00000010
00000100
00000010
,  // measure 33
00000001
00000010
00000010
00000000
00000100
00001000
00001000
00000000
,  // measure 34
00010000
00100000
00100000
00000000
01000000
10000000
10000000
00010000
,  // measure 35
10000000
01000000
01000000
00000000
00100000
00010000
00010000
00000000
,  // measure 36
00001000
00000100
00000100
00000000
00000010
00000001
00000001
00000000
,  // measure 37
00001100
00001000
00011000
00010000
,  // measure 38
00110000
00000000
00100000
00000000
00000000
00100000
10000000
01000000
,  // measure 39
00010000
01000000
10000000
01000000
00010000
01000000
10000000
01000000
,  // measure 40
00000000
00000000
00000000
00000000
,  // measure 41
01010000
00010000
00011000
00001000
,  // measure 42
00001010
00000000
00000010
00000000
00000000
00000001
00000010
00001000
,  // measure 43
00001001
00000100
00011000
01000000
,  // measure 44
01010000
00100000
01000000
10000000
10010000
00010000
00100000
00001000
,  // measure 45
00011000
00010000
00000100
00001000
00001001
00000001
00000100
00000000
,  // measure 46
00001000
00000100
00000010
00000000
00000001
00000100
00000010
00000000
,  // measure 47
00001000
00010000
01000000
00000000
00100000
10000000
01000000
00000000
,  // measure 48
00100000
00010000
00001000
00000100
00000010
00000001
00001000
00000010
,  // measure 49
00000100
00000001
00000010
00000100
00001000
00010000
00100000
01000000
,  // measure 50
10000000
01000000
00100000
00000000
01000000
10000000
01000000
00000000
,  // measure 51
00100000
00010000
00100000
00000000
00001000
00010000
00001000
00000000
,  // measure 52
00000010
00001000
00000010
00000001
00000010
00000100
00001000
00000000
,  // measure 53
00011000
00000000
00000000
00000000
;
