#TITLE:SHAKE YOUR BOOTY;
#SUBTITLE:;
#ARTIST:KC & THE SUNSHINE BAND;
#TITLETRANSLIT:;
#SUBTITLETRANSLIT:;
#ARTISTTRANSLIT:;
#CREDIT:;
#BANNER:SHAKE YOUR BOOTY.png;
#BACKGROUND:SHAKE YOUR BOOTY-bg.png;
#LYRICSPATH:;
#CDTITLE:./CDTITLES/DANCE MANIA CLUB CLASSICS 2.PNG;
#MUSIC:SHAKE YOUR BOOTY.mp3;
#OFFSET:-0.044;
#SAMPLESTART:33.870;
#SAMPLELENGTH:12.000;
#SELECTABLE:YES;
#BPMS:0.000=112.650,52.000=112.100;
#STOPS:;
#BGCHANGES:;
// cache tags:
#FIRSTBEAT:8.000;
#LASTBEAT:160.000;
#SONGFILENAME:Songs/DDI/SHAKE YOUR BOOTY/SHAKE YOUR BOOTY.sm;
#HASMUSIC:1;
#HASBANNER:1;
#MUSICLENGTH:87.828;
// end cache tags

//---------------dance-single - ----------------
#NOTES:
     dance-single:
     :
     Easy:
     3:
     0.197,0.228,0.023,0.000,0.000,119.000,2.000,0.000,0.000,0.000:  // measure 1
0000
0000
0000
0000
,  // measure 2
0000
0000
0000
0000
,  // measure 3
0010
0000
0000
0000
,  // measure 4
0010
0000
0000
0010
,  // measure 5
1000
0000
0000
0000
,  // measure 6
1000
0000
0000
0000
,  // measure 7
0001
0000
0000
0000
,  // measure 8
0001
0000
0000
0000
,  // measure 9
0001
0000
0000
1000
,  // measure 10
1000
0001
0000
0010
,  // measure 11
0010
0000
0001
1000
,  // measure 12
0001
0001
1000
1000
,  // measure 13
0001
0000
0000
0010
,  // measure 14
1000
0010
0100
0100
,  // measure 15
0010
0000
0001
0001
,  // measure 16
0001
0000
0010
0000
,  // measure 17
0010
0010
0100
0001
,  // measure 18
0010
0010
0100
1000
,  // measure 19
0010
0001
0010
0001
,  // measure 20
0001
0100
0001
0100
,  // measure 21
0010
0010
1000
0100
,  // measure 22
0010
0010
0100
0001
,  // measure 23
0001
1000
0100
0100
,  // measure 24
0001
1000
0010
0010
,  // measure 25
0010
0000
0010
0000
,  // measure 26
0100
0000
0100
0000
,  // measure 27
0010
0100
0010
0100
,  // measure 28
0001
0010
1000
1001
,  // measure 29
0100
0000
0100
0000
,  // measure 30
0010
0000
0010
0000
,  // measure 31
0100
0010
0100
0010
,  // measure 32
1000
0100
0001
1001
,  // measure 33
0010
0010
0100
1000
,  // measure 34
0010
0010
0001
1000
,  // measure 35
0100
1000
0100
1000
,  // measure 36
1000
0010
1000
0010
,  // measure 37
0010
0010
0100
0001
,  // measure 38
0010
0010
0100
1000
,  // measure 39
0001
0001
1000
1000
,  // measure 40
0010
0001
0100
1000
,  // measure 41
0001
0000
0000
0000
;

//---------------dance-single - ----------------
#NOTES:
     dance-single:
     :
     Medium:
     4:
     0.249,0.319,0.250,0.000,0.000,131.000,22.000,0.000,0.000,0.000:  // measure 1
0000
0000
0000
0000
,  // measure 2
0000
0000
0000
0000
,  // measure 3
0010
0000
0000
0000
,  // measure 4
0010
0000
0000
1000
,  // measure 5
0001
0000
0000
0000
,  // measure 6
1000
0000
0000
0000
,  // measure 7
1000
0000
0000
0000
,  // measure 8
0001
0000
0000
0000
,  // measure 9
0010
0100
0010
0000
0000
0000
0000
0000
,  // measure 10
0100
0010
0100
0000
0000
0000
0001
0000
,  // measure 11
1001
0000
0000
0100
,  // measure 12
0100
0000
0000
0000
,  // measure 13
0001
0100
0001
0000
0000
0000
0000
0000
,  // measure 14
1000
0010
1000
0000
0010
0000
0000
0000
,  // measure 15
0110
0000
0000
0001
,  // measure 16
0000
0000
0100
0100
,  // measure 17
0001
0100
0001
0000
0001
0100
1000
0000
,  // measure 18
1000
0010
1000
0000
1000
0010
0001
0000
,  // measure 19
1100
1100
0001
0001
,  // measure 20
0011
0011
0100
0100
,  // measure 21
1000
0010
1000
0000
1000
0010
0001
0000
,  // measure 22
0001
0100
0001
0000
0001
0100
1000
0000
,  // measure 23
0011
0011
1000
1000
,  // measure 24
1100
1100
0010
0010
,  // measure 25
0100
0000
0000
0110
0000
0000
0000
0000
,  // measure 26
1000
0000
0000
1001
0000
0000
0010
0001
,  // measure 27
0100
0000
0000
0000
,  // measure 28
0001
1000
0001
1000
,  // measure 29
0010
0000
0000
1100
0000
0000
0000
0000
,  // measure 30
0001
0000
0000
0011
0000
0000
0001
1000
,  // measure 31
0100
0000
0000
0000
,  // measure 32
0010
0100
0010
0100
,  // measure 33
0010
0100
0010
0000
0001
1000
0100
0000
,  // measure 34
1000
0001
1000
0000
0010
0100
0001
0000
,  // measure 35
1001
1001
0100
0100
,  // measure 36
1001
1001
0010
0010
,  // measure 37
1000
0010
1000
0000
1000
0100
0001
0000
,  // measure 38
0001
0100
0001
0000
0001
0010
1000
0000
,  // measure 39
0011
1100
0010
0010
,  // measure 40
1100
0011
0100
0100
,  // measure 41
0010
0000
0000
0000
;

//---------------dance-single - ----------------
#NOTES:
     dance-single:
     :
     Hard:
     7:
     0.402,0.364,0.569,0.000,0.182,197.000,50.000,0.000,0.000,0.000:  // measure 1
0000
0000
0000
0000
,  // measure 2
0000
0000
0000
0000
,  // measure 3
0010
0010
0001
0001
,  // measure 4
0100
0100
0010
0100
,  // measure 5
0011
0100
0100
1000
,  // measure 6
1100
0010
0100
0010
,  // measure 7
0001
0001
1000
1000
,  // measure 8
0110
0100
0010
0100
,  // measure 9
1000
0000
0100
0000
0010
0001
0000
0000
0100
0000
0010
0000
1000
0000
0000
0000
,  // measure 10
0100
0000
0010
0000
0001
0100
0000
0000
0010
0000
1000
0000
0100
0000
0000
0000
,  // measure 11
0010
0000
0001
0000
0100
0010
0000
0000
1000
0000
0100
0000
0001
0000
0000
0000
,  // measure 12
0100
0000
0010
0000
1000
0100
0000
0000
0010
0000
0001
0000
0110
0000
0000
0000
,  // measure 13
0001
0000
0100
0000
0010
1000
0000
0000
0100
0000
0010
0000
0001
0000
0000
0000
,  // measure 14
0100
0000
0010
0000
1000
0100
0000
0000
0010
0000
0001
0000
0100
0000
0000
0000
,  // measure 15
0100
0000
1000
0000
0010
0100
0000
0000
0001
0000
0010
0000
1000
0000
0000
0000
,  // measure 16
0010
0000
0100
0000
0001
0010
0000
0000
0100
0000
1000
0000
0010
0000
0000
0000
,  // measure 17
0011
0001
0011
0000
0101
0000
0100
0000
,  // measure 18
1100
1000
1100
0000
1010
0000
0010
0000
,  // measure 19
0000
0000
0000
0001
0000
0000
0001
0000
0001
0010
0001
0010
0000
0000
0000
0000
,  // measure 20
0000
0000
0000
1000
0000
0000
1000
0000
1000
0100
1000
0100
0000
0000
0000
0000
,  // measure 21
0100
1100
1100
0000
0110
0000
0100
0000
,  // measure 22
0010
0011
0011
0000
1001
0000
1000
0000
,  // measure 23
0000
0000
0000
0010
0000
0000
0010
0000
1000
0100
1000
0010
0000
0000
0000
0000
,  // measure 24
0000
0000
0000
0100
0000
0000
0100
0000
0001
0010
0001
0100
0000
0000
0000
0000
,  // measure 25
1010
0000
0000
0101
0000
0000
0000
0000
,  // measure 26
0011
0000
0000
1100
0000
0000
1001
1001
,  // measure 27
0110
0000
0000
0000
0000
0000
0010
0011
,  // measure 28
0001
0000
1001
0000
0010
0110
0100
0000
,  // measure 29
1001
0000
0000
0110
0000
0000
0000
0000
,  // measure 30
0011
0000
0000
1100
0000
0000
1001
0110
,  // measure 31
1001
0000
0000
0000
0000
0000
0010
0110
,  // measure 32
0100
0000
1010
0000
0100
0110
0101
0000
,  // measure 33
1010
1000
1100
0000
1100
0000
0100
0000
,  // measure 34
0101
0001
0011
0000
0011
0000
0010
0000
,  // measure 35
0000
0000
0000
0100
0000
0000
0100
0000
0100
1000
0010
1000
0000
0000
0000
0000
,  // measure 36
0000
0000
0000
0010
0000
0000
0010
0000
0010
0001
0100
0001
0000
0000
0000
0000
,  // measure 37
0010
0011
0011
0000
0110
0000
0010
0000
,  // measure 38
0100
1100
1100
0000
1001
0000
0001
0000
,  // measure 39
0000
0000
0000
0100
0000
0000
0100
0000
0001
0010
0001
0100
0000
0000
0000
0000
,  // measure 40
0000
0000
0000
0010
0000
0000
0010
0000
1000
0100
1000
0010
0000
0000
0000
0000
,  // measure 41
1100
0000
0000
0000
;

//---------------dance-double - ----------------
#NOTES:
     dance-double:
     :
     Easy:
     3:
     0.231,0.296,0.228,0.000,0.000,122.000,20.000,0.000,0.000,0.000:  // measure 1
00000000
00000000
00000000
00000000
,  // measure 2
00000000
00000000
00000000
00000000
,  // measure 3
00100000
00000000
00000000
00000000
,  // measure 4
00100000
00000000
00000000
00001000
,  // measure 5
00010000
00000000
00000000
00000000
,  // measure 6
00000100
00000000
00000000
00000000
,  // measure 7
00000100
00000000
00000000
00000000
,  // measure 8
00000010
00000000
00000000
00000000
,  // measure 9
00001000
00000001
00000000
00000100
,  // measure 10
00010000
00001000
00000000
00001000
,  // measure 11
01010000
00000000
00000000
00100000
,  // measure 12
00100000
00100000
10000000
10000000
,  // measure 13
00010000
01000000
00000000
00001000
,  // measure 14
00010000
00001000
00010000
00010000
,  // measure 15
00001100
00000000
00000000
00000001
,  // measure 16
00000001
00000001
00001000
00001000
,  // measure 17
00000010
00000010
00010000
00001000
,  // measure 18
00010000
00010000
00001000
00100000
,  // measure 19
10010000
10010000
10000000
00010000
,  // measure 20
01100000
01100000
10000000
00010000
,  // measure 21
00100000
00100000
00001000
00010000
,  // measure 22
00001000
00001000
00010000
00000010
,  // measure 23
00000110
00000110
00000001
00001000
,  // measure 24
00001001
00001001
00000001
00001000
,  // measure 25
00000010
00000000
00000010
00000000
,  // measure 26
00000100
00000000
00000100
00010000
,  // measure 27
00001000
00010000
00001000
01000000
,  // measure 28
00010000
01000000
00010000
10010000
,  // measure 29
00100000
00000000
00100000
00000000
,  // measure 30
01000000
00000000
01000000
00000000
,  // measure 31
00010000
00100000
00010000
00100000
,  // measure 32
00001000
00010000
00001000
00011000
,  // measure 33
00000010
00000010
00000100
00000001
,  // measure 34
00001000
00001000
00000100
00010000
,  // measure 35
00011000
00011000
00100000
01000000
,  // measure 36
10010000
10010000
00010000
01000000
,  // measure 37
00001000
00001000
00010000
00000010
,  // measure 38
00001000
00001000
00000001
00000100
,  // measure 39
00000110
00000110
00001000
00000100
,  // measure 40
00011000
00011000
00100000
01000000
,  // measure 41
00010000
00000000
00000000
00000000
;

//---------------dance-double - ----------------
#NOTES:
     dance-double:
     :
     Medium:
     5:
     0.298,0.296,0.102,0.000,0.000,174.000,9.000,0.000,0.000,0.000:  // measure 1
00000000
00000000
00000000
00000000
,  // measure 2
00000000
00000000
00000000
00000000
,  // measure 3
00000010
00000000
00000010
00000100
00000010
00000000
00000000
00000000
,  // measure 4
00001000
00000000
00001000
00000001
00001000
00000000
00000100
00000000
,  // measure 5
00010000
00000000
00010000
00001000
00010000
00000000
00000000
00000000
,  // measure 6
00100000
00000000
00100000
00010000
00100000
00000000
01000000
00000000
,  // measure 7
00010000
00000000
00010000
10000000
00010000
00000000
00000000
00000000
,  // measure 8
10000000
00000000
10000000
01000000
10000000
00000000
00010000
00000000
,  // measure 9
10000000
00100000
01000000
00000000
00010000
00000000
01000000
00000000
,  // measure 10
01000000
00001000
00010000
00000000
00001000
00000000
00010000
00000000
,  // measure 11
00001100
00000000
00000000
00000001
,  // measure 12
00000001
00000001
00001000
00001000
,  // measure 13
00000100
00010000
00001000
00000000
00010000
00000000
00001000
00000000
,  // measure 14
00010000
00100000
01000000
00000000
10000000
00000000
10000000
00000000
,  // measure 15
01010000
00000000
00000000
00001000
,  // measure 16
00010000
00000000
00010000
00000000
00000010
00001000
00000100
00000000
,  // measure 17
00000010
00000001
00000010
00000000
00001000
00000000
00000100
00000000
,  // measure 18
00010000
00001000
00010000
00000000
00100000
00000000
01000000
00000000
,  // measure 19
00010000
00000000
00010000
00000000
10000000
01000000
00010000
00000000
,  // measure 20
10000000
00000000
10000000
00000000
00010000
01000000
10000000
00000000
,  // measure 21
10000000
00100000
10000000
00000000
00010000
01000000
00001000
00000000
,  // measure 22
00010000
00001000
00010000
00000000
00000010
00000100
00000001
00000000
,  // measure 23
00001000
00000000
00001000
00000000
00000100
00010000
00001000
00000000
,  // measure 24
00010000
00000000
00010000
00000000
00001000
00100000
01000000
00000000
,  // measure 25
00100000
00000000
00000000
01100000
00000000
00000000
00000000
00000000
,  // measure 26
00001000
00000000
00000000
00011000
00000000
00000000
00000010
00000100
,  // measure 27
00000010
00000000
00000000
00001000
,  // measure 28
00000001
00000100
00000010
00001000
00000100
00000000
00011000
00000000
,  // measure 29
00100000
00000000
00000000
01010000
00000000
00000000
00000000
00000000
,  // measure 30
00100000
00000000
00000000
11000000
00000000
00000000
00100000
00010000
,  // measure 31
00100000
00000000
00000000
01000000
,  // measure 32
00001000
01000000
00001000
00010000
00000010
00000000
00001001
00000000
,  // measure 33
00000010
00000001
00000010
00000000
00001000
00000000
00000100
00000000
,  // measure 34
00010000
00001000
00010000
00000000
00100000
00000000
01000000
00000000
,  // measure 35
00010000
00000000
00010000
00000000
10000000
01000000
00010000
00000000
,  // measure 36
10000000
00000000
10000000
00000000
00010000
01000000
10000000
00000000
,  // measure 37
10000000
00100000
10000000
00000000
00010000
01000000
00001000
00000000
,  // measure 38
00010000
00001000
00010000
00000000
00000010
00000100
00000001
00000000
,  // measure 39
00001000
00000000
00001000
00000000
00000100
00010000
00001000
00000000
,  // measure 40
00010000
00001000
00010000
00000000
00001000
00100000
01000000
00000000
,  // measure 41
10010000
00000000
00000000
00000000
;

//---------------dance-double - ----------------
#NOTES:
     dance-double:
     :
     Hard:
     7:
     0.372,0.364,0.159,0.000,0.125,215.000,14.000,0.000,0.000,0.000:  // measure 1
00000000
00000000
00000000
00000000
,  // measure 2
00000000
00000000
00000000
00000000
,  // measure 3
10000000
00000000
00100000
00000000
01000000
00010000
00000000
00000000
00100000
00000000
00000000
00000000
00001000
00000000
00000000
00000000
,  // measure 4
00010000
00000000
00000100
00000000
00000010
00000001
00000000
00000000
00000100
00000000
00000000
00000000
00001001
00000000
00000000
00000000
,  // measure 5
00000001
00000000
00000010
00000000
00000100
00001000
00000000
00000000
00000010
00000000
00000000
00000000
00010000
00000000
00000000
00000000
,  // measure 6
00001000
00000000
00100000
00000000
01000000
10000000
00000000
00000000
00100000
00000000
00000000
00000000
10000000
00000000
00000000
00000000
,  // measure 7
01000000
00000000
00100000
00000000
00010000
01000000
00000000
00000000
00001000
00000000
00000000
00000000
00010000
00000000
00000000
00000000
,  // measure 8
00000100
00000000
00000010
00000000
00000001
00000100
00000000
00000000
00000010
00000000
00000000
00000000
00001001
00000000
00000000
00000000
,  // measure 9
00000001
00000000
00000000
00000000
00000001
00001000
00000000
00000000
00000010
00000000
00010000
00000000
00001000
00000000
00000000
00000000
,  // measure 10
10000000
00000000
00000000
00000000
10000000
00010000
00000000
00000000
00100000
00000000
00001000
00000000
00010000
00000000
00000000
00000000
,  // measure 11
00001010
00000000
00000001
00000000
00000001
00000100
00001000
00000000
,  // measure 12
00100000
00100000
01000000
01000000
,  // measure 13
10000000
00000000
00000000
00000000
10000000
00010000
00000000
00000000
00100000
00000000
00001000
00000000
00010000
00000000
00000000
00000000
,  // measure 14
01000000
00000000
00000000
00000000
01000000
00001000
00000000
00000000
00000010
00000000
00000100
00000000
00001000
00000000
00000000
00000000
,  // measure 15
00000101
00000000
00000010
00000000
00000010
00010000
01000000
00000000
,  // measure 16
00100000
00100000
01000000
10010000
,  // measure 17
00100000
00000000
10000000
00000000
00100000
00000000
00000000
00000000
10000000
01000000
00010000
00000000
00001000
00000000
00000000
00000000
,  // measure 18
00010000
00000000
00001000
00000000
00010000
00000000
00000000
00000000
00000100
00000010
00000001
00000000
00000010
00000000
00000000
00000000
,  // measure 19
00001000
00001000
00001000
00000000
00000001
00000100
00001000
00000000
,  // measure 20
00010000
00010000
00010000
00000000
00001000
00100000
01000000
00000000
,  // measure 21
10000000
00000000
00100000
00000000
10000000
00000000
00000000
00000000
00100000
01000000
00001000
00000000
00010000
00000000
00000000
00000000
,  // measure 22
00010000
00000000
00001000
00000000
00010000
00000000
00000000
00000000
00000100
00000010
00000001
00000000
00000010
00000000
00000000
00000000
,  // measure 23
00001000
00001000
00001000
00000000
00000001
00000100
00001000
00000000
,  // measure 24
00010000
00010000
00010000
00001000
00100000
01000000
00000000
00000000
,  // measure 25
11000000
00000000
00000000
00110000
00000000
00000000
00000000
00000000
,  // measure 26
00011000
00000000
00000000
00000110
00000000
00000000
00000001
00001000
,  // measure 27
00000100
00000000
00000000
00000000
,  // measure 28
00000010
00000100
00001000
00000010
00010000
00001000
00100000
00000000
,  // measure 29
10100000
00000000
00000000
01010000
00000000
00000000
00000000
00000000
,  // measure 30
00011000
00000000
00000000
00000110
00000000
00000000
00000001
00001000
,  // measure 31
00000010
00000000
00000000
00000000
,  // measure 32
00010000
00001000
01000000
00100000
10000000
01000000
00100000
00000000
,  // measure 33
00001000
00000000
00010000
00000000
00001000
00000000
00000000
00000000
00000010
00000001
00000100
00000000
00000010
00000000
00000000
00000000
,  // measure 34
00010000
00000000
00001000
00000000
00010000
00000000
00000000
00000000
00100000
10000000
01000000
00000000
00100000
00000000
00000000
00000000
,  // measure 35
00001000
00000000
00010000
00000000
00001000
00000000
00010000
00000000
00000010
00000100
00000000
00000000
00000001
00000000
00000000
00000000
,  // measure 36
00001000
00000000
00000100
00000000
00001000
00000000
00000100
00000000
00010000
00001000
00000000
00000000
10000000
00000000
00000000
00000000
,  // measure 37
00100000
00000000
01000000
00000000
00100000
00000000
00000000
00000000
10000000
01000000
00010000
00000000
00001000
00000000
00000000
00000000
,  // measure 38
00000100
00000000
00001000
00000000
00000100
00000000
00000000
00000000
00010000
00001000
00100000
00000000
01000000
00000000
00000000
00000000
,  // measure 39
10000000
00000000
00100000
00000000
01000000
00000000
00001000
00000000
00010000
00000100
00000000
00000000
00000010
00000000
00000000
00000000
,  // measure 40
00000001
00000000
00000100
00000000
00001000
00000000
00010000
00000000
01000000
10000000
00000000
00000000
00010000
00000000
00000000
00000000
,  // measure 41
00011000
00000000
00000000
00000000
;

//---------------dance-couple - ----------------
#NOTES:
     dance-couple:
     :
     Medium:
     5:
     0.498,0.592,1.000,0.000,0.068,173.000,109.000,0.000,0.000,15.000:  // measure 1
00000000
00000000
00000000
00000000
,  // measure 2
00000000
00000000
00000000
00000000
,  // measure 3
10000001
00000000
01000000
00000000
00100000
00010000
00000000
00000000
01000001
00000000
00000000
00000000
10000000
00000000
00000000
00000000
,  // measure 4
01000001
00000000
00100000
00000000
00010000
01000000
00000000
00000000
00100001
00000000
00000000
00000000
01000000
00000000
00000000
00000000
,  // measure 5
10001000
00000000
00000100
00000000
00000010
00000001
00000000
00000000
10000100
00000000
00000000
00000000
00001000
00000000
00000000
00000000
,  // measure 6
10000100
00000000
00000010
00000000
00000001
00000100
00000000
00000000
10000010
00000000
00000000
00000000
00000100
00000000
00000000
00000000
,  // measure 7
00100010
00000000
00010001
00000000
01000100
00100010
00000000
00000000
10001000
00000000
00000000
00000000
00010001
00000000
00000000
00000000
,  // measure 8
01000100
00000000
00100010
00000000
10001000
01000100
00000000
00000000
00100010
00000000
00000000
00000000
01000100
00000000
00000000
00000000
,  // measure 9
01000001
00100000
01000000
00000000
00010001
00000000
00100000
00000000
,  // measure 10
10000100
00000010
00000100
00000000
10000001
00000000
00000010
00000000
,  // measure 11
10011001
01000100
00000000
01000100
,  // measure 12
01000100
00000000
00000000
00000000
,  // measure 13
00100001
00000100
00000001
00000000
00101000
00000000
00000010
00000000
,  // measure 14
00010010
01000000
00010000
00000000
10000010
00000000
00100000
00000000
,  // measure 15
01100110
00000000
00000000
00010001
,  // measure 16
00000000
00000000
01000100
01000100
,  // measure 17
10000001
00100000
10000000
00000000
00100001
00000000
01100000
00000000
,  // measure 18
00010001
01000000
00010000
00000000
01000001
00000000
01100000
00000000
,  // measure 19
10001000
00000010
00001000
00000000
10000010
00000000
00000110
00000000
,  // measure 20
10000001
00000100
00000001
00000000
10000100
00000000
00000110
00000000
,  // measure 21
00010010
01000000
00010000
00000000
00010010
01000000
00100000
00000000
,  // measure 22
00100001
00000100
00000001
00000000
00100001
00000100
00000010
00000000
,  // measure 23
00110011
00110011
10001000
01000100
,  // measure 24
11001100
11001100
00010001
00100010
,  // measure 25
01000000
00000000
00000000
01100000
00000000
00000000
00000000
00000000
,  // measure 26
00000100
00000000
00000000
00000110
00000000
00000000
00100010
00010001
,  // measure 27
01000100
00000000
00000000
00100010
,  // measure 28
00010001
11000000
00001100
00000000
,  // measure 29
00001001
00000000
00000000
00000110
00000000
00000000
00000000
00000000
,  // measure 30
10010000
00000000
00000000
01100000
00000000
00000000
10011001
01100110
,  // measure 31
10011001
00000000
00000000
00100010
,  // measure 32
00010001
00000011
00110000
00000000
,  // measure 33
10100001
10000000
11000000
00000000
11000001
00000000
00100000
00000000
,  // measure 34
10000011
00000001
00000101
00000000
10000101
00000000
00000010
00000000
,  // measure 35
00000001
00000000
00000000
01000000
00000000
00000000
01000000
00000000
01000001
10000000
00100000
00000000
10000000
00000000
00000000
00000000
,  // measure 36
10000000
00000000
00000000
00000100
00000000
00000000
00000100
00000000
10000100
00001000
00000010
00000000
00001000
00000000
00000000
00000000
,  // measure 37
10000010
00001010
00001010
00000000
10000110
00000000
00000010
00000000
,  // measure 38
00100001
00110000
00110000
00000000
01100001
00000000
00100000
00000000
,  // measure 39
10010000
00000000
00000000
00000000
00001001
00000000
00000000
00000000
00100010
00010001
01000100
00000000
00010001
00000000
00000000
00000000
,  // measure 40
00001001
00000000
00000000
00000000
10010000
00000000
00000000
00000000
00100010
10001000
01000100
00000000
10001000
00000000
00000000
00000000
,  // measure 41
00100010
00000000
00000000
00000000
;

//---------------dance-solo - ----------------
#NOTES:
     dance-solo:
     :
     Easy:
     3:
     0.197,0.228,0.023,0.000,0.000,119.000,2.000,0.000,0.000,0.000:  // measure 1
000000
000000
000000
000000
,  // measure 2
000000
000000
000000
000000
,  // measure 3
000100
000000
000000
000000
,  // measure 4
000100
000000
000000
000100
,  // measure 5
010000
000000
000000
000000
,  // measure 6
010000
000000
000000
000000
,  // measure 7
000001
000000
000000
000000
,  // measure 8
000001
000000
000000
000000
,  // measure 9
000100
000000
000000
100000
,  // measure 10
100000
000010
000000
000100
,  // measure 11
000100
000000
000001
100000
,  // measure 12
000010
000010
010000
010000
,  // measure 13
000010
000000
000000
000100
,  // measure 14
010000
000100
001000
001000
,  // measure 15
000010
000000
000001
000001
,  // measure 16
000001
000000
000100
000000
,  // measure 17
100000
100000
001000
000010
,  // measure 18
000001
000001
001000
010000
,  // measure 19
000010
000100
000010
000100
,  // measure 20
000001
001000
000001
001000
,  // measure 21
000001
000001
000100
010000
,  // measure 22
100000
100000
001000
000001
,  // measure 23
000001
100000
001000
001000
,  // measure 24
000010
010000
000100
000100
,  // measure 25
000100
000000
000100
000000
,  // measure 26
001000
000000
001000
000000
,  // measure 27
000100
001000
000100
001000
,  // measure 28
000001
000100
100000
100001
,  // measure 29
001000
000000
001000
000000
,  // measure 30
000100
000000
000100
000000
,  // measure 31
010000
000010
010000
000010
,  // measure 32
000100
000010
010000
010010
,  // measure 33
000001
000001
001000
100000
,  // measure 34
100000
100000
000001
100000
,  // measure 35
001000
100000
001000
100000
,  // measure 36
000100
010000
000100
010000
,  // measure 37
100000
100000
001000
000001
,  // measure 38
000010
000010
010000
001000
,  // measure 39
000001
000001
100000
010000
,  // measure 40
000100
000001
001000
100000
,  // measure 41
000001
000000
000000
000000
;

//---------------dance-solo - ----------------
#NOTES:
     dance-solo:
     :
     Medium:
     5:
     0.249,0.319,0.250,0.000,0.000,131.000,22.000,0.000,0.000,0.000:  // measure 1
000000
000000
000000
000000
,  // measure 2
000000
000000
000000
000000
,  // measure 3
000100
000000
000000
000000
,  // measure 4
000100
000000
000000
100000
,  // measure 5
000010
000000
000000
000000
,  // measure 6
010000
000000
000000
000000
,  // measure 7
100000
000000
000000
000000
,  // measure 8
000001
000000
000000
000000
,  // measure 9
000100
001000
000100
000000
000000
000000
000000
000000
,  // measure 10
001000
000100
001000
000000
000000
000000
000001
000000
,  // measure 11
010010
000000
000000
001000
,  // measure 12
001000
000000
000000
000000
,  // measure 13
000001
001000
000001
000000
000000
000000
000000
000000
,  // measure 14
100000
000100
100000
000000
000100
000000
000000
000000
,  // measure 15
001100
000000
000000
000010
,  // measure 16
000000
000000
001000
001000
,  // measure 17
000001
001000
000001
000000
000001
001000
100000
000000
,  // measure 18
010000
000100
010000
000000
010000
000100
000001
000000
,  // measure 19
101000
101000
000010
000010
,  // measure 20
000110
000110
100000
100000
,  // measure 21
000100
100000
000100
000000
000100
001000
000001
000000
,  // measure 22
000010
000100
000010
000000
000001
001000
100000
000000
,  // measure 23
000101
000101
100000
100000
,  // measure 24
010100
010100
001000
001000
,  // measure 25
000010
000000
000000
001100
000000
000000
000000
000000
,  // measure 26
010000
000000
000000
010010
000000
000000
000100
000001
,  // measure 27
001000
000000
000000
000000
,  // measure 28
100000
000001
010000
000010
,  // measure 29
010000
000000
000000
101000
000000
000000
000000
000000
,  // measure 30
000010
000000
000000
000101
000000
000000
000001
100000
,  // measure 31
001000
000000
000000
000000
,  // measure 32
000100
001000
000100
001000
,  // measure 33
000100
001000
000100
000000
000001
100000
001000
000000
,  // measure 34
010000
000010
010000
000000
000100
001000
000001
000000
,  // measure 35
100001
100001
000100
000100
,  // measure 36
010010
010010
000001
000001
,  // measure 37
100000
000100
100000
000000
100000
001000
000001
000000
,  // measure 38
000001
001000
000001
000000
000001
000100
100000
000000
,  // measure 39
000110
100100
000100
000100
,  // measure 40
010100
000101
001000
001000
,  // measure 41
000100
000000
000000
000000
;

//---------------dance-solo - ----------------
#NOTES:
     dance-solo:
     :
     Hard:
     7:
     0.392,0.364,0.364,0.000,0.171,209.000,32.000,0.000,0.000,0.000:  // measure 1
000000
000000
000000
000000
,  // measure 2
000000
000000
000000
000000
,  // measure 3
000001
000000
001000
000000
000010
000100
000000
000000
000001
000000
000000
000000
001000
000000
000000
000000
,  // measure 4
010000
000000
000100
000000
001000
100000
000000
000000
000001
000000
000000
000000
001000
000000
000000
000000
,  // measure 5
001000
000000
000010
000000
000100
000001
000000
000000
001000
000000
000000
000000
100000
000000
000000
000000
,  // measure 6
000001
000000
001000
000000
000010
000100
000000
000000
000001
000000
000000
000000
001000
000000
000000
000000
,  // measure 7
010000
000000
000100
000000
001000
100000
000000
000000
000001
000000
000000
000000
001000
000000
000000
000000
,  // measure 8
001000
000000
000010
000000
000100
000001
000000
000000
001000
000000
000000
000000
100000
000000
000000
000000
,  // measure 9
100000
000000
001000
000000
000100
000010
000000
000000
001000
000000
000100
000000
010000
000000
000000
000000
,  // measure 10
001000
000000
000100
000000
000010
000100
000000
000000
001000
000000
100000
000000
001000
000000
000000
000000
,  // measure 11
000100
000000
000010
000000
001000
000100
000000
000000
010000
000000
001000
000000
000001
000000
000000
000000
,  // measure 12
001000
000000
000100
000000
010000
000100
000000
000000
001000
000000
000001
000000
001100
000000
000000
000000
,  // measure 13
000010
000000
001000
000000
000100
100000
000000
000000
001000
000000
000100
000000
000010
000000
000000
000000
,  // measure 14
001000
000000
000100
000000
100000
001000
000000
000000
000100
000000
000010
000000
001000
000000
000000
000000
,  // measure 15
001000
000000
010000
000000
000100
001000
000000
000000
000001
000000
010000
000000
100000
000000
000000
000000
,  // measure 16
000010
000000
001000
000000
000010
000100
000000
000000
001000
000000
100000
000000
001000
000000
000000
000000
,  // measure 17
000010
000100
000010
000000
001100
000000
100000
000000
,  // measure 18
010000
000100
010000
000000
101000
000000
001001
000000
,  // measure 19
000000
000000
000000
000001
000000
000000
000001
000000
000100
000010
000100
000000
000010
000000
000000
000000
,  // measure 20
000000
000000
000000
100000
000000
000000
100000
000000
000100
010000
000100
000000
010000
000000
000000
000000
,  // measure 21
010000
100000
010000
000000
001000
000000
000100
000000
,  // measure 22
000010
000001
000010
000000
001000
000000
100000
000000
,  // measure 23
000000
000000
000000
100000
000000
000000
100000
000000
000100
010000
000100
000000
001000
000000
000000
000000
,  // measure 24
000000
000000
000000
000001
000000
000000
000001
000000
000100
000010
000100
000000
001000
000000
000000
000000
,  // measure 25
010100
000000
000000
001001
000000
000000
000000
000000
,  // measure 26
000011
000000
000000
110000
000000
000000
100001
100001
,  // measure 27
010010
000000
000000
000000
000000
000000
000100
000100
,  // measure 28
000010
000000
100001
000000
000100
001100
001000
000000
,  // measure 29
100001
000000
000000
001100
000000
000000
000000
000000
,  // measure 30
000110
000000
000000
101000
000000
000000
100001
001100
,  // measure 31
100001
000000
000000
000000
000000
000000
001000
001000
,  // measure 32
100000
000000
001100
000000
000001
100001
001000
000000
,  // measure 33
010000
000100
010000
000000
001100
000000
000001
000000
,  // measure 34
000010
000100
000010
000000
001001
000000
101000
000000
,  // measure 35
000000
000000
000000
100000
000000
000000
100000
000000
000100
010000
000100
000000
010000
000000
000000
000000
,  // measure 36
000000
000000
000000
000001
000000
000000
000001
000000
000100
000010
000100
000000
000010
000000
000000
000000
,  // measure 37
000100
000110
000110
000000
001100
000000
000100
000000
,  // measure 38
001000
101000
101000
000000
001000
000000
010010
000000
,  // measure 39
000000
000000
000000
001000
000000
000000
001000
000000
000010
000100
000010
000000
001000
000000
000000
000000
,  // measure 40
000000
000000
000000
000100
000000
000000
000100
000000
010000
000100
010000
000000
001000
000000
000000
000000
,  // measure 41
101000
000000
000000
000000
;
