#TITLE:サナ・モレッテ・ネ・エンテ;
#SUBTITLE:;
#ARTIST:Togo Project feat. Sana;
#TITLETRANSLIT:SANA MORETTE NE ENTE;
#SUBTITLETRANSLIT:;
#ARTISTTRANSLIT:;
#CREDIT:;
#BANNER:SANA MORETTE NE ENTE.png;
#BACKGROUND:SANA MORETTE NE ENTE-bg.png;
#LYRICSPATH:;
#CDTITLE:./CDTITLES/BEATMANIA.PNG;
#MUSIC:SANA MORETTE NE ENTE.mp3;
#OFFSET:-0.040;
#SAMPLESTART:10.660;
#SAMPLELENGTH:12.000;
#SELECTABLE:YES;
#BPMS:0.000=90.000;
#STOPS:;
#BGCHANGES:;
// cache tags:
#FIRSTBEAT:8.000;
#LASTBEAT:139.750;
#SONGFILENAME:Songs/Pop/SANA MORETTE NE ENTE/SANA MORETTE NE ENTE.sm;
#HASMUSIC:1;
#HASBANNER:1;
#MUSICLENGTH:95.717;
// end cache tags

//---------------dance-single - ----------------
#NOTES:
     dance-single:
     :
     Easy:
     2:
     0.191,0.162,0.000,0.000,0.000,128.000,0.000,0.000,0.000,0.000:
0000
0000
0000
0000
,
0000
0000
0000
0000
,
1000
0100
1000
0100
,
0010
0001
0010
0001
,
1000
0100
0001
0100
,
1000
0100
0010
0001
,
0100
1000
0100
0001
,
0100
0010
0100
0001
,
0001
0010
0100
0001
,
0001
0100
0010
1000
,
1000
0001
0100
0010
,
0010
1000
0100
0010
,
0000
0010
0001
1000
,
0001
0001
1000
1000
,
0010
0010
0010
1000
,
0100
0100
0010
0010
,
0001
0001
0001
0100
,
0010
1000
1000
0100
,
0010
0001
0001
1000
,
0100
0010
0010
0001
,
0100
0010
0010
1000
,
0100
0100
0100
0010
,
0001
0001
0001
0100
,
0010
0010
0010
1000
,
0100
0100
0010
0001
,
0100
0100
0100
0100
,
0010
0010
0010
0000
,
1000
0100
0010
0100
,
1000
0100
0010
0001
,
1000
0010
0100
0010
,
1000
0100
0010
0001
,
1000
0100
0001
0100
,
1000
0100
0010
0000
,
1000
0010
0001
0100
,
0010
0010
1000
0000
;

//---------------dance-single - ----------------
#NOTES:
     dance-single:
     :
     Medium:
     5:
     0.284,0.274,0.000,0.000,0.010,190.000,0.000,0.000,0.000,0.000:
0000
0000
0000
0000
,
0000
0000
0000
0000
,
0100
0100
0001
0001
,
0000
1000
0100
0000
0010
1000
0010
0001
,
1000
0000
1000
0000
0010
0100
0001
0000
,
0010
0000
0010
0000
0100
1000
0001
0000
,
0100
0000
0100
0000
1000
0001
1000
0000
,
0100
0000
0100
0000
0001
0100
1000
0000
,
1000
1000
1000
0000
0010
1000
0001
0010
,
0100
0100
0100
0000
1000
0010
0001
0010
,
1000
0100
0100
0000
0010
1000
0001
0100
,
0010
0001
0001
0000
0100
1000
0010
0001
,
0000
0001
0001
0000
1000
0100
1000
0100
,
0001
0001
0000
0100
0000
1000
0100
0010
,
0100
1000
0000
0010
0000
0001
1000
0001
,
0100
0100
0000
0010
0000
0001
0100
1000
,
0100
0001
0000
0100
1000
0100
0001
0000
,
0000
0100
0000
0010
0100
1000
0100
0000
,
0000
0100
0000
1000
0001
0010
0100
0000
,
0000
1000
0000
0100
0001
1000
0100
0000
,
0000
0001
0000
0100
1000
0001
0010
0000
,
0010
0010
0010
0000
0010
0001
1000
0100
,
0010
0010
0010
0000
0010
0100
1000
0100
,
0010
0010
0010
0000
0010
0001
0100
0001
,
0010
0010
0010
0000
1000
0000
0100
0000
,
0010
0010
0010
0000
0010
0000
0001
0000
,
1000
1000
1000
0000
1000
0000
0000
0000
,
0100
1000
0010
0001
0100
1000
0100
0010
,
0001
0100
1000
0001
0010
0000
0000
0000
,
0100
0001
0010
1000
0100
1000
0001
0100
,
0010
1000
0100
0001
0100
0000
0000
0000
,
0000
0010
0000
0001
0000
1000
0100
0010
,
0000
1000
0000
0010
0000
0100
0001
0010
,
0000
1000
0000
0100
0000
0010
0001
0100
,
0000
0000
0010
0000
0000
0000
1000
0000
0000
0000
0001
0000
1000
0100
0000
0010
;

//---------------dance-single - ----------------
#NOTES:
     dance-single:
     :
     Hard:
     8:
     0.439,0.402,0.000,0.000,0.533,294.000,0.000,0.000,0.000,0.000:
0000
0000
0000
0000
,
0000
0000
0000
0000
,
1000
0000
0010
0100
0001
0000
0010
0100
1000
0000
0010
0100
0001
0000
0010
0100
,
1000
0000
0010
0000
0100
0001
0000
0010
0000
1000
0000
1000
1000
0000
1000
0000
,
0100
0000
1000
0000
0100
0000
0001
0010
0000
0100
0000
1000
0001
0000
0100
0000
,
0010
0000
1000
0000
0001
0000
0010
0100
0000
1000
0000
0001
0100
0000
0010
0000
,
0100
0000
1000
0000
0100
0000
0001
0010
0000
0100
0000
1000
0001
0000
0100
0000
,
0010
0000
1000
0000
0001
0010
0000
0100
0000
1000
0000
0001
0100
0000
0010
0000
,
0100
0000
1000
0000
1000
0000
0000
0010
0000
0100
0000
0001
0100
0000
0010
0000
,
0001
0000
0001
0000
0001
0000
0000
1000
0000
0010
0000
1000
0100
0000
0010
0000
,
0100
0000
0100
0000
0100
0000
0000
0010
0000
1000
0000
0001
0010
0000
1000
0000
,
0010
0000
0010
0000
0010
0000
0000
0100
0000
0100
0000
0010
1000
0000
0100
0000
,
0000
0000
0001
0000
1000
0001
0000
0010
0000
0010
0000
0001
0100
0000
1000
0000
,
0100
0000
0001
0000
0100
0000
1000
0000
0100
0000
0001
0010
0000
1000
0010
1000
,
0100
0000
0010
0000
0001
0000
0100
1000
0000
0100
0000
0001
0010
0000
0100
0000
,
1000
0000
0001
0000
0100
0000
1000
0000
0100
0000
0010
0001
0000
0010
0100
1000
,
0100
0000
0010
0000
0001
1000
0001
0100
0000
0010
0000
1000
0100
0010
0001
1000
,
0100
0000
0000
0000
0100
0000
0000
0000
0100
0000
0000
0000
0100
0010
0001
1000
,
0010
0000
0000
0000
0010
0000
0000
0000
0010
0000
0000
0000
0010
1000
0010
0100
,
0001
0000
0000
0000
0001
0000
0000
0000
0001
0000
0000
0000
0001
0010
0100
1000
,
0010
0000
0000
0000
0010
0000
0000
0000
0010
0000
0000
1000
0100
0010
0001
1000
,
1000
0000
0000
0000
1000
0000
0000
0000
1000
0000
0000
0010
1000
0001
1000
0100
,
0010
0000
0000
0000
0010
0000
0000
0000
0010
0000
0000
0001
1000
0010
0100
0001
,
0010
0000
0000
0000
0010
0000
0000
0000
0010
0000
0000
0100
1000
0010
0100
0001
,
0010
0000
0000
0000
0010
0000
0000
0000
0100
0000
0000
1000
0010
0100
0010
1000
,
0001
0000
0010
0100
1000
0000
0100
0010
0001
0000
1000
0100
0010
0000
0010
0001
,
0100
0000
0001
0010
0100
0000
1000
0100
0001
0000
0000
0000
0000
0000
0000
0000
,
1000
0100
0010
0000
1000
0100
0001
0000
1000
0100
0010
0000
1000
0100
0001
0000
,
1000
0100
0010
0000
1000
0100
0001
0100
1000
0000
0000
0000
0000
0000
0000
0000
,
0010
0100
1000
0000
0010
0100
0001
0000
0010
0100
1000
0000
0010
0100
0001
0000
,
0010
0100
1000
0000
0010
0100
0001
0010
0100
0000
0000
0000
0000
0000
0000
0000
,
1000
0000
0100
0000
1000
0000
0100
0000
1000
0000
0100
0000
1000
0100
0010
0000
,
0001
0000
0010
0000
0001
0000
0010
0001
0000
0010
0000
0100
1000
0000
0001
0000
,
0100
0000
0001
0000
0100
0000
0001
0000
0100
0000
0001
0000
0100
0010
0100
0000
,
0001
0000
1000
0000
0100
0010
0000
0001
0000
0000
0100
0000
0010
0010
0000
1000
;

//---------------dance-double - ----------------
#NOTES:
     dance-double:
     :
     Easy:
     2:
     0.191,0.162,0.000,0.000,0.000,128.000,0.000,0.000,0.000,0.000:
00000000
00000000
00000000
00000000
,
00000000
00000000
00000000
00000000
,
10000000
00100000
00010000
00001000
,
00000100
00000001
00001000
00000100
,
00001000
00000010
00000100
00001000
,
00010000
01000000
10000000
00010000
,
00100000
01000000
00010000
00001000
,
00000100
00000001
00001000
00000010
,
00000100
00000001
00000001
00000001
,
00000010
00000100
00000100
00000100
,
00010000
00001000
00001000
00001000
,
01000000
00100000
00100000
00100000
,
10000000
00010000
01000000
01000000
,
00100000
00100000
00010000
00010000
,
00001000
00000100
00000001
00000000
,
00000010
00000010
00001000
00001000
,
00010000
01000000
10000000
00010000
,
10000000
00100000
00100000
00100000
,
01000000
00010000
00010000
00010000
,
00100000
00001000
00001000
00001000
,
00000010
00000001
00000001
00000001
,
00001000
00000001
00001000
00000001
,
00000100
00000010
00000100
00000010
,
00010000
00001000
00010000
00001000
,
00100000
01000000
00100000
01000000
,
10000000
00010000
10000000
00010000
,
10000000
01000000
00010000
00000000
,
10000000
01000000
00010000
00001000
,
00000100
00000001
00001000
00000010
,
00001000
00000001
00000100
00001000
,
00010000
01000000
10000000
00010000
,
01000000
00100000
10000000
10000000
,
01000000
00010000
00001000
00000000
,
00000100
00000001
00001000
00000100
,
00000010
00000100
00001000
00000000
;

//---------------dance-double - ----------------
#NOTES:
     dance-double:
     :
     Medium:
     5:
     0.336,0.292,0.000,0.000,0.021,225.000,0.000,0.000,0.000,0.000:
00000000
00000000
00000000
00000000
,
00000000
00000000
00000000
00000000
,
00001000
00100000
01000000
00010000
00000010
00000100
00001000
00100000
,
00000000
01000000
10000000
01000000
00100000
00100000
00010000
01000000
,
10000000
01000000
00010000
01000000
10000000
01000000
00010000
00001000
,
00000100
00000001
00001000
00000100
00000010
00000000
00000100
00000000
,
00001000
00000001
00000100
00001000
00000100
00000001
00000100
00001000
,
00010000
01000000
10000000
00010000
00100000
00000000
01000000
00000000
,
00000000
10000000
10000000
00000000
00100000
01000000
00010000
10000000
,
01000000
00010000
00010000
00000000
00001000
00000100
00000001
00001000
,
00000100
00010000
00010000
00000000
01000000
10000000
00100000
01000000
,
00010000
00100000
00100000
00000000
01000000
00010000
00001000
00000100
,
00000000
00010000
00001000
00000000
01000000
00100000
10000000
00010000
,
01000000
01000000
00010000
00100000
01000000
00010000
00001000
00000100
,
00000001
00000010
00000100
00001000
00000001
00000000
00000010
00000010
,
00000100
00000100
00001000
00000010
00000100
00001000
00010000
01000000
,
10000000
00100000
01000000
00010000
10000000
00000000
01000000
01000000
,
00000000
10000000
01000000
00010000
00001000
00010000
00001000
00000100
,
00000000
00000001
00000010
00001000
00010000
00001000
00010000
01000000
,
00000000
10000000
00100000
01000000
00001000
00001000
00010000
00010000
,
00000000
00000100
00000010
00001000
00010000
00010000
00001000
00001000
,
00100000
00000000
00100000
00000000
00100000
01000000
00010000
00001000
,
00000100
00000100
00000100
00000000
,
00000001
00000000
00000001
00000000
00000001
00000010
00001000
00010000
,
01000000
00000000
01000000
00000000
10000000
01000000
00100000
00010000
,
10000000
00100000
10000000
00010000
10000000
00100000
10000000
01000000
,
00010000
00001000
00000100
00000001
00000010
00000000
00000000
00000000
,
00000001
00001000
00000100
00000010
00000001
00000100
00001000
00010000
,
01000000
00100000
00010000
01000000
00001000
00000000
00000000
00000000
,
00000100
00000001
00001000
00000100
00000001
00000100
00001000
00010000
,
01000000
10000000
00010000
01000000
10000000
00000000
00000000
00000000
,
10000000
10000000
01000000
01000000
00010000
00010000
01000000
01000000
,
10000000
01000000
00010000
00001000
00000100
00000000
00010000
00000000
,
01000000
01000000
10000000
10000000
00100000
00100000
00010000
00010000
,
00001000
00000000
00000100
00000000
00000001
00001000
00000000
00000100
00000000
00000000
00001000
00000000
00000010
00000010
00000000
00000100
;

//---------------dance-double - ----------------
#NOTES:
     dance-double:
     :
     Hard:
     8:
     0.401,0.402,0.000,0.000,0.554,269.000,0.000,0.000,0.000,0.000:
00000000
00000000
00000000
00000000
,
00000000
00000000
00000000
00000000
,
00001000
00000000
00100000
01000000
00010000
00000000
00000010
00000100
00001000
00000000
00100000
01000000
00010000
00000000
00000010
00000100
,
00000000
00000000
00001000
00000000
00100000
01000000
00000000
00010000
00000000
00000010
00000000
00000100
00000001
00001000
00000100
00000000
,
00000001
00000000
00000100
00000000
00001000
00000000
00000100
00000001
00000000
00000100
00000000
00001000
00010000
01000000
10000000
00000000
,
00100000
00000000
00100000
00000000
01000000
00000000
01000000
00001000
00000000
00000000
00000000
00000000
00000100
00000000
00000000
00000000
,
00000001
00000000
00000100
00000000
00001000
00000000
00000100
00000000
00000001
00000000
00000100
00001000
00000000
00010000
01000000
10000000
,
00100000
00000000
00100000
00000000
01000000
01000000
01000000
00001000
00000000
00000000
00000000
00000000
00000100
00000000
00000000
00000000
,
00000000
00000000
00001000
00010000
01000000
10000000
00000000
01000000
00000000
00010000
00000000
00001000
00000000
00000100
00000000
00000000
,
00000000
00000000
00001000
00010000
01000000
10000000
00000000
01000000
00000000
00010000
00000000
00001000
00000000
00000000
00000100
00000000
,
00000000
00000000
00000001
00000010
00001000
00010000
00000000
01000000
00000000
00010000
00000000
00001000
00000000
00000100
00000000
00000000
,
00000000
00000000
00000001
00000010
00001000
00010000
00000000
01000000
00000000
00010000
00000000
00001000
00000000
00000000
00000100
00000000
,
00000000
00000000
00000001
00000000
00001000
00000010
00000000
00000100
00000000
00000000
00000000
00000000
00000000
00000000
00000100
00000000
,
00000001
00000000
00001000
00000000
00000100
00000000
00000000
00000010
00000000
00000001
00000000
00000100
00001000
00000000
00010000
00000000
,
01000000
00000000
10000000
00000000
00010000
01000000
00100000
10000000
00000000
01000000
00000000
00010000
00001000
00000000
00000100
00000000
,
00000001
00000000
00001000
00000000
00000100
00000000
00000000
00000010
00000000
00000001
00000000
00000100
00001000
00000000
00010000
00000000
,
01000000
00000000
10000000
00000000
00010000
01000000
00100000
10000000
00000000
01000000
00000000
00010000
00001000
00010000
01000000
10000000
,
00100000
00000000
00000000
00000000
00001000
00000000
00000000
00000000
00001000
00000000
00000000
00000000
00001000
00100000
01000000
10000000
,
00010000
00000000
00000000
00000000
01000000
00000000
00000000
00000000
01000000
00000000
00000000
00000000
01000000
00100000
10000000
01000000
,
00100000
00000000
00000000
00000000
00001000
00000000
00000000
00000000
00001000
00000000
00000000
00000000
00001000
01000000
00100000
10000000
,
01000000
00000000
00000000
00000000
01000000
00000000
00000000
00000000
01000000
00000000
00000000
10000000
00100000
01000000
00100000
10000000
,
00100000
00000000
00000000
00000000
00100000
00000000
00000000
00000000
00100000
00000000
00000000
10000000
01000000
00100000
00010000
10000000
,
01000000
00000000
00000000
00000000
01000000
00000000
00000000
00000000
01000000
00000000
00000000
00010000
00001000
00000100
00000001
00000010
,
00000100
00000000
00000000
00000000
00000100
00000000
00000000
00000000
00000100
00000000
00000000
00001000
00000010
00000100
00000001
00001000
,
00000010
00000000
00000000
00000000
00000010
00000000
00000000
00000000
00000100
00000000
00000000
00001000
00010000
01000000
10000000
00010000
,
01000000
00000000
00000000
10000000
01000000
00000000
00000000
00010000
00001000
00000000
00000000
00000100
00000001
00000000
00000000
00000010
,
00001000
00000000
00000000
00010000
01000000
00000000
00000000
10000000
00100000
00000000
00000000
00000000
00000000
00000000
00000000
00000000
,
00100000
00010000
00001000
00000100
00010000
10000000
01000000
00010000
,
00000100
00000010
00001000
00010000
01000000
00000000
00000000
00000000
,
00000000
00000000
10000000
01000000
00100000
00000000
10000000
01000000
00010000
00000000
01000000
00010000
00001000
00000000
00010000
00001000
,
00000100
00000000
00001000
00000100
00000001
00000000
00000100
00000001
00001000
00000000
00000000
00000000
00000000
00000000
00000000
00000000
,
00000100
00000000
00000100
00000000
00000010
00000000
00000010
00000001
00000000
00000001
00000000
00001000
00000100
00000010
00000001
00000000
,
00000100
00000000
00000100
00000000
00000001
00000000
00000001
00001000
00000000
00000000
00000000
00000000
00000100
00000000
00000000
00000000
,
00000010
00000000
00000010
00000000
00000001
00000000
00000001
00000100
00000000
00000100
00000000
00001000
00000000
00010000
01000000
10000000
,
00010000
00000000
00010000
00000000
00100000
01000000
00000000
10000000
00000000
00000000
01000000
00000000
00100000
00100000
00000000
00010000
;

//---------------dance-single - beginner----------------
#NOTES:
     dance-single:
     beginner:
     Beginner:
     1:
     0.109,0.125,0.000,0.000,0.000,73.000,0.000,0.000,0.000,0.000:
0000
0000
0000
0000
,
0000
0000
0000
0000
,
1000
0000
1000
0000
,
0010
0000
0010
0000
,
1000
0000
0001
0000
,
1000
0000
0010
0000
,
0100
0000
0100
0000
,
0100
0000
0100
0000
,
0001
0000
0100
0000
,
0001
0000
0010
0000
,
1000
0000
0100
0000
,
0010
0000
0100
0000
,
0000
0010
0010
0000
,
0001
0000
1000
0000
,
0010
0010
0010
0000
,
1000
0000
0001
0000
,
0100
0100
0100
0000
,
0010
0000
1000
0000
,
0010
0000
0001
0000
,
0100
0000
0010
0000
,
0100
0000
0010
0000
,
0100
0100
0100
0000
,
0001
0001
0001
0000
,
0010
0010
0010
0000
,
0100
0100
0000
0001
,
0000
0100
0100
0100
,
0000
0010
0010
0000
,
1000
0000
0010
0000
,
1000
0000
0010
0000
,
1000
0000
0100
0000
,
1000
0000
0010
0000
,
1000
0000
0001
0000
,
1000
0000
0010
0000
,
1000
0000
0001
0000
,
0010
0010
0000
0000
;
