#TITLE:STEEL NEEDLE;
#SUBTITLE:;
#ARTIST:Scorpion;
#TITLETRANSLIT:;
#SUBTITLETRANSLIT:;
#ARTISTTRANSLIT:;
#CREDIT:;
#BANNER:STEEL NEEDLE-bn.png;
#BACKGROUND:STEEL NEEDLE-bg.png;
#LYRICSPATH:;
#CDTITLE:razmas3.png;
#MUSIC:STEEL NEEDLE.mp3;
#OFFSET:-0.376;
#SAMPLESTART:30.140;
#SAMPLELENGTH:12.000;
#SELECTABLE:YES;
#BPMS:0.000=205.020,223.500=102.500,238.750=205.020;
#STOPS:175.000=0.140
,223.500=0.010
,223.750=0.010
,224.000=0.010
,224.250=0.010
,224.500=0.010
,224.750=0.010
,225.000=0.010
;
#BGCHANGES:-2.000=STEEL NEEDLE.avi=1.000=1=1=0,
379.000=STEEL NEEDLE-bg1.png=1.000=0=0=1,
99999=-nosongbg-=1.000=0=0=0 // don't automatically add -songbackground-
;
// cache tags:
#FIRSTBEAT:32.000;
#LASTBEAT:379.000;
#SONGFILENAME:Songs/Encore/STEEL NEEDLE/STEEL NEEDLE.sm;
#HASMUSIC:1;
#HASBANNER:1;
#MUSICLENGTH:120.633;
// end cache tags

//---------------dance-single - ----------------
#NOTES:
     dance-single:
     :
     Beginner:
     3:
     0.160,0.231,0.108,0.000,0.000,122.000,13.000,0.000,0.000,0.000:
0000
0000
0000
0000
,
0000
0000
0000
0000
,
0000
0000
0000
0000
,
0000
0000
0000
0000
,
0000
0000
0000
0000
,
0000
0000
0000
0000
,
0000
0000
0000
0000
,
0000
0000
0000
0000
,
1000
0000
1000
0000
,
0001
0000
0001
0000
,
1000
0000
1000
0000
,
0001
0000
0001
0000
,
0100
0000
0000
0000
,
0100
0000
0000
0000
,
0010
0000
0000
0000
,
0010
0000
0000
0000
,
1001
0000
0000
0000
,
1001
0000
0000
0000
,
0110
0000
0000
0000
,
0110
0000
0000
0000
,
1000
0000
0000
0000
,
0001
0001
0001
0000
,
0100
0000
0000
0000
,
0010
0010
0010
0000
,
1000
0000
0000
0000
,
0001
0000
0000
0000
,
0100
0000
0000
0000
,
0010
0000
0010
0000
,
0010
0000
0000
0000
,
1000
0000
0000
0000
,
0100
0000
0000
0000
,
0010
0000
0000
0000
,
0001
0000
0000
0000
,
1000
0000
0000
0000
,
0100
0000
0000
0000
,
0010
0000
0010
0000
,
0010
0000
0000
0000
,
0100
0000
0000
0000
,
0010
0000
0000
0000
,
1000
0000
1000
0000
,
1000
0000
0000
0000
,
0001
0000
0000
0000
,
0100
0000
0000
0000
,
0110
0000
0000
0000
,
0100
0000
0000
0000
,
0001
0000
0000
0000
,
1000
0000
0000
0000
,
0010
0010
0010
0000
,
0100
0000
0000
0000
,
0001
0000
0000
0000
,
1000
0000
1000
0000
,
1000
0000
0000
0000
,
0100
0000
0000
0000
,
0001
0000
0000
0000
,
0100
0000
0000
0000
,
1001
0000
0010
0000
,
0010
0000
0001
0000
,
0001
0000
1000
0000
,
1000
0000
0100
0000
,
0000
0000
1001
0000
,
0000
0000
0000
0000
,
0100
0000
0100
0000
,
0000
0000
0000
0000
,
0000
0000
1000
0000
,
1000
0000
0001
0000
,
0001
0000
0100
0000
,
0100
0000
0010
0000
,
0100
0000
0100
0000
,
0010
0000
0010
0000
,
1000
0000
1000
0000
,
0001
0000
0100
0000
,
0100
0000
0010
0000
,
1000
0000
0010
0000
,
0100
0000
0001
0000
,
1000
0000
0001
0000
,
0001
0000
1001
0000
,
0100
0000
0100
0000
,
1001
0000
0000
0000
,
0010
0000
0010
0000
,
1001
0000
0000
0000
,
1000
0000
1000
0000
,
0110
0000
0000
0000
,
0001
0000
0001
0000
,
0110
0000
0000
0000
,
0000
0000
0000
0000
,
0000
0000
1000
0000
,
0010
0000
0010
0000
,
0100
0000
0000
0000
,
0001
0000
0001
0000
,
1000
0000
0000
0000
,
0100
0000
0100
0000
,
0010
0000
0000
0000
,
1001
0000
0010
0000
,
0100
0000
0000
0000
;

//---------------dance-single - ----------------
#NOTES:
     dance-single:
     :
     Easy:
     5:
     0.378,0.471,0.141,0.191,0.000,279.000,17.000,23.000,0.000,0.000:
0000
0000
0000
0000
,
0000
0000
0000
0000
,
0000
0000
0000
0000
,
0000
0000
0000
0000
,
0000
0000
0000
0000
,
0000
0000
0000
0000
,
0000
0000
0000
0000
,
0000
0000
0000
0000
,
1000
1000
0001
0001
,
0100
0010
0100
0001
,
2000
0000
3002
0000
,
0203
0000
0320
0000
,
1030
1000
0100
1000
,
0001
0001
0100
0010
,
1000
0000
0001
0000
,
0110
0000
2002
3003
,
0100
0010
1000
0000
,
0001
0100
0001
0010
,
0001
1000
0100
0000
,
1000
0010
0100
0010
,
1000
0001
0100
0000
,
0010
0010
0200
0000
,
0301
1000
0100
1000
,
1001
0000
1001
0000
,
0100
0100
0010
1000
,
0001
0001
0100
0100
,
0010
1000
0001
0100
,
0020
0000
0230
0000
,
0310
0010
1000
1000
,
0100
1000
0001
0100
,
0001
0001
0010
0010
,
0002
1000
2003
0000
,
3001
0100
0010
0010
,
1000
0100
1000
0001
,
1000
0100
1000
1000
,
0020
0000
0230
0000
,
0301
0001
0100
0010
,
1000
1000
0100
0010
,
0100
0100
0010
0010
,
1001
1001
1001
0000
,
0220
0000
0000
0330
,
1000
0001
1000
0100
,
2002
0000
0000
3003
,
0100
0000
0010
0000
0100
0000
1001
0010
,
0000
1000
0000
0001
0000
0100
0000
0010
,
0000
1000
0000
0001
0000
0100
0000
0020
,
0000
0000
0000
1030
0000
1000
0000
0001
,
0000
0100
0000
0020
0000
0000
0030
0100
,
0000
0001
0000
1000
0000
0100
0000
1000
,
0000
1000
0000
0001
0000
0001
0000
0100
,
0000
0010
0000
1000
0000
1000
0000
0001
,
0000
0100
0000
0110
0000
0000
0000
1000
,
0000
0001
0000
0100
0000
0100
0000
0010
,
0000
1000
0000
0100
0000
0100
0000
0010
,
0000
0001
0000
1000
0000
0001
0000
1001
,
0000
0000
0000
1001
0000
0000
0000
1001
,
0000
0000
0100
0010
,
0010
1000
0000
0001
,
0000
0100
0000
0020
,
0000
0000
0030
0000
,
0000
1000
0000
1000
,
0000
0001
0000
0001
,
0000
0100
0000
0100
,
0000
0010
0000
0100
,
0000
0001
0000
1000
,
0000
0100
0000
0010
,
0000
0100
0000
1000
,
0000
0001
0000
1000
,
1001
0010
0010
0100
,
1000
0001
0100
0100
,
0010
1000
0001
0001
,
0100
0010
0100
0000
,
0010
1000
0100
1000
,
0010
0100
0001
0001
,
0010
0001
0010
0100
,
1000
0001
1000
0000
,
0110
0100
0001
1000
,
0100
0010
0200
0000
,
1300
0010
0100
0001
,
1000
0001
0010
0010
,
0100
0010
0001
1000
,
0100
1000
0002
0000
,
0013
0100
1000
0001
,
0100
0001
1000
1000
,
0010
0000
0100
0000
,
0001
0001
1000
0100
,
1000
0010
0100
0100
,
0010
1000
0100
1000
,
0001
0010
0001
0000
,
1001
0100
0010
1000
,
0001
0100
0001
0001
,
1000
0100
0010
0100
,
0010
0010
0100
1000
,
0200
0000
0000
0000
,
0000
0000
0000
0300
;

//---------------dance-single - ----------------
#NOTES:
     dance-single:
     :
     Medium:
     9:
     0.549,0.664,0.108,0.041,0.000,446.000,13.000,5.000,0.000,0.000:
0000
0000
0000
0000
,
0000
0000
0000
0000
,
0000
0000
0000
0000
,
0000
0000
0000
0000
,
0000
0000
0000
0000
,
0000
0000
0000
0000
,
0000
0000
0000
0000
,
0000
0000
0000
0000
,
1000
0000
0000
0001
0000
0000
0100
0000
,
0010
1000
0010
0000
0100
0000
0100
0000
,
0001
0000
0000
1000
0000
0000
0100
0000
,
1000
0010
1000
0000
0001
0000
0000
0000
,
0100
0010
0100
0000
0001
1000
0000
0100
,
0010
0001
1000
0100
,
0010
0001
0100
0010
,
1000
0001
1000
0000
0110
0000
0000
0000
,
1000
0000
0100
0000
0010
0001
0000
0000
,
0100
0000
0010
0000
1000
0001
1000
0000
,
0010
0000
0100
0000
0001
1000
0000
0000
,
0100
0000
0010
0000
0001
0100
0001
0000
,
1000
0000
0100
0000
1000
0010
0000
0000
,
0100
0001
0100
0001
0100
0000
0000
0000
,
0010
0000
1000
0100
0000
0010
0001
0000
,
0200
0000
0310
0000
,
1000
0000
0100
0000
0010
0001
0010
0001
,
0100
0000
0010
0000
1000
0010
1000
0000
,
0001
0000
0010
0000
0100
1000
0100
1000
,
0001
0001
0001
0000
0010
0010
0010
0000
,
0001
0000
0100
0000
0010
1000
0010
1000
,
0100
0000
0010
0000
0001
0100
0001
0000
,
1000
0000
0010
0000
0100
0001
0010
0001
,
2000
0010
3200
0000
,
1300
0000
0010
0000
0100
0001
0010
0001
,
1000
0000
0100
0000
0010
0001
0010
0000
,
0100
0000
1000
0000
0010
0100
0010
0100
,
0001
0001
0001
0000
1000
1000
1000
0000
,
0010
0000
0100
0000
0001
0010
0001
0010
,
0100
0000
1000
0000
0001
0100
0001
0000
,
1000
0000
0010
0000
0100
0001
1000
0100
,
1000
0010
1100
1001
,
0100
0000
0001
0000
0000
1000
0100
0000
,
0010
0000
0100
0000
0000
1000
0010
0000
,
0100
0000
0001
0000
0010
0001
0010
0000
,
0100
0000
1000
0000
1001
0000
0110
0100
,
0000
0001
0000
0010
0100
0010
0000
0001
,
0000
1000
0000
0100
0010
0100
0000
1000
,
0000
0001
0000
0100
0001
0100
0010
1000
,
0000
0001
0000
0100
0000
0110
0000
1000
,
0000
0001
0000
0100
0010
1000
0100
0010
,
0000
0001
0000
0100
0001
0100
0000
0010
,
0000
1000
0000
0100
1000
0001
0010
0001
,
0000
0100
0000
0010
0000
1001
0000
1000
,
0000
0001
0000
0100
0010
1000
0000
0001
,
0000
0010
0000
0100
1000
0100
0000
0010
,
0000
0001
0000
0100
0001
0010
0001
1000
,
0000
0100
0000
0010
0000
1001
0000
0110
,
0000
0000
0000
1000
0000
0001
0000
0100
,
0000
0000
0000
0100
0000
0010
0000
1000
,
0000
0001
0000
1000
0000
0110
0000
1001
,
0000
0000
0000
0110
0000
0000
0000
0000
,
0000
0000
1000
0000
0000
0010
0000
0000
,
0100
0000
0000
0001
0000
1000
0000
0100
,
0000
0000
0010
0000
0000
0001
0000
0000
,
1000
0000
0000
0100
0000
0010
0000
0001
,
0000
0000
1000
0000
0000
0010
0000
0000
,
1000
0000
0000
0001
0000
0010
0000
0001
,
0000
0000
1000
0000
0000
0100
0000
0000
,
0010
0000
0000
0100
0000
1000
0000
0100
,
1000
0000
0010
0000
0100
0001
0100
0000
,
0010
0000
1000
0000
0001
0010
0001
1000
,
0100
0000
0010
0000
0001
0100
0010
0000
,
0001
0100
0010
0000
0001
0100
0010
1000
,
0100
0000
1000
0000
1000
0010
0100
0000
,
0001
0000
0100
0000
0010
1000
0100
0010
,
0001
0000
1000
0000
0010
0100
0001
0000
,
1000
0100
0010
0000
1000
0100
0010
0001
,
0100
0001
0100
0001
1000
0100
1000
0100
,
1000
0010
0100
0001
1000
0100
0010
0001
,
0100
0001
0100
0001
0010
0001
0010
0001
,
1000
0010
1000
0010
0100
0001
0100
0001
,
1000
0100
1000
0100
1000
0010
0100
0010
,
0100
0010
1000
0100
0010
0001
0010
0100
,
1000
0001
0100
0010
0100
0001
1000
0100
,
0010
0100
1000
0001
0100
0010
0100
0000
,
0000
0001
0010
0000
0100
1000
0000
0001
,
0100
0010
1000
0001
0100
0001
0010
0100
,
1000
0100
1000
0001
0100
0010
1000
0100
,
1000
0010
0100
0010
1000
0100
0010
0001
,
0100
0010
0100
0010
0000
1000
0100
1000
,
0001
0010
0100
1000
0100
0010
0100
1000
,
0001
0010
0001
1000
0001
0100
0010
1000
,
0100
1000
0001
0010
0100
1000
0100
0010
,
0001
0100
0100
0100
0100
0001
0001
0001
,
0220
0000
0000
0000
,
0000
0330
0000
0000
;

//---------------dance-single - ----------------
#NOTES:
     dance-single:
     :
     Hard:
     10:
     0.783,0.864,0.282,0.149,0.170,609.000,34.000,18.000,0.000,0.000:
0000
0000
0000
0000
,
0000
0000
0000
0000
,
0000
0000
0000
0000
,
0000
0000
0000
0000
,
0000
0000
0000
0000
,
0000
0000
0000
0000
,
0000
0000
0000
0000
,
0000
0000
0000
0000
,
1000
0000
0010
0100
0000
0001
0100
0000
,
0010
0000
1000
0100
0000
0001
0100
0000
,
1000
0010
0100
0010
0000
1000
0100
0000
,
0010
0000
0000
0000
0001
0000
0100
0000
0000
0000
0010
0000
1000
0100
1000
0100
,
1000
0000
0001
0100
0000
0000
0010
0000
,
1000
0000
0001
0100
0000
0010
1000
0000
,
0100
0010
0001
0000
1000
0100
0000
0010
,
0001
0100
0010
1000
0220
0000
0000
0330
,
0001
1000
0010
0100
0001
0110
0000
0000
,
0100
0010
1000
0100
0001
0100
1000
0000
,
0001
0010
0100
0001
0100
1001
0000
0000
,
0010
0100
0001
1000
0100
0100
1001
0000
,
0010
0100
0001
0100
0000
0010
0000
1000
,
0100
0000
0010
0002
0000
0000
0003
0000
,
0100
0010
0100
0000
0000
0000
0001
0000
1000
0000
0010
0000
0100
0001
0100
0001
,
0200
0000
0020
0330
,
1000
0000
1000
0000
0010
0000
0100
0000
0001
0000
1000
0000
0100
0000
0010
0001
,
0010
0001
0010
0000
0100
0000
1000
0000
0001
0000
0100
0000
0010
1000
0010
0000
,
0100
0001
1000
0100
0001
0100
1000
0010
,
0100
0001
0100
0001
0100
0000
0000
0000
0010
1000
0010
1000
0010
0000
0000
0000
,
0100
0100
0001
1000
0100
0010
0001
0100
,
0010
0000
1000
0000
0001
0000
0100
0000
0010
1000
0010
1000
0010
0000
0100
0000
,
0001
1000
0100
0010
0001
1000
0100
0001
,
0210
0000
0000
0300
0120
0000
0000
0030
0210
0000
0000
0300
0120
0000
0000
0030
,
0100
1000
0001
0100
0010
1000
0001
1000
,
0010
1000
0010
1000
0010
0000
0100
0000
0001
0000
0010
0000
1000
0000
0010
0000
,
0001
0100
0010
1000
0100
1000
0010
0100
,
0001
0001
0001
0001
1000
1000
1000
1000
,
0010
0100
0001
1000
0100
0001
1000
0010
,
0001
0100
0001
0100
0001
0000
1000
0000
0010
0000
0100
0000
0001
0000
0010
0000
,
0100
0001
0100
1000
0010
0100
0001
1000
,
0100
0010
0001
1000
0100
0010
0001
0000
,
1000
0100
0001
0100
1000
0010
0101
0000
,
0001
0100
1000
0100
0010
1000
0101
0000
,
0010
1000
0001
0100
0010
1000
0100
0001
,
0100
1000
0001
0100
0010
0100
0101
0010
,
1000
0100
0001
0100
1000
0110
0000
0001
,
0010
1000
0010
0001
1000
0110
0000
0001
,
1000
0010
0100
0001
0100
1001
0000
0110
,
0000
1001
0000
0220
0000
0330
0000
0100
,
0001
0010
0100
0001
0100
1000
0000
0010
,
1000
0100
0010
0100
1000
0001
0000
1000
,
0010
0100
0001
0010
1000
0010
0001
1000
,
0100
0001
0100
2000
0001
0001
3001
0100
,
0010
1000
0100
0001
0100
1000
0000
0010
,
0001
0010
1000
0100
1000
0001
0000
0100
,
0010
1000
0001
1000
0100
0010
0001
1000
,
0000
0001
0000
0100
0000
0010
0000
2002
,
0000
3003
0000
1000
0010
0100
0100
1001
,
0000
0000
0110
0000
0000
0000
1001
0000
0000
0000
0110
0000
0000
0000
1000
0100
,
0010
0000
0001
0000
0100
0000
0010
1000
0100
0000
1000
0000
0001
0000
0100
0000
,
0000
0001
0000
1000
0000
0000
0000
0000
,
0000
0100
0001
0000
1000
0100
0000
0010
,
0001
0000
1000
0100
0000
0001
0100
1000
,
0000
0010
0100
0000
0001
0100
0000
0010
,
0100
0000
1000
0100
0000
0001
0100
1000
,
0000
0001
0010
0000
1000
0100
0000
0010
,
0001
0000
0100
0001
0000
1000
0010
0100
,
0000
0001
0100
0000
0010
1000
0000
0100
,
0010
0000
0001
1000
0000
0100
0010
0001
,
1001
0000
0100
0000
0010
0000
1000
0000
0001
0100
0010
0100
0001
0000
1000
0000
,
0100
0000
0010
0000
0001
0000
0010
0000
0001
1000
0100
1000
0001
0000
0100
0000
,
0010
0100
0001
1000
0100
0010
0001
0100
,
1000
0100
0001
1000
1001
0000
1001
0000
,
0010
1000
0100
0001
0100
0010
0001
0100
,
0010
1000
0001
0100
0010
1000
0100
1000
,
0001
0100
0010
0001
0010
1000
0010
0100
,
0001
1000
0100
0010
1001
0000
0220
0330
,
0100
0001
1000
0100
0010
0001
0010
0100
,
1000
0000
0001
0000
0100
0000
0010
0000
1000
0000
0001
0100
0001
0100
0001
0000
,
1000
0100
1000
0010
0100
0001
1000
0100
,
1100
0011
1001
1001
,
0010
0100
0010
1000
0100
0001
0100
1000
,
0010
0100
0010
0100
0001
1000
0001
0100
,
0010
0100
0001
1000
0100
0010
0001
0010
,
0100
1000
0001
0100
0010
1000
1001
0000
,
0000
0100
0001
0000
1000
0100
0000
0010
,
1001
0000
0100
0000
0010
0000
1000
0000
0001
0000
0010
0000
0100
1000
0100
1000
,
0100
0010
0001
0100
0010
0100
0001
1000
,
0001
0000
0100
0000
0010
0000
1000
0000
0100
0000
0010
0000
0001
0100
0001
0000
,
1000
0000
0100
0000
0010
0100
0010
0000
0100
0000
1000
0000
0001
0000
0000
0000
,
0100
0010
1000
0001
0100
0010
0100
0001
,
1000
0010
1000
0010
1000
0000
0001
0000
0100
0000
0010
0000
1000
0000
0100
0000
,
0010
0001
0010
0001
0010
0000
0100
0000
1000
0000
0001
0000
0100
0000
0010
0000
,
1000
0100
1000
0100
1000
0100
1000
0001
0010
0001
0010
0001
0100
0010
0100
0000
,
2002
0000
0000
0000
,
0000
0000
0000
3003
;

//---------------dance-double - ----------------
#NOTES:
     dance-double:
     :
     Easy:
     6:
     0.372,0.393,0.008,0.141,0.000,296.000,1.000,17.000,0.000,0.000:
00000000
00000000
00000000
00000000
,
00000000
00000000
00000000
00000000
,
00000000
00000000
00000000
00000000
,
00000000
00000000
00000000
00000000
,
00000000
00000000
00000000
00000000
,
00000000
00000000
00000000
00000000
,
00000000
00000000
00000000
00000000
,
00000000
00000000
00000000
00000000
,
00000001
00001000
00000100
00001000
,
00000010
00000010
00010000
00010000
,
00000100
00001000
00000100
00010000
,
00001000
00001000
00100000
00000000
,
00010000
10000000
01000000
10000000
,
00100000
00100000
01000000
01000000
,
00010000
00100000
00001000
00010000
,
00000100
00000100
00001000
00000000
,
00000001
00000100
00000001
00000000
,
00001000
00001000
00000100
00000100
,
00010000
00001000
00010000
00000000
,
00001000
01000000
00010000
00000000
,
00200000
00000000
00310000
10000000
,
01000000
01000000
10000000
00010000
,
00100000
00000000
00010000
01000000
,
00002000
00000000
00020000
00033000
,
00001000
00010000
00000100
00001000
,
00000010
00000010
00001000
00000001
,
00000100
00000001
00001000
00000100
,
00020000
00000000
00032000
00000000
,
00103000
00010000
01000000
00010000
,
10000000
01000000
10000000
10000000
,
00100000
01000000
00010000
00100000
,
00002000
00000000
00023000
00000000
,
00031000
00010000
00000100
00001000
,
00000010
00000010
00001000
00001000
,
00000100
00010000
00001000
00100000
,
00020000
00000000
02030000
00000000
,
03010000
00100000
00010000
01000000
,
00001000
00001000
00010000
00010000
,
00000100
00001000
00000010
00000100
,
00000001
00002000
00000002
00003003
,
00000100
00000010
00001000
00000000
,
00000100
00010000
00001000
00000000
,
00100000
00010000
01000000
00000000
,
00010000
00000000
10000000
00000000
10000000
00000000
00010000
00010000
,
00000000
01000000
00000000
00001000
00000000
00000000
00000000
00010000
,
00000000
00000100
00000000
00001000
00000000
00000000
00000000
00000010
,
00000000
00000100
00000000
00000001
00000000
00000001
00000000
00001000
,
00000000
00001000
00000000
00000200
00000000
00000300
00000000
00001000
,
00000000
00000100
00000000
00010000
00000000
00000000
00000000
00001000
,
00000000
00100000
00000000
00010000
00000000
00000000
00000000
01000000
,
00000000
00010000
00000000
10000000
00000000
00000000
00000000
00100000
,
00000000
01000000
00000000
00010000
00000000
00010000
00000000
10000000
,
00000000
01000000
00000000
00100000
00000000
00000000
00000000
00010000
,
00000000
01000000
00000000
00001000
00000000
00000000
00000000
00010000
,
00000000
00000100
00000000
00001000
00000000
00000010
00000000
00001000
,
00000000
00000000
00000000
00000001
00000000
00000000
00000000
00001001
,
00000000
00000000
00000000
00000010
00000000
00001000
00000000
00000200
,
00000000
00000000
00000000
00020300
00000000
00000000
00000000
00031000
,
00000000
00000000
00000000
00100000
00000000
00010000
00000000
01000000
,
00000000
00000000
00000000
00010000
00000000
00000000
00000000
00000000
,
00000000
00000000
01000000
00000000
00000000
00010000
00000000
00000000
,
10000000
10000000
00010000
00010000
,
01000000
00000000
00000000
00001000
00000000
00000000
00010000
00000000
,
00001000
00010000
00010000
00000100
,
00000000
00000000
00001000
00000000
00000000
00000010
00000000
00000000
,
00000100
00000100
00000001
00000001
,
00001000
00000000
00000000
00000100
00000000
00000000
00010000
00000000
,
00001000
00100000
00100000
00010000
,
01000000
01000000
00010000
00100000
,
00001000
00001000
00010000
00000100
,
00001000
00001000
00000010
00000100
,
00000001
00001000
00000100
00000010
,
00000001
00001000
00000100
00010000
,
00001000
00001000
00100000
00010000
,
01000000
01000000
00010000
10000000
,
01000000
00100000
00100000
00020000
,
00000000
10030000
00100000
01000000
,
00010000
00100000
00100000
00001000
,
00001000
00010000
00000100
00001000
,
00000010
00000100
00000001
00001000
,
00000100
00010000
00001000
00100000
,
00010000
01000000
00010000
10000000
,
01000000
10000000
00100000
01000000
,
00010000
10000000
01000000
00100000
,
00020000
00000000
00000000
00030000
,
00100000
00001000
00010000
00000100
,
00001000
00001000
00000010
00000100
,
00000001
00001000
00000100
00000010
,
00000001
00000001
00001000
00000100
,
00010000
00010000
00001000
00001000
,
00100000
00010000
01000000
00010000
,
00100000
00001000
00010000
00000100
,
00001000
00000100
00001000
00000100
,
00020000
00000000
00000000
00000000
,
00000000
00000000
00000000
00030000
;

//---------------dance-double - ----------------
#NOTES:
     dance-double:
     :
     Medium:
     9:
     0.462,0.471,0.017,0.099,0.000,376.000,2.000,12.000,0.000,0.000:
00000000
00000000
00000000
00000000
,
00000000
00000000
00000000
00000000
,
00000000
00000000
00000000
00000000
,
00000000
00000000
00000000
00000000
,
00000000
00000000
00000000
00000000
,
00000000
00000000
00000000
00000000
,
00000000
00000000
00000000
00000000
,
00000000
00000000
00000000
00000000
,
10000000
00000000
00000000
00100000
00000000
00000000
01000000
00000000
,
00010000
00010000
00100000
00010000
,
01000000
00000000
00000000
00001000
00000000
00000000
00010000
00000000
,
00000100
00000100
00001000
00001000
,
00000010
00000000
00000000
00000100
00000000
00000000
00000001
00000000
,
00001000
00001000
00000100
00000010
,
00000001
00000000
00000000
00001000
00000000
00000000
00000100
00000000
,
00000010
00000010
00002002
00003000
,
00000103
00000010
00001000
00000000
,
00000100
00000100
00010000
00001000
,
00100000
00010000
01000000
00000000
,
00010000
00010000
20000000
00000000
,
30100000
01000000
00010000
00100000
,
00001000
00010000
00000100
00001000
,
00000010
00000100
00000001
00001000
,
00000200
00000000
00020000
00000300
,
00030100
00001000
00000010
00000100
,
00000001
00001000
00000001
00000000
00000100
00000000
00000001
00000000
,
00001000
00000100
00000010
00000001
,
00001000
00000100
00001000
00000000
00000100
00010000
00000100
00000000
,
00010000
00001000
00100000
00010000
,
01000000
00010000
10000000
01000000
,
00100000
00010000
01000000
00001000
,
00100000
00010000
00100000
00000000
00002000
00000000
00000000
00000000
,
00013000
00000100
00001000
00000010
,
00000100
00000000
00000001
00000000
00001000
00000100
00001000
00000000
,
00000010
00000100
00000001
00001000
,
00000100
00010000
00000100
00000000
00010000
00001000
00010000
00000000
,
00001000
00100000
00010000
01000000
,
00010000
00000000
10000000
00000000
00100000
01000000
00100000
00000000
,
10000000
00010000
00100000
00010000
,
01000000
00010000
01000000
00000000
00010000
00100000
00010000
00000000
,
01000000
00000000
00001000
00000000
00010000
00001000
00010000
00000000
,
00000100
00000000
00001000
00000000
00000010
00000100
00000010
00000000
,
00001000
00000000
00000100
00000000
00000010
00000001
00000010
00000000
,
00000100
00000000
00001000
00000000
00000010
00000100
00000010
00001000
,
00000000
00000100
00000000
00010000
00001000
00010000
00000000
00001000
,
00000000
00100000
00000000
00010000
01000000
00010000
00000000
10000000
,
00000000
00100000
00000000
01000000
00010000
01000000
00010000
20000000
,
00000000
30020000
00000000
00230000
00000000
00000000
00000000
00310000
,
00000000
01000000
00000000
00001000
00010000
00001000
00000000
00010000
,
00000000
00000100
00000000
00001000
00000000
00000010
00000000
00000100
,
00000000
00000001
00000000
00001000
00000100
00001000
00000000
00000001
,
00000000
00000100
00000000
00000010
00000000
00000010
00000000
00001000
,
00000000
00000100
00000000
00010000
00001000
00010000
00000000
00001000
,
00000000
00100000
00000000
00010000
01000000
00010000
00000000
10000000
,
00000000
00100000
00000000
01000000
00010000
01000000
00010000
10000000
,
00000000
01000000
00000000
00100000
00000000
00010000
00000000
02000000
,
00000000
00000000
00000000
03010000
10000000
00010000
00000000
01000000
,
00000000
00010000
00000000
00100000
00000000
00001000
00000000
00010000
,
00001000
00010000
00000000
00001000
00010000
00001000
00000000
00010000
,
00000000
00000100
00000000
00001000
00000000
00000000
00000000
00000000
,
00000000
00000100
00000001
00000000
00000100
00000001
00000000
00001000
,
00000000
00000100
00000000
00001000
00000000
00000100
00000000
00010000
,
00000000
00001000
00100000
00000000
00001000
00100000
00000000
00001000
,
01000000
00000000
00001000
01000000
00000000
00010000
00000000
00100000
,
00000000
01000000
10000000
00000000
01000000
10000000
00000000
00100000
,
00000000
01000000
00000000
00010000
00000000
10000000
00000000
01000000
,
00000000
00100000
00010000
00000000
00100000
00010000
00000000
01000000
,
00010000
00000000
01000000
00010000
00000000
10000000
00000000
01000000
,
00000000
10000000
00100000
00000000
01000000
00000000
00010000
00000000
,
00100000
00000000
00010000
00000000
01000000
00000000
00001000
00010000
,
00001000
00010000
00000100
00001000
,
00000010
00000000
00000100
00000000
00000001
00000010
00000001
00000010
,
00000001
00001000
00000010
00000100
,
00000001
00000000
00001000
00000000
00000100
00000000
00010000
00001000
,
00010000
00001000
00100000
00010000
,
01000000
00000000
00010000
00000000
10000000
01000000
10000000
01000000
,
10000000
00100000
01000000
00010000
,
00100000
00001000
00010000
00000010
,
00001000
00000100
00001000
00000010
,
00000100
00000000
00000001
00000000
00001000
00000010
00001000
00000010
,
00000100
00000001
00001000
00000100
,
00000010
00000100
00010000
00001000
,
01000000
00010000
00100000
00010000
,
10000000
00000000
00100000
00000000
01000000
00010000
01000000
00000000
,
00000000
00010000
00100000
00000000
00010000
01000000
00000000
00010000
,
10000000
00100000
01000000
00010000
,
00100000
00000000
00001000
00000000
00010000
00000000
00000100
00001000
,
00000100
00000010
00000001
00000100
,
00000010
00000000
00001000
00000000
00000100
00000000
00010000
00001000
,
00010000
00001000
00100000
00010000
,
01000000
00000000
00010000
00000000
10000000
00000000
00100000
01000000
,
00100000
10000000
01000000
00100000
,
00010000
01000000
00010000
00100000
00001000
00010000
00001000
00000000
,
00022000
00000000
00000000
00000000
,
00000000
00000000
00000000
00033000
;

//---------------dance-double - ----------------
#NOTES:
     dance-double:
     :
     Hard:
     10:
     0.713,0.825,0.066,0.141,0.070,577.000,8.000,17.000,0.000,0.000:
00000000
00000000
00000000
00000000
,
00000000
00000000
00000000
00000000
,
00000000
00000000
00000000
00000000
,
00000000
00000000
00000000
00000000
,
00000000
00000000
00000000
00000000
,
00000000
00000000
00000000
00000000
,
00000000
00000000
00000000
00000000
,
00000000
00000000
00000000
00000000
,
00100000
00000000
01000000
00010000
00000000
10000000
01000000
00000000
,
00100000
00000000
00010000
01000000
00000000
00010000
00100000
00000000
,
00001000
00010000
00000100
00001000
00000000
00000010
00000100
00000000
,
00000001
00000000
00000000
00000000
00001000
00000000
00000100
00000000
00000000
00000000
00000010
00000000
00000001
00000100
00000001
00000100
,
00000001
00000000
00001000
00000100
00000000
00000010
00000001
00000000
,
00001000
00000100
00010000
00010000
00000000
00001000
00100000
00000000
,
00010000
01000000
00010000
00000000
10000000
00100000
00000000
01000000
,
00010000
10000000
01000000
00100000
02200000
00000000
00000000
03300000
,
00010000
01000000
00100000
01000000
00010000
10000000
00000000
00000000
,
01000000
00010000
00001000
00000010
00000001
00000100
00000001
00000000
,
00001000
00000100
00000010
00000100
00001000
00000001
00000000
00000000
,
00000100
00001000
00010000
00100000
10000000
01000000
10000000
00000000
,
00010000
00100000
00010000
01000000
00000000
00001000
00000000
00010000
,
00001000
00000000
00100000
00002000
00000000
00000000
00003000
00000000
,
00010000
00001000
00010000
00000000
00000000
00000000
00001000
00000000
00000000
00000000
00000100
00000000
00000001
00001000
00000001
00001000
,
00000002
00000000
00000000
00000000
00000023
00000000
00000000
00000031
,
00001000
00000100
00001000
00000010
00000100
00000100
00000001
00000001
,
00001000
00000100
00010000
00001000
00100000
00010000
01000000
00000000
,
00010000
01000000
00010000
10000000
00100000
01000000
00010000
00100000
,
00010000
00010000
00010000
00010000
01000000
01000000
01000000
00000000
,
00001000
00100000
00010000
01000000
00001000
00010000
00000100
00001000
,
00000010
00000100
00000001
00001000
00000100
00000010
00000001
00000000
,
00001000
00000100
00010000
00001000
00100000
00010000
01000000
00010000
,
02010000
00000000
00000000
03000000
01020000
00000000
00000000
00030000
02010000
00000000
00000000
03000000
01020000
00000000
00000000
00030000
,
10000000
01000000
10000000
00100000
01000000
00010000
00100000
00010000
,
01000000
00001000
00010000
00000100
00001000
00000010
00000100
00000000
,
00000001
00000010
00000100
00001000
00000001
00000100
00000001
00000010
,
00000001
00000001
00000001
00000001
00000100
00000100
00000100
00000000
,
00000010
00001000
00000100
00001000
00000010
00010000
00001000
01000000
,
00010000
00100000
00010000
10000000
00100000
01000000
00010000
00000000
,
10000000
01000000
10000000
00100000
01000000
00010000
00100000
00010000
,
01000000
01000000
01000000
01000000
00010000
00010000
00010000
00000000
,
10000000
01000000
10000000
00010000
00100000
00010000
01000000
00000000
,
00001000
00010000
00000100
00001000
00000010
00000100
00000001
00000000
,
00001000
00000100
00010000
00001000
00100000
00010000
01000000
00010000
,
00100000
00001000
01000000
00010000
00100000
00010000
10000000
00010000
,
00100000
00010000
01000000
00010000
10000000
01000000
00000000
00100000
,
00010000
01000000
00100000
10000000
01000000
10000000
00000000
00010000
,
00100000
00001000
00010000
00000100
00001000
00000010
00000100
00000001
,
00001000
00000100
00000020
00000002
00000000
00000033
00000000
00001000
,
00000100
00010000
00001000
00100000
00010000
01000000
00000000
00010000
,
10000000
01000000
10000000
00100000
01000000
00010000
00000000
10000000
,
01000000
00100000
00010000
01000000
00001000
00010000
00000000
00000100
,
00001000
00000010
00000100
00000002
00001000
00001003
00001000
00000001
,
00000100
00000001
00001000
00000100
00010000
00001000
00000000
01000000
,
00010000
10000000
00100000
01000000
00010000
10000000
00000000
00010000
,
01000000
00100000
10000000
01000000
00100000
00010000
01000000
00001000
,
00000000
00010000
00000000
00001000
00000000
00100000
00000000
20020000
,
00000000
00000000
30030000
00000000
00000000
00000000
10000000
00000000
00100000
00000000
01000000
00000000
00010000
00000000
10000000
01000000
,
00100000
00000000
00010000
01000000
00001000
00000000
00100000
00001000
00010000
00000000
00000100
00001000
00000010
00000000
00000100
00000000
,
00000001
00000000
00001000
00000000
00000100
00000000
00000010
00000001
00001000
00000000
00000100
00000000
00001000
00000000
00000010
00000000
,
00000000
00000100
00000000
00000001
00000000
00000000
00000000
00000000
,
00000000
00001000
00000100
00000000
00000001
00000100
00000000
00010000
,
00000100
00000000
00001000
00000010
00000000
00000100
00000000
00000001
,
00000000
00001000
00000100
00000000
00010000
00001000
00000000
00100000
,
00010000
00000000
01000000
00010000
00000000
10000000
00000000
00100000
,
00000000
01000000
00010000
00000000
10000000
01000000
00000000
01000000
,
00010000
00000000
00010000
00001000
00000000
00000010
00000000
00000001
,
00000000
00000100
00000001
00000000
00001000
00000100
00000000
00010000
,
00001000
00000000
00100000
00010000
00000000
01000000
00000000
00010000
,
10000000
01000000
10000000
00100000
01000000
00010000
10000000
00000000
,
00010000
01000000
00100000
01000000
00001000
00010000
00001000
00000000
,
00010000
00000100
00001000
00000010
00000100
00000001
00001000
00000100
,
00000010
00000001
00001000
00000100
00010000
00001000
00010000
00000000
,
00001000
00100000
00010000
01000000
00010000
10000000
00010000
00000000
,
01000000
00100000
10000000
01000000
00100000
00010000
00100000
00000000
,
01000000
10000000
00010000
00100000
00010000
01000000
00001000
00010000
,
00000100
00001000
00000010
00000100
00000001
00000000
00002001
00000000
,
00003001
00000010
00000001
00001000
00000100
00000010
00000100
00010000
,
00001000
00100000
00010000
01000000
00010000
10000000
01000000
10000000
,
00100000
01000000
00010000
10000000
01000000
00100000
00010000
01000000
,
00010000
10000000
00100000
01000000
00010000
01000000
00010000
00000000
,
00100000
00001000
00010000
00000100
00001000
00000010
00000100
00000000
,
00000001
00001000
00000100
00000010
00000001
00001000
00000100
00000000
,
00000010
00000001
00001000
00000100
00010000
00001000
00100000
00010000
,
01000000
00010000
00100000
00010000
10000000
01000000
10000000
00000000
,
00000000
00010000
00100000
00000000
00001000
00010000
00000000
00000100
,
00001000
00000000
00000010
00000000
00000100
00000000
00000001
00000000
00001000
00000000
00000100
00010000
00000100
00000000
00000000
00000000
,
00001000
00000000
00000010
00000000
00000100
00000000
00000001
00000000
00001000
00000000
00000001
00000100
00000001
00000000
00000000
00000000
,
00001000
00000100
00010000
00001000
00100000
00010000
01000000
00010000
,
10000000
00000000
00100000
00000000
01000000
00000000
00010000
00000000
10000000
00000000
00010000
10000000
00010000
00000000
00000000
00000000
,
01000000
00000000
00010000
00000000
00100000
00000000
00001000
00000000
00010000
00000000
00001000
00010000
00001000
00000000
00000000
00000000
,
00010000
00000000
00000100
00000000
00001000
00000000
00000010
00000000
00000100
00000000
00000010
00001000
00000010
00000000
00000000
00000000
,
00000100
00000001
00001000
00000100
00010000
00001000
00100000
00010000
,
01000000
00010000
01000000
00000000
00001000
00000000
00000000
00000000
00010000
00001000
00010000
00000000
00000100
00000000
00000000
00000000
,
00022000
00000000
00000000
00000000
,
00000000
00000000
00000000
00033000
;
