#TITLE:Baby Got Back;
#SUBTITLE:;
#ARTIST:Sir MixAlot;
#TITLETRANSLIT:;
#SUBTITLETRANSLIT:;
#ARTISTTRANSLIT:;
#CREDIT:;
#BANNER:Baby Got Back BN.png;
#BACKGROUND:Baby Got Back BG.png;
#LYRICSPATH:;
#CDTITLE:;
#MUSIC:Baby Got Back.mp3;
#OFFSET:0.140;
#SAMPLESTART:68.347;
#SAMPLELENGTH:12.000;
#SELECTABLE:YES;
#BPMS:0.000=64.250,18.000=128.450;
#STOPS:176.250=0.460
;
#BGCHANGES:;
// cache tags:
#FIRSTBEAT:4.000;
#LASTBEAT:237.000;
#SONGFILENAME:Songs/Hip Hop/Baby Got Back/Baby Got Back.sm;
#HASMUSIC:1;
#HASBANNER:1;
#MUSICLENGTH:120.066;
// end cache tags

//---------------dance-single - ----------------
#NOTES:
     dance-single:
     :
     Easy:
     4:
     0.289,0.321,0.275,0.050,0.021,204.000,33.000,6.000,0.000,0.000:  // measure 1
0000
0000
0000
0000
,  // measure 2
2000
0000
0000
3001
0000
0000
0000
0000
0020
0000
0000
0130
0000
0000
0000
0000
,  // measure 3
2000
0000
0000
3001
0000
0000
0000
0000
0200
0000
0000
0310
0000
0000
0000
0000
,  // measure 4
2000
0000
0000
3001
0000
0000
0000
0000
0100
0000
0000
0000
0100
0000
0000
0000
,  // measure 5
0100
0100
1001
0001
,  // measure 6
0100
0000
0010
0010
,  // measure 7
1000
0000
0100
0000
,  // measure 8
0010
0000
1001
0110
,  // measure 9
1001
1000
1001
0000
,  // measure 10
0010
0010
0100
0001
,  // measure 11
1000
0000
0100
0100
,  // measure 12
1000
1000
0010
0000
,  // measure 13
0100
0001
1001
0000
,  // measure 14
0110
0000
0010
0010
,  // measure 15
1000
0000
0001
0000
,  // measure 16
0100
0000
0100
0000
1000
0000
1000
0010
,  // measure 17
0010
0010
1000
0001
,  // measure 18
0100
0001
1000
0010
,  // measure 19
1000
0000
0001
0001
,  // measure 20
1000
1000
0010
0100
,  // measure 21
0100
0100
0010
0001
,  // measure 22
1000
1000
0100
0100
,  // measure 23
1000
1000
0010
0000
,  // measure 24
1000
0000
0001
0001
,  // measure 25
1000
0000
0001
0001
,  // measure 26
1000
1000
0100
0100
,  // measure 27
0010
0000
0001
1001
,  // measure 28
0001
0110
0010
1000
,  // measure 29
0100
0001
0001
0000
,  // measure 30
1000
0000
0001
0010
,  // measure 31
0001
0000
1000
0000
,  // measure 32
0001
0000
1000
0010
,  // measure 33
0100
0001
1001
0001
,  // measure 34
1000
1000
0001
1000
,  // measure 35
0010
0100
0010
0100
,  // measure 36
0001
0001
1000
1000
,  // measure 37
0001
1000
1001
0001
,  // measure 38
1000
0001
1000
0001
,  // measure 39
1000
0000
0001
0000
0010
0000
0000
0100
,  // measure 40
0000
1001
0001
1000
,  // measure 41
0010
0010
0010
0000
0100
0000
0001
1000
,  // measure 42
0000
0001
1000
0010
,  // measure 43
0100
0000
0001
0001
,  // measure 44
1000
0110
0000
1000
,  // measure 45
1001
0001
0010
0100
,  // measure 46
0010
0100
0001
1001
,  // measure 47
0000
0001
1000
0110
,  // measure 48
0010
0100
0100
0110
,  // measure 49
0000
0001
1001
0001
,  // measure 50
1001
1000
1001
1000
,  // measure 51
1001
0110
0000
1001
,  // measure 52
1100
0001
0110
0010
,  // measure 53
0010
1000
1001
0001
,  // measure 54
0101
0001
1010
0010
,  // measure 55
0110
1001
0000
0110
,  // measure 56
0000
0001
1100
0110
,  // measure 57
0000
0001
0001
1000
,  // measure 58
1000
0001
0001
1000
,  // measure 59
1000
0001
1000
0002
,  // measure 60
0000
0003
0000
0000
;

//---------------dance-single - ----------------
#NOTES:
     dance-single:
     :
     Medium:
     6:
     0.371,0.541,0.433,0.058,0.025,253.000,52.000,7.000,0.000,0.000:  // measure 1
0000
0000
0000
0000
,  // measure 2
1000
0100
1000
0000
0002
0000
0000
0003
1000
0010
1000
0000
0002
0000
0000
0000
,  // measure 3
0013
0100
0010
0000
2000
0000
0000
3000
0100
0010
0100
0000
0002
0000
0000
0003
,  // measure 4
1000
0010
1000
0000
0200
0000
0000
0300
1000
0100
1000
0000
1001
0000
0000
0000
,  // measure 5
0110
0000
0001
0001
0001
0000
1001
0000
,  // measure 6
0010
1000
0100
0000
0001
0000
0010
0000
,  // measure 7
0001
0100
0001
0000
1000
0000
0000
0000
,  // measure 8
0001
0000
1001
1001
,  // measure 9
0110
0110
1001
0000
,  // measure 10
0001
0100
0001
0000
1000
0000
0010
0000
,  // measure 11
1100
0000
0000
0000
0101
0000
0001
0010
,  // measure 12
0100
0000
1000
1000
,  // measure 13
0001
0000
1001
0000
,  // measure 14
0110
0000
0000
0000
0001
0001
1000
1000
,  // measure 15
0100
0000
0001
0010
,  // measure 16
0100
0000
1000
0000
0010
0000
1000
0100
,  // measure 17
1000
1000
0001
0010
,  // measure 18
0101
0001
1100
0100
,  // measure 19
1010
0000
0110
0001
,  // measure 20
0101
0001
0011
0001
,  // measure 21
1100
0100
0100
1001
,  // measure 22
0100
0000
0101
0000
0000
1000
0100
1000
,  // measure 23
0001
0101
0100
0000
,  // measure 24
1000
0000
0010
0110
,  // measure 25
0001
0000
0001
0000
1000
0000
0100
1000
,  // measure 26
0100
0000
0000
0000
0001
0010
0001
0010
,  // measure 27
0001
0000
1001
0000
,  // measure 28
0101
0000
1010
0000
,  // measure 29
0000
0000
1001
0100
,  // measure 30
1001
0010
0110
1001
,  // measure 31
0110
0000
1001
0000
,  // measure 32
0110
0000
1001
1001
,  // measure 33
0110
0000
1001
0001
,  // measure 34
1000
0000
0010
0000
1000
0010
1000
0000
,  // measure 35
0001
0000
0100
0000
0001
0010
0001
0000
,  // measure 36
1000
0000
0010
0000
0100
0010
0100
0000
,  // measure 37
0001
0001
1000
1100
,  // measure 38
1000
0100
1000
0000
0001
0000
0011
0000
,  // measure 39
0001
0010
0001
0000
0100
0000
0101
0000
,  // measure 40
1000
0001
1000
0000
0100
0000
1100
0000
,  // measure 41
1001
0000
1001
0000
0101
0000
0001
1000
,  // measure 42
0010
0000
0000
0000
0100
1000
0010
0000
,  // measure 43
0100
0000
1000
1000
,  // measure 44
0001
0001
0000
1000
,  // measure 45
1001
0000
0100
0000
1000
0000
0010
1000
,  // measure 46
0010
0100
1000
0001
,  // measure 47
0000
0000
0001
0000
0100
0001
0100
0000
,  // measure 48
0001
0000
1000
0010
1000
0010
1000
0100
,  // measure 49
0000
0000
0001
0000
1000
0000
0001
0100
,  // measure 50
0001
0000
0010
0000
0001
0000
1000
0001
,  // measure 51
1000
0100
1000
0010
,  // measure 52
1010
0000
0100
1000
0001
0100
0001
0000
,  // measure 53
0000
0000
1000
0100
1000
0001
1000
0000
,  // measure 54
0000
0000
0001
0100
0001
1000
0100
0000
,  // measure 55
1001
0000
0100
1000
0010
1000
0100
1000
,  // measure 56
0001
0101
1100
0110
,  // measure 57
0001
1000
0001
0000
1000
0000
0100
0000
,  // measure 58
1000
0000
0010
0000
1000
0100
0000
0100
,  // measure 59
1001
0000
1000
0000
0100
1000
2002
0000
,  // measure 60
0000
3003
0000
0000
0000
0000
0000
0000
0000
0000
0000
0000
0000
0000
0000
0000
;

//---------------dance-single - ----------------
#NOTES:
     dance-single:
     :
     Hard:
     9:
     0.598,0.740,0.416,0.267,0.237,421.000,50.000,32.000,0.000,0.000:  // measure 1
0000
0000
0000
0000
,  // measure 2
0001
1000
0001
0010
0200
0000
0301
0000
0001
0100
0010
0100
2000
0000
3100
0000
,  // measure 3
0001
0010
0100
1000
2001
0000
3100
0000
1000
0010
0001
0010
2000
0000
3001
0000
,  // measure 4
1000
0001
1000
0001
0020
0000
0130
0000
0001
1000
0010
0100
0002
0000
1003
0000
,  // measure 5
1000
0010
0001
0010
2000
0000
3010
0000
1001
0000
0100
0000
0001
0000
0100
0000
,  // measure 6
0002
0000
1003
0001
0100
0001
0010
0100
,  // measure 7
2000
0000
0001
3010
0100
1000
0001
1000
,  // measure 8
0100
0001
0100
0000
1000
0000
0100
0000
0001
0000
0100
0000
1000
0000
1000
0000
,  // measure 9
0100
1000
0010
0000
0220
0330
0000
0100
,  // measure 10
1000
0100
0000
0000
0001
0000
0010
0000
0001
0000
0100
0000
0001
0000
1000
0000
,  // measure 11
2200
0000
0000
0000
3300
0000
0000
0000
0001
0010
0000
0010
0100
0000
0100
0000
,  // measure 12
1000
0000
0000
1010
0000
0000
0100
0000
0001
0000
1000
0000
0100
0000
1000
0000
,  // measure 13
1010
0100
0002
0000
2003
0000
3020
0000
,  // measure 14
1030
0100
0010
0000
0001
0000
0010
0000
0000
0000
0001
0000
0100
0000
0001
0000
,  // measure 15
1000
0110
0000
0100
1000
0100
0001
1000
,  // measure 16
0010
0000
0000
0010
0000
0100
0001
0000
0100
0000
1000
0000
0001
0000
1000
0100
,  // measure 17
0010
0001
1000
0100
0011
0000
0001
0010
,  // measure 18
1000
0000
0000
0001
0000
0000
0000
1000
0100
0000
0010
0000
0100
0000
1000
0000
,  // measure 19
0120
0000
0000
1030
0110
0000
1002
0000
,  // measure 20
0013
0000
1200
0000
0310
0001
0010
0100
,  // measure 21
0110
0000
1100
0000
0000
0001
0010
0100
,  // measure 22
1100
0000
0000
0001
0000
0000
0000
0000
0000
0010
0100
0000
0001
0000
0010
0000
,  // measure 23
0100
0000
0000
0110
0000
0000
0000
0000
2001
0000
0010
0000
3001
0000
0000
0000
,  // measure 24
0120
0000
1000
0030
0100
0000
0001
0000
0010
0000
0001
0000
0100
0000
1001
0000
,  // measure 25
0010
0000
0000
0001
0010
0100
1000
1000
,  // measure 26
2000
0000
3000
1000
0100
0010
0001
0001
,  // measure 27
0002
0000
0000
0000
0003
0000
0001
0000
0100
0000
0010
0000
1000
0000
0001
1000
,  // measure 28
0010
0000
1000
0000
0011
0000
0000
0000
0000
0100
1000
0000
0100
0000
1000
0000
,  // measure 29
0010
0100
1100
1010
,  // measure 30
0110
0000
0000
0000
0101
0000
0000
0000
0001
0000
1000
0000
0100
0000
1000
0010
,  // measure 31
0000
1001
0000
0000
0110
0000
0000
0000
0001
0000
0001
0000
1000
0000
1000
0000
,  // measure 32
0001
0001
1000
1000
0010
0100
0001
0100
,  // measure 33
0110
0000
0000
0000
0110
0000
0010
0000
0100
0000
1000
0000
0100
0000
1000
0100
,  // measure 34
0010
0000
0001
0000
1100
0000
0000
0000
0100
0000
1000
0000
0010
0000
0000
0010
,  // measure 35
1000
0001
0100
0000
0100
1000
1100
0001
,  // measure 36
0101
1000
0100
0010
0001
0100
0010
1000
,  // measure 37
0001
1000
0001
0010
0011
0010
1000
0010
,  // measure 38
0001
0100
1000
0100
0010
1000
1000
0001
,  // measure 39
1000
0000
1000
0000
0001
0000
1000
0000
1000
0000
0100
0000
1000
0001
0000
0001
,  // measure 40
0010
0000
0100
0000
0010
0100
0000
0100
1000
0000
0001
0000
1000
0000
0001
0100
,  // measure 41
0001
1000
1100
0101
0001
1000
0100
0010
,  // measure 42
0200
0000
0000
0000
0301
0000
0000
0001
0100
1000
0000
1000
0000
0010
0000
0200
,  // measure 43
0000
0000
0310
0001
1000
0010
1000
0010
,  // measure 44
1000
0000
0001
0000
1000
0100
0000
0000
0000
0000
0100
0000
1000
0000
0001
0000
,  // measure 45
0010
0002
0003
0000
1000
0000
0000
0000
0100
0000
0000
0000
0010
0000
0001
0000
,  // measure 46
1000
0000
0000
0000
1000
0010
0000
0100
0000
0001
0000
0010
0000
0000
0000
0000
,  // measure 47
0000
1001
0100
0010
1010
0100
0110
1100
,  // measure 48
0000
0000
0100
1000
0100
0000
1000
0000
0001
0000
0010
0000
0101
0000
1100
0000
,  // measure 49
0000
0000
1000
0000
0010
0100
0010
0000
0010
0000
2000
0000
0100
0000
0000
0000
,  // measure 50
3000
0000
0010
0000
1000
0100
1000
0000
0010
0000
0100
0000
0002
0000
1000
0000
,  // measure 51
1003
0000
0001
0000
0010
0000
0010
0000
0001
0000
0100
0000
0001
0200
0000
0000
,  // measure 52
0000
0000
1300
0000
0010
0000
0100
0000
0001
0000
0100
0000
0010
2000
0001
0000
,  // measure 53
3001
0000
1001
0100
1000
0010
1001
0010
,  // measure 54
0100
0000
0110
0001
0010
1000
0110
0001
,  // measure 55
1100
0000
0001
0000
1000
0000
0010
0000
0100
0000
0001
0000
1000
0000
0010
0100
,  // measure 56
0000
0000
0000
1000
0001
0000
1000
0000
0010
0000
0100
0000
0101
0000
0000
0000
,  // measure 57
0010
0100
0010
0000
1001
0100
0000
1000
,  // measure 58
0101
0001
0010
0100
1000
0000
1000
0010
,  // measure 59
0100
0000
1001
0000
0100
2002
0000
0000
,  // measure 60
0000
3003
0000
0000
;

//---------------dance-single - ----------------
#NOTES:
     dance-single:
     :
     Challenge:
     9:
     0.622,0.864,0.242,0.158,0.450,475.000,29.000,19.000,0.000,0.000:  // measure 1
0000
0000
0000
0000
,  // measure 2
1000
0100
0001
0100
1000
1000
0010
1000
0100
0010
0001
0010
0001
0001
0010
0001
,  // measure 3
0100
0010
0100
0010
0100
0100
0001
1000
0100
0010
0100
1010
0010
0010
1000
0100
,  // measure 4
0010
0001
1000
0001
0110
0100
0100
0010
0100
1000
0010
0100
0001
0001
1000
0100
,  // measure 5
1000
0010
0100
0001
1000
0000
0100
0000
1001
0000
0001
1000
0001
0000
1000
0000
,  // measure 6
0100
1000
0100
0000
1001
0000
0001
0000
0100
0001
1000
0001
0010
0000
0001
0000
,  // measure 7
0100
0001
0100
0000
1001
0000
0001
1000
0100
0000
1000
0000
0001
0000
1000
0010
,  // measure 8
0100
0001
0010
0001
1000
0000
0001
0100
0001
0000
0010
0000
0001
0000
0001
0000
,  // measure 9
0100
0000
1000
0000
0010
0000
0000
0000
2002
0000
0000
3003
0000
0000
0001
1000
,  // measure 10
0100
2000
0000
0000
3010
0000
1000
0100
1000
0000
0010
0100
0001
0000
0100
0000
,  // measure 11
1000
0000
0000
0000
0000
0000
0000
0000
0100
1000
0000
0001
0010
0000
0100
0000
,  // measure 12
0001
0000
0000
0010
0000
0000
0001
0000
0100
0000
0100
0001
0100
0000
0001
0000
,  // measure 13
1000
0000
0100
0000
1100
0000
0000
0000
1010
0000
0000
0000
0110
0000
0000
0100
,  // measure 14
0001
0100
0001
0000
0010
0000
0001
0000
0000
0000
0010
0000
0100
0000
0010
0000
,  // measure 15
1000
0100
0000
0100
1000
1000
0010
0010
,  // measure 16
0100
0000
0000
0100
0000
0001
1000
0000
0001
0000
1000
0000
0001
0000
1000
0020
,  // measure 17
1000
1000
1000
1030
1001
0000
0001
1000
,  // measure 18
0010
0000
0000
0100
0000
0000
0000
0100
0001
1000
0001
0100
0001
0010
0002
0000
,  // measure 19
1003
0000
0000
1000
0002
0000
0203
0000
,  // measure 20
2300
0000
0000
0000
3100
0000
1000
0100
0010
0000
0100
0000
1000
0000
0010
0000
,  // measure 21
0002
0000
0103
0000
0000
0100
1000
0010
,  // measure 22
1001
0000
0000
0100
0001
0000
0000
0000
0000
0001
1000
0000
0100
0000
1000
0000
,  // measure 23
0002
0000
0000
1000
0000
0003
1000
0000
0200
0000
0000
0000
0000
0300
0000
0000
,  // measure 24
2002
0000
0000
0000
0000
3003
1000
0100
0010
0001
0010
0100
0010
0000
0100
0000
,  // measure 25
0001
0000
0100
0000
1000
0010
1000
0001
,  // measure 26
2000
0000
0000
3000
0000
0000
1000
0001
1000
0000
0001
0000
0100
0000
0001
0000
,  // measure 27
0020
0000
0000
0030
0000
0000
1000
0000
0100
0000
0001
0000
1000
0000
0100
0010
,  // measure 28
0100
1000
0100
0000
1000
0000
0010
0000
1000
0000
0010
0000
0100
0000
0001
0000
,  // measure 29
0101
0000
0000
0000
0100
0000
0000
0000
0001
0010
0000
0000
1000
0000
0000
0000
,  // measure 30
1000
0010
0000
0000
0001
0000
0001
0010
1000
0000
0100
0000
0001
0000
0001
0100
,  // measure 31
0000
1000
0000
0000
1001
0000
0001
0000
0100
0000
1000
0000
1100
0000
1010
0000
,  // measure 32
0001
0000
0100
0000
0011
0000
0101
0000
0001
0000
0100
0000
1000
0000
0100
0001
,  // measure 33
0000
0000
0000
0000
0001
0100
1000
0000
1000
0000
0100
0000
1000
0000
0100
1000
,  // measure 34
0100
0000
1000
0000
0001
0000
0100
0000
0001
0000
0010
0000
0001
0000
0010
0001
,  // measure 35
0010
0001
0010
1000
0010
0001
0010
1010
,  // measure 36
1000
0000
0010
0000
1000
0000
0100
0000
0010
0000
0001
0000
1000
0000
0100
1000
,  // measure 37
0100
0000
1001
0000
0100
0000
0000
0000
0011
0000
0100
0000
0001
0000
1000
0001
,  // measure 38
0100
0000
0001
0000
0100
0000
1000
0000
0010
0000
0001
0000
0010
0000
1000
0010
,  // measure 39
0001
0000
0010
0000
1000
0000
0100
0000
0010
0000
0100
0000
0001
0000
0100
0001
,  // measure 40
0100
0000
0001
0000
0100
0000
1000
0000
0100
0000
1000
0000
0010
0000
1000
0010
,  // measure 41
1000
0010
1000
0100
0001
0100
1000
0100
,  // measure 42
0001
0000
0000
0000
0000
0000
0000
0001
0100
1000
0000
0010
0000
0000
0001
0010
,  // measure 43
0000
0000
0000
0000
0000
0000
0001
0100
1000
0000
0001
0000
0100
0000
1000
0100
,  // measure 44
1000
0000
0001
0000
1000
0001
0000
0000
0000
0001
0100
0000
0100
1000
0001
0000
,  // measure 45
0010
1000
0000
0000
1000
0000
0010
0000
1000
0000
0001
1000
0010
0000
1000
0001
,  // measure 46
0000
0000
0000
0000
0100
1000
0000
0001
0000
0010
0000
0100
0000
0000
0000
0000
,  // measure 47
1001
0001
0010
1000
0011
0001
0100
0001
,  // measure 48
0000
0001
0010
0000
0001
0000
1000
0000
0010
0000
0100
0000
0001
0000
1000
0000
,  // measure 49
0000
0100
1000
0010
0001
1000
0020
0000
,  // measure 50
0030
0000
0100
0000
1000
0000
0010
0000
0100
0000
0001
2020
0000
0000
0000
0000
,  // measure 51
3030
0000
0001
0000
1000
0000
0010
0000
0001
0000
0100
0000
1000
0001
0000
0000
,  // measure 52
0000
0000
1000
0000
0100
1000
0000
0100
0000
1000
0001
0000
1000
0001
0000
0000
,  // measure 53
0000
0000
0001
0000
1000
0100
0001
0100
1000
0000
0100
0000
1001
0000
0000
0000
,  // measure 54
0000
0000
0001
0000
0010
0001
0010
1000
0010
0000
0001
0000
0101
0000
0000
0000
,  // measure 55
0000
0000
0001
0000
1000
0000
0100
0000
0001
0000
0100
0000
1000
0000
1000
0100
,  // measure 56
0000
0000
0000
0100
0001
0000
0010
0000
1000
0000
0010
0000
0001
0000
0000
0000
,  // measure 57
1001
0000
0100
0000
1000
0000
0010
0000
0100
0000
0001
1000
0100
0000
1000
0000
,  // measure 58
0010
0000
0100
0001
0010
0011
1100
0001
,  // measure 59
1000
0100
0001
0000
1000
0000
0200
0000
,  // measure 60
0000
0300
0000
0000
;
