#TITLE:BUMBLE BEE;
#SUBTITLE:;
#ARTIST:bambee;
#TITLETRANSLIT:;
#SUBTITLETRANSLIT:;
#ARTISTTRANSLIT:;
#CREDIT:;
#BANNER:BUMBLE BEE.png;
#BACKGROUND:BUMBLE BEE-bg.png;
#LYRICSPATH:;
#CDTITLE:./CDTITLES/ZIP MANIA 3.PNG;
#MUSIC:BUMBLE BEE.mp3;
#OFFSET:-1.804;
#SAMPLESTART:15.540;
#SAMPLELENGTH:12.000;
#SELECTABLE:YES;
#BPMS:0.000=137.970;
#STOPS:;
#BGCHANGES:;
// cache tags:
#FIRSTBEAT:16.000;
#LASTBEAT:196.000;
#SONGFILENAME:Songs/DDI/BUMBLE BEE/BUMBLE BEE.sm;
#HASMUSIC:1;
#HASBANNER:1;
#MUSICLENGTH:89.704;
// end cache tags

//---------------dance-single - ----------------
#NOTES:
     dance-single:
     :
     Easy:
     3:
     0.218,0.273,0.045,0.000,0.000,133.000,4.000,0.000,0.000,0.000:  // measure 1
0000
0000
0000
0000
,  // measure 2
0000
0000
0000
0000
,  // measure 3
0000
0000
0000
0000
,  // measure 4
0000
0000
0000
0000
,  // measure 5
1000
0000
0000
0000
,  // measure 6
0001
0000
0000
0000
,  // measure 7
0100
0000
0000
0000
,  // measure 8
1001
0000
0000
0000
,  // measure 9
1000
1000
0001
0001
,  // measure 10
0010
0001
0100
1000
,  // measure 11
0001
0001
1000
0001
,  // measure 12
1000
1000
0001
1000
,  // measure 13
0100
0100
0010
0010
,  // measure 14
0100
1000
0010
0001
,  // measure 15
1000
1000
0001
1000
,  // measure 16
0001
0001
1000
0001
,  // measure 17
1001
0000
0000
0000
,  // measure 18
0010
0000
0010
0000
,  // measure 19
0001
1000
0100
0000
,  // measure 20
1000
1000
1000
0000
,  // measure 21
0001
0001
0001
0000
,  // measure 22
0010
0000
0100
0000
,  // measure 23
0001
1000
0001
0000
,  // measure 24
0001
0001
0010
0001
,  // measure 25
0010
0001
0100
0000
,  // measure 26
0001
0000
1000
0000
,  // measure 27
0001
0000
1000
0000
,  // measure 28
0010
0000
0010
0000
,  // measure 29
0100
0000
0100
0000
,  // measure 30
1000
0000
0001
0000
,  // measure 31
1000
0000
0001
0000
,  // measure 32
0100
0000
0010
0010
,  // measure 33
1001
0000
0000
0000
,  // measure 34
1000
1000
0001
0001
,  // measure 35
0010
0001
0100
1000
,  // measure 36
0001
0001
1000
0001
,  // measure 37
1000
1000
0001
1000
,  // measure 38
0100
0100
0010
0010
,  // measure 39
0100
1000
0010
0001
,  // measure 40
0100
0100
0010
0100
,  // measure 41
0010
0010
0100
0010
,  // measure 42
0001
0000
0100
0000
,  // measure 43
1000
0000
0010
0000
,  // measure 44
0001
0001
0001
0100
,  // measure 45
0001
0001
0001
0010
,  // measure 46
0001
0000
1000
0000
,  // measure 47
0010
0000
1000
0000
,  // measure 48
1000
1000
1000
0100
,  // measure 49
1000
1000
1000
0010
,  // measure 50
1001
0000
0000
0000
;

//---------------dance-single - ----------------
#NOTES:
     dance-single:
     :
     Medium:
     5:
     0.349,0.382,0.323,0.000,0.000,190.000,29.000,0.000,0.000,0.000:  // measure 1
0000
0000
0000
0000
,  // measure 2
0000
0000
0000
0000
,  // measure 3
0000
0000
0000
0000
,  // measure 4
0000
0000
0000
0000
,  // measure 5
0001
0010
1000
0100
,  // measure 6
1000
0010
0001
0100
,  // measure 7
0001
0010
0100
1000
,  // measure 8
1000
0010
0100
0001
,  // measure 9
1000
0000
1000
0000
0001
0100
0001
0000
,  // measure 10
0010
0000
0010
0000
0100
0010
0100
0000
,  // measure 11
1001
1001
0010
0100
,  // measure 12
1001
1001
0010
0100
,  // measure 13
0001
0000
0001
0000
1000
0010
1000
0000
,  // measure 14
0100
0000
0100
0000
0010
0100
0010
0000
,  // measure 15
1001
1001
0100
0010
,  // measure 16
1001
1001
0100
0010
,  // measure 17
1001
0000
0000
0000
0000
0000
0000
1000
,  // measure 18
0100
0000
0010
0001
0010
0000
0000
0000
,  // measure 19
1000
0000
0100
0010
0000
0000
0000
0000
,  // measure 20
1001
0000
1100
0000
0101
0000
0010
1000
,  // measure 21
0100
0000
0001
0000
0100
0000
0010
1000
,  // measure 22
0010
0000
0100
0001
0100
0000
0000
0000
,  // measure 23
0010
0000
0001
0100
0000
0000
0000
0000
,  // measure 24
1000
0100
1000
0100
1000
0000
0010
0001
,  // measure 25
0001
1000
0010
0000
,  // measure 26
0100
0000
0001
0010
0001
0000
1000
0000
,  // measure 27
1000
0000
1000
0100
0000
0000
0000
0000
,  // measure 28
1000
0000
0001
1000
0001
0000
1000
0000
,  // measure 29
0001
0000
0000
0000
,  // measure 30
1000
0000
0001
0010
0001
0000
1000
0000
,  // measure 31
0010
0000
0100
0001
0000
0000
0000
0000
,  // measure 32
1000
0000
0100
0010
0100
0000
1000
0000
,  // measure 33
0001
0000
0000
0000
,  // measure 34
0001
0000
0001
0000
0010
0100
0010
0000
,  // measure 35
0001
0000
0001
0000
1000
0100
1000
0000
,  // measure 36
1001
1001
0100
0010
,  // measure 37
1001
0110
1000
0001
,  // measure 38
0010
0000
0100
1000
0100
1000
0100
0000
,  // measure 39
0010
0000
0001
0000
0100
0010
0100
0000
,  // measure 40
1001
1100
0001
0100
,  // measure 41
1001
0101
1000
0100
,  // measure 42
0010
0001
1000
0010
,  // measure 43
0100
0001
1000
0010
,  // measure 44
0101
0000
1100
0000
0010
0001
0010
0000
,  // measure 45
1100
0000
0101
0000
1000
0010
1000
0000
,  // measure 46
0001
0100
1000
0100
,  // measure 47
0010
0001
1000
0010
,  // measure 48
0101
0000
1010
0000
0100
0010
0100
0000
,  // measure 49
1001
0000
0110
0000
1000
0100
0001
0000
,  // measure 50
1001
0000
0000
0000
;

//---------------dance-single - ----------------
#NOTES:
     dance-single:
     :
     Hard:
     7:
     0.424,0.437,0.100,0.000,0.156,257.000,9.000,0.000,0.000,0.000:  // measure 1
0000
0000
0000
0000
,  // measure 2
0000
0000
0000
0000
,  // measure 3
0000
0000
0000
0000
,  // measure 4
0000
0000
0000
0000
,  // measure 5
0001
0000
0000
0000
1000
0000
0000
0100
0000
0000
1000
0000
0000
0000
1000
0000
,  // measure 6
0001
0000
0000
0000
0010
0000
0000
0100
0000
0000
1000
0000
0010
0000
1000
0000
,  // measure 7
0001
0000
0000
0000
1000
0000
0000
0100
0000
0000
0010
0000
0000
0000
0010
0000
,  // measure 8
0001
0000
0000
0000
1000
0000
0000
0100
0000
0000
0010
0000
0001
0000
0010
0000
,  // measure 9
0100
0000
1000
0000
0001
0100
0001
0000
,  // measure 10
0010
0100
1000
0100
0010
0001
0010
0000
,  // measure 11
0100
0000
1000
0100
0000
1000
0100
0000
0010
0000
0000
0000
0001
0000
0000
0000
,  // measure 12
1000
0000
0100
0010
0000
0100
0010
0000
0001
0000
0000
0000
1000
0000
0000
0000
,  // measure 13
0010
0000
0100
0001
0100
0010
1000
0000
,  // measure 14
0001
0010
0100
1000
0001
0010
0001
0000
,  // measure 15
0100
0000
0001
0010
0000
0100
1000
0000
0001
0000
0000
0000
0100
0000
0000
0000
,  // measure 16
0010
0000
1000
0001
0000
0100
0010
0000
1000
0000
0000
0000
0100
0000
0000
0000
,  // measure 17
0101
0000
0000
0000
,  // measure 18
1000
0100
0010
0100
0010
0001
1000
0000
,  // measure 19
0010
0100
0001
0100
0000
0000
0000
0000
,  // measure 20
0001
0010
0100
0010
0001
0000
1100
0000
,  // measure 21
0010
0001
1000
0001
0100
0000
1100
0000
,  // measure 22
0010
0001
0100
0010
1000
0100
0010
0000
,  // measure 23
0001
0100
0010
0100
0000
0000
0000
0000
,  // measure 24
0010
1000
0001
0010
0100
0000
1001
0000
,  // measure 25
0100
0010
0100
0000
1001
0000
0000
0000
,  // measure 26
0010
0100
1000
0100
0010
0000
0001
0100
,  // measure 27
0010
0000
1000
0100
0000
0000
0000
0000
,  // measure 28
0010
0000
0001
0100
0001
0000
1000
0100
,  // measure 29
0000
0010
0000
0000
0000
0000
0000
0000
,  // measure 30
0001
0000
1000
0010
1000
0000
1000
0100
,  // measure 31
1000
0000
0010
0001
0000
0000
0000
0000
,  // measure 32
1000
0000
0010
0100
0010
0000
0100
0000
,  // measure 33
1001
0000
0000
0000
,  // measure 34
1100
0000
0010
0001
1000
0100
0010
0000
,  // measure 35
0001
1000
0001
0100
0001
0010
0010
0000
,  // measure 36
0100
0000
1000
0010
0000
0100
0010
0000
1000
0000
0000
0000
0001
0000
0000
0000
,  // measure 37
0010
0000
0100
1000
0000
0100
0010
0000
0001
0000
0000
0000
0100
0000
0000
0000
,  // measure 38
1100
0000
0010
0001
1000
0100
0010
0000
,  // measure 39
0001
1000
0001
0100
0010
0100
0100
0000
,  // measure 40
0001
0000
0010
0100
0000
1000
0100
0000
0010
0000
0000
0000
0001
0000
0000
0000
,  // measure 41
1000
0000
0010
0100
0000
0001
0100
0000
0010
0000
0000
0000
1000
0000
0000
0000
,  // measure 42
0100
0000
0010
0001
0000
1000
0000
1000
,  // measure 43
0100
0000
0010
0001
0000
0001
0010
0100
,  // measure 44
1000
0000
0100
0010
0000
0100
1000
0000
0001
0000
0000
0000
0010
0000
0000
0000
,  // measure 45
0100
0000
1000
0010
0000
0100
0001
0000
0100
0000
0000
0000
0010
0000
0000
0000
,  // measure 46
1000
0000
0100
0010
0000
0001
0000
1000
,  // measure 47
0010
0000
0100
0010
0000
1000
0100
0010
,  // measure 48
0001
0000
0100
0010
0000
1000
0100
0000
0010
0000
0000
0000
0001
0000
0000
0000
,  // measure 49
0100
0000
0010
1000
0000
0100
0010
0000
0001
0000
0000
0000
1000
0000
0000
0000
,  // measure 50
0110
0000
0000
0000
;

//---------------dance-double - ----------------
#NOTES:
     dance-double:
     :
     Easy:
     3:
     0.221,0.273,0.045,0.000,0.000,135.000,4.000,0.000,0.000,0.000:  // measure 1
00000000
00000000
00000000
00000000
,  // measure 2
00000000
00000000
00000000
00000000
,  // measure 3
00000000
00000000
00000000
00000000
,  // measure 4
00000000
00000000
00000000
00000000
,  // measure 5
00010000
00000000
00001000
00000000
,  // measure 6
00000100
00000000
00000001
00000000
,  // measure 7
00001000
00000000
00000000
00000000
,  // measure 8
00011000
00000000
00000000
00000000
,  // measure 9
00100000
00100000
01000000
10000000
,  // measure 10
00010000
01000000
10000000
00100000
,  // measure 11
01000000
01000000
00001000
00000100
,  // measure 12
00000010
00000010
00010000
01000000
,  // measure 13
00100000
00100000
01000000
10000000
,  // measure 14
00010000
01000000
10000000
00100000
,  // measure 15
01000000
01000000
00001000
00000100
,  // measure 16
00000010
00000010
00010000
01000000
,  // measure 17
10010000
00000000
00000000
00000000
,  // measure 18
00001000
00000000
00001000
00000000
,  // measure 19
00010000
00001000
00000100
00000000
,  // measure 20
00000001
00000001
00000001
00000000
,  // measure 21
00001000
00001000
00001000
00000000
,  // measure 22
00000100
00000000
00010000
00000000
,  // measure 23
00001000
00100000
01000000
00000000
,  // measure 24
10000000
00010000
01000000
00100000
,  // measure 25
10000000
00010000
01000000
00000000
,  // measure 26
00100000
00000000
10000000
00000000
,  // measure 27
01000000
00000000
00010000
00000000
,  // measure 28
00001000
00000000
00000100
00000000
,  // measure 29
00000001
00000000
00000010
00000000
,  // measure 30
00000010
00000000
00000001
00000000
,  // measure 31
00000100
00000000
00001000
00000000
,  // measure 32
00010000
00000000
01000000
10000000
,  // measure 33
01100000
00000000
00000000
00000000
,  // measure 34
00100000
00100000
01000000
10000000
,  // measure 35
00010000
01000000
10000000
00100000
,  // measure 36
01000000
01000000
00001000
00000100
,  // measure 37
00000010
00000010
00010000
01000000
,  // measure 38
00100000
00100000
01000000
10000000
,  // measure 39
00010000
01000000
10000000
00100000
,  // measure 40
01000000
01000000
00001000
00000100
,  // measure 41
00000010
00000010
00010000
01000000
,  // measure 42
10000000
00000000
00010000
00000000
,  // measure 43
10000000
00000000
00010000
00000000
,  // measure 44
01000000
01000000
00010000
00010000
,  // measure 45
00000100
00000100
00000001
00000001
,  // measure 46
00001000
00000000
00000001
00000000
,  // measure 47
00000010
00000000
00000001
00000000
,  // measure 48
00001000
00001000
01000000
01000000
,  // measure 49
10000000
10000000
00010000
00010000
,  // measure 50
10010000
00000000
00000000
00000000
;

//---------------dance-double - ----------------
#NOTES:
     dance-double:
     :
     Medium:
     5:
     0.357,0.382,0.524,0.000,0.000,177.000,47.000,0.000,0.000,0.000:  // measure 1
00000000
00000000
00000000
00000000
,  // measure 2
00000000
00000000
00000000
00000000
,  // measure 3
00000000
00000000
00000000
00000000
,  // measure 4
00000000
00000000
00000000
00000000
,  // measure 5
00000001
00000010
00000100
00010000
,  // measure 6
00001000
00100000
01000000
10000000
,  // measure 7
00010000
00000000
01000000
01000000
00000000
00100000
00100000
00000000
,  // measure 8
10010000
00000000
01000000
01000000
00000000
00000000
00000000
00000000
,  // measure 9
00011000
00000000
00001010
00000000
00000000
00000001
00000001
00000000
,  // measure 10
00001100
00000000
00011000
00000000
00000000
00100000
00100000
00000000
,  // measure 11
10010000
01100000
00001000
00010000
,  // measure 12
00001010
00000101
00001000
00000100
,  // measure 13
00011000
00000000
00110000
00000000
00000000
10000000
10000000
00000000
,  // measure 14
01100000
00000000
10010000
00000000
00000000
01000000
01000000
00000000
,  // measure 15
00011000
00001010
00000100
00000001
,  // measure 16
00001100
00011000
00100000
01000000
,  // measure 17
10010000
00000000
00000000
00000000
,  // measure 18
00100000
00001000
00010000
00000000
00000100
00010000
00001000
00000000
,  // measure 19
00100000
00010000
01000000
00000000
11000000
00000000
00000000
00000000
,  // measure 20
00100000
00001000
00010000
00000100
,  // measure 21
00000010
00000001
00001100
00000000
,  // measure 22
00010000
00001000
01000000
00000000
00010000
10000000
01000000
00000000
,  // measure 23
00100000
00001000
00010000
00000000
00001010
00000000
00000000
00000000
,  // measure 24
00010000
00000100
00000010
00000001
,  // measure 25
00001000
00000100
00011000
00000000
,  // measure 26
00100000
00000000
01000000
10000000
00000000
10000000
01000000
00000000
,  // measure 27
00100000
00000000
00001000
00010000
00000000
00000000
00000000
00000000
,  // measure 28
00000010
00000100
00000001
00001000
,  // measure 29
00000110
00000000
00000000
00000000
,  // measure 30
00010000
00001000
00010000
00000100
00000000
00010000
00001000
00000000
,  // measure 31
00100000
00000000
00010000
01000000
00000000
00000000
00000000
00000000
,  // measure 32
00001000
00010000
00000010
00000100
,  // measure 33
00001001
00000000
00000000
00000000
,  // measure 34
00011000
00000000
01010000
00000000
00000000
00100000
00100000
00000000
,  // measure 35
10010000
00000000
01100000
00000000
00000000
00010000
00010000
00000000
,  // measure 36
00011000
00001010
00000001
00000010
,  // measure 37
00001100
00011000
00100000
00010000
,  // measure 38
11000000
00000000
01010000
00000000
00000000
00001000
00001000
00000000
,  // measure 39
00011000
00000000
00001010
00000000
00000000
00000100
00000100
00000000
,  // measure 40
00011000
00110000
10000000
01000000
,  // measure 41
00110000
00011000
00000100
00000010
,  // measure 42
00000001
00000100
00000010
00010000
,  // measure 43
00001000
00100000
01000000
10000000
,  // measure 44
01010000
00000000
00001000
00001000
00000000
00010000
00010000
00000000
,  // measure 45
00001010
00000000
00000100
00000100
00000000
00000000
00001001
00000000
,  // measure 46
00000010
00000100
00010000
00001000
,  // measure 47
00100000
01000000
10000000
00100000
,  // measure 48
01010000
00000000
00001000
00001000
00000000
00010000
00010000
00000000
,  // measure 49
00001010
00000000
00000001
00000001
00000000
00000000
00000110
00000000
,  // measure 50
00011000
00000000
00000000
00000000
;

//---------------dance-double - ----------------
#NOTES:
     dance-double:
     :
     Hard:
     7:
     0.432,0.437,0.301,0.000,0.000,244.000,27.000,0.000,0.000,0.000:  // measure 1
00000000
00000000
00000000
00000000
,  // measure 2
00000000
00000000
00000000
00000000
,  // measure 3
00000000
00000000
00000000
00000000
,  // measure 4
00000000
00000000
00000000
00000000
,  // measure 5
10000000
00010000
00100000
00001000
00000000
00010000
00000000
00010000
,  // measure 6
00000100
00000010
00000001
00000100
00000000
00000010
00000010
00000010
,  // measure 7
00010000
00001000
00100000
00010000
00000000
01000000
00000000
01000000
,  // measure 8
00100000
10000000
01000000
00100000
00000000
00010000
00010000
00010000
,  // measure 9
01000000
00000000
00001000
00010000
00000100
00001000
00000100
00000000
,  // measure 10
00010000
00001000
00010000
00000000
00000010
00001000
00000010
00000000
,  // measure 11
00000100
00000001
00000100
00000001
00000100
00000000
00001100
00000000
,  // measure 12
00010000
00001000
00010000
00001000
00010000
00000000
00110000
00000000
,  // measure 13
10000000
00000000
00100000
01000000
00010000
00100000
00001000
00000000
,  // measure 14
00010000
00000010
00001000
00000000
00000100
00010000
00001000
00000000
,  // measure 15
00100000
00010000
01000000
00100000
10000000
00000000
01010000
00000000
,  // measure 16
00100000
00001000
00010000
00000100
00001000
00000000
00000101
00000000
,  // measure 17
00001100
00000000
00000000
00000000
,  // measure 18
00010000
00001000
00100000
00000000
00010000
01000000
00100000
00000000
,  // measure 19
10000000
01000000
00100000
00010000
01000000
00000000
00000000
00000000
,  // measure 20
00011000
00001001
00000110
00011000
,  // measure 21
00100000
00010000
10000000
01000000
00100000
00000000
00000000
00000000
,  // measure 22
00010000
01000000
00001000
00000000
00010000
00001000
00100000
00000000
,  // measure 23
00001000
00010000
00000010
00001000
00000100
00000000
00000000
00000000
,  // measure 24
00011000
10010000
01100000
00011000
,  // measure 25
00000010
00000100
00000001
00000000
00001100
00000000
00000000
00000000
,  // measure 26
00010000
00000000
00001000
00001000
00001000
00000000
00100000
00010000
,  // measure 27
00100000
00000000
01000000
10000000
00000000
00000000
00000000
00000000
,  // measure 28
00100000
01000000
00001000
00010000
00000100
00000000
00000010
00000001
,  // measure 29
00000000
00000001
00000000
00000000
00000000
00000000
00000000
00000000
,  // measure 30
00001000
00000000
00000100
00010000
00001000
00000000
00100000
00010000
,  // measure 31
10000000
00000000
00100000
01000000
00000000
00000000
00000000
00000000
,  // measure 32
00010000
00100000
00001000
00010000
00000010
00000000
00001001
00000000
,  // measure 33
00000100
00000010
00001000
00000100
,  // measure 34
00010000
00000000
00001000
00100000
00010000
01000000
00100000
00000000
,  // measure 35
10000000
01000000
00100000
00010000
01000000
00001000
00001000
00000000
,  // measure 36
00010010
00000000
00001001
00000000
00000100
00000010
00000010
00000000
,  // measure 37
00011000
00000000
10010000
00000000
01000000
00100000
00100000
00000000
,  // measure 38
10000000
01000000
00100000
00010000
01000000
00000000
00011000
00000000
,  // measure 39
00000010
00001000
00000100
00000010
00000000
00000001
00000001
00000000
,  // measure 40
00001000
00000100
00010000
00001000
00100000
00000000
10010000
00000000
,  // measure 41
01000000
00010000
01000000
00000000
00011000
00000000
00001001
00000000
,  // measure 42
00000100
00000010
00001000
00000100
00000000
00010000
00000000
00010000
,  // measure 43
00001000
00100000
01000000
10000000
00000000
00100000
01000000
00000000
,  // measure 44
00010000
01000000
00001000
00010000
00000010
00000000
00001001
00000000
,  // measure 45
00000010
00000100
00010000
00001000
00000000
00100000
00100000
00000000
,  // measure 46
01000000
10000000
00100000
01000000
00010000
00000000
00011000
00000000
,  // measure 47
00000010
00000100
00000001
00000010
00000000
00000100
00000100
00000000
,  // measure 48
00010000
00001000
00100000
00010000
10000000
00000000
01100000
00000000
,  // measure 49
00001000
00000000
00010000
00000100
00000000
00000010
00000001
00000000
,  // measure 50
00001100
00000000
00000000
00000000
;

//---------------dance-couple - ----------------
#NOTES:
     dance-couple:
     :
     Medium:
     5:
     0.487,0.765,0.959,0.000,0.067,212.000,86.000,0.000,0.000,6.000:  // measure 1
00000000
00000000
00000000
00000000
,  // measure 2
00000000
00000000
00000000
00000000
,  // measure 3
00000000
00000000
00000000
00000000
,  // measure 4
00000000
00000000
00000000
00000000
,  // measure 5
00010000
00000000
00000000
00000000
10000000
00000000
00000000
01000000
00000000
00000000
10000000
00000000
00000000
00000000
10000000
00000000
,  // measure 6
00010000
00000000
00000000
00000000
00100000
00000000
00000000
01000000
00000000
00000000
10000000
00000000
00100000
00000000
10000000
00000000
,  // measure 7
00000001
00000000
00000000
00000000
00001000
00000000
00000000
00000100
00000000
00000000
00000010
00000000
00000000
00000000
00000010
00000000
,  // measure 8
00000001
00000000
00000000
00000000
00001000
00000000
00000000
00000100
00000000
00000000
00000010
00000000
00000001
00000000
00000010
00000000
,  // measure 9
10000000
00000000
10000001
00000000
00010000
01000000
00010001
00000000
,  // measure 10
00100000
00000000
00100001
00000000
01000000
00100000
01000001
00000000
,  // measure 11
10010000
10010001
00100000
01000001
,  // measure 12
10010000
10010001
00100000
01000000
,  // measure 13
00000001
00000000
10000001
00000000
00001000
00000010
10001000
00000000
,  // measure 14
00000100
00000000
10000100
00000000
00000010
00000100
10000010
00000000
,  // measure 15
00001001
10001001
00000100
10000010
,  // measure 16
00001001
10001001
00000100
00000010
,  // measure 17
10011001
00000000
00000000
00000000
00000000
00000000
01000000
10000000
,  // measure 18
01000000
00000000
00100100
00010000
00100000
00000000
00000100
00000000
,  // measure 19
10000000
00000000
01000100
00100000
00000000
00000000
00000100
00000000
,  // measure 20
10010000
00000000
00000101
00000000
01010000
00000000
00100000
10000000
,  // measure 21
01000000
00000000
00100100
00000000
00010100
00000000
00000010
00001000
,  // measure 22
00000010
00000000
01000100
00000001
00000100
00000000
01000000
00000000
,  // measure 23
00000010
00000000
01000001
00000100
00000000
00000000
01000000
00000000
,  // measure 24
00001001
00000000
11000000
00000000
00000101
00000000
00000010
00001000
,  // measure 25
00000100
01000010
01000001
00000000
,  // measure 26
01000010
00000000
00010000
00100000
00010000
00000000
10000000
00000000
,  // measure 27
10000010
00000000
10000000
01000000
00000000
00000000
00000000
00000000
,  // measure 28
10000010
00000000
00010000
10000000
00010000
00000000
10000000
00000000
,  // measure 29
00010010
00000000
00000000
00000000
,  // measure 30
00101000
00000000
00000001
00000010
00000001
00000000
00001000
00000000
,  // measure 31
00100010
00000000
00000100
00000001
00000000
00000000
00000000
00000000
,  // measure 32
00101000
00000000
00000100
00000010
00000100
00000000
00001000
00000000
,  // measure 33
00100001
00000000
00000000
00000000
,  // measure 34
10000000
00000000
10000000
00000000
00000010
00000100
00000010
00000000
,  // measure 35
10000000
00000000
10000000
00000000
00001000
00000100
00001000
00000000
,  // measure 36
10010000
10010000
00000001
00000100
,  // measure 37
10010000
01100000
00001000
00000100
,  // measure 38
00000001
00000000
00000001
00000000
00010000
10000000
00010000
00000000
,  // measure 39
00000001
00000000
00000001
00000000
01000000
00100000
01000000
00000000
,  // measure 40
00001001
00001001
00010000
01000000
,  // measure 41
00001001
00000110
10000000
01000000
,  // measure 42
01000100
00000000
00100010
00010001
00000000
10001000
00000000
10001000
,  // measure 43
01000100
00000000
00100010
00010001
00000000
00010001
00100010
01000100
,  // measure 44
10001000
00000000
01000100
00100010
00000000
01000100
10001000
00000000
00010001
00000000
00000000
00000000
00100010
00000000
00000000
00000000
,  // measure 45
01000100
00000000
10001000
00100010
00000000
01000100
00010001
00000000
01000100
00000000
00000000
00000000
00100010
00000000
00000000
00000000
,  // measure 46
10001000
00000000
01000100
00100010
00000000
00010001
00000000
10001000
,  // measure 47
00100010
00000000
01000100
00100010
00000000
10001000
01000100
00100010
,  // measure 48
00010000
00000000
01000000
00100000
00000000
10000000
01000000
00000000
00100000
00000000
00000000
00000000
00010000
00000000
00000000
00000000
,  // measure 49
00000001
00000000
00000100
00000010
00000000
00001000
00000100
00000000
00000010
00000000
00000000
00000000
00000001
00000000
00000000
00000000
,  // measure 50
01100110
00000000
00000000
00000000
;

//---------------dance-solo - ----------------
#NOTES:
     dance-solo:
     :
     Easy:
     3:
     0.242,0.273,0.033,0.000,0.000,149.000,3.000,0.000,0.000,0.000:  // measure 1
000000
000000
000000
000000
,  // measure 2
000000
000000
000000
000000
,  // measure 3
000000
000000
000000
000000
,  // measure 4
000000
000000
000000
000000
,  // measure 5
000010
000000
001000
000000
,  // measure 6
010000
000000
001000
000000
,  // measure 7
000100
001000
000010
010000
,  // measure 8
000001
000001
100000
100000
,  // measure 9
000010
001000
100000
001000
,  // measure 10
000001
001000
010000
001000
,  // measure 11
000010
000010
100000
000001
,  // measure 12
001000
001000
100000
000001
,  // measure 13
010000
001000
000001
001000
,  // measure 14
100000
001000
000010
001000
,  // measure 15
000100
000100
100000
000001
,  // measure 16
001000
001000
100000
000010
,  // measure 17
100001
000000
000000
000000
,  // measure 18
000010
000010
100000
000001
,  // measure 19
010000
010000
000001
001000
,  // measure 20
000010
010000
001000
000000
,  // measure 21
010000
000010
001000
000000
,  // measure 22
010000
010000
000001
100000
,  // measure 23
000010
000010
100000
001000
,  // measure 24
000010
010000
001000
000000
,  // measure 25
010000
000010
001000
000000
,  // measure 26
000100
000000
000100
000000
,  // measure 27
001000
000000
001000
000000
,  // measure 28
000001
001000
100000
001000
,  // measure 29
000010
000010
010000
010000
,  // measure 30
001000
000000
001000
000000
,  // measure 31
000100
000000
000100
000000
,  // measure 32
100000
001000
000001
001000
,  // measure 33
001000
001000
001000
000000
,  // measure 34
000010
001000
100000
001000
,  // measure 35
000001
001000
010000
001000
,  // measure 36
000100
000100
100000
000010
,  // measure 37
001000
001000
100000
000001
,  // measure 38
010000
001000
000001
001000
,  // measure 39
100000
001000
000010
001000
,  // measure 40
000100
000100
100000
000001
,  // measure 41
001000
001000
010000
000001
,  // measure 42
100000
000000
000000
000000
,  // measure 43
000001
000000
000000
000000
,  // measure 44
010000
010000
000001
100000
,  // measure 45
000010
000010
100000
000001
,  // measure 46
010000
000000
000000
000000
,  // measure 47
000001
000000
000000
000000
,  // measure 48
000100
001000
000010
100001
,  // measure 49
001000
001000
000001
010000
,  // measure 50
100001
000000
000000
000000
;

//---------------dance-solo - ----------------
#NOTES:
     dance-solo:
     :
     Medium:
     5:
     0.355,0.382,0.412,0.000,0.000,186.000,37.000,0.000,0.000,0.000:  // measure 1
000000
000000
000000
000000
,  // measure 2
000000
000000
000000
000000
,  // measure 3
000000
000000
000000
000000
,  // measure 4
000000
000000
000000
000000
,  // measure 5
000010
001000
100000
001000
,  // measure 6
000001
001000
010000
001000
,  // measure 7
000010
000010
010000
010000
,  // measure 8
001000
001000
100000
100000
,  // measure 9
000010
000000
010000
000000
000001
100000
001000
000000
,  // measure 10
010000
000000
000010
000000
100000
000001
001000
000000
,  // measure 11
010100
010010
001000
001000
,  // measure 12
000110
010010
001000
001000
,  // measure 13
000010
000000
010000
000000
000001
100000
001000
000000
,  // measure 14
010000
000000
000010
000000
100000
000001
001000
000000
,  // measure 15
010100
010010
001000
001000
,  // measure 16
000110
010010
001000
001000
,  // measure 17
100001
000000
000000
000000
,  // measure 18
010000
000000
000010
010000
000001
000000
010000
000010
,  // measure 19
100000
000000
100000
000001
000000
000000
000000
000000
,  // measure 20
010010
000000
001001
000000
101000
000000
000001
100000
,  // measure 21
001000
000100
100001
000000
,  // measure 22
000001
100000
000010
010000
,  // measure 23
001000
000000
100000
000001
000000
000000
000000
000000
,  // measure 24
010010
000000
001001
000000
101000
000000
000001
100000
,  // measure 25
001000
000000
000100
001000
000000
000000
000000
000000
,  // measure 26
000100
000000
100000
000001
001000
000000
010000
000000
,  // measure 27
000010
000000
100000
000001
000000
000000
000000
000000
,  // measure 28
000100
001000
100000
000001
,  // measure 29
001000
001000
000100
000100
,  // measure 30
100000
000000
000001
001000
000001
000000
010000
000000
,  // measure 31
000010
000000
100000
001000
000000
000000
000000
000000
,  // measure 32
100000
000000
001000
000100
001000
000000
010000
000000
,  // measure 33
000010
001000
001000
000000
,  // measure 34
000010
000000
010000
000000
000001
100000
001000
000000
,  // measure 35
010000
000000
000010
000000
100000
000001
001000
000000
,  // measure 36
000110
010010
001000
001000
,  // measure 37
010100
010010
001000
001000
,  // measure 38
000010
000000
010000
000000
000001
100000
001000
000000
,  // measure 39
010000
000000
000010
000000
100000
000001
001000
000000
,  // measure 40
000110
010010
001000
001000
,  // measure 41
010100
010010
001000
001000
,  // measure 42
100000
001000
000001
001000
,  // measure 43
010000
000010
100000
001000
,  // measure 44
000110
101000
000001
000001
,  // measure 45
010100
001001
100000
001000
,  // measure 46
000100
000001
100000
001000
,  // measure 47
100000
000001
000100
001000
,  // measure 48
000110
000110
101000
101000
,  // measure 49
010100
010100
001001
001001
,  // measure 50
100001
000000
000000
000000
;

//---------------dance-solo - ----------------
#NOTES:
     dance-solo:
     :
     Hard:
     7:
     0.400,0.464,0.245,0.000,0.134,229.000,22.000,0.000,0.000,0.000:  // measure 1
000000
000000
000000
000000
,  // measure 2
000000
000000
000000
000000
,  // measure 3
000000
000000
000000
000000
,  // measure 4
000000
000000
000000
000000
,  // measure 5
010000
000000
000001
001000
000001
000000
000100
000000
,  // measure 6
001000
100000
001000
100000
000000
000001
010000
000000
,  // measure 7
000010
000010
100000
100000
,  // measure 8
000001
100000
000001
001000
000000
100000
001000
000000
,  // measure 9
010000
000000
000001
000000
100000
000001
001000
000000
,  // measure 10
000010
000000
100000
000000
000001
100000
001000
000000
,  // measure 11
100000
000000
000100
100000
000000
000100
100000
000000
000010
000000
000000
000000
001000
000000
000000
000000
,  // measure 12
000001
000000
000100
000001
000000
000100
000001
000000
010000
000000
000000
000000
001000
000000
000000
000000
,  // measure 13
000010
000000
100000
000000
000001
100000
001000
000000
,  // measure 14
010000
000000
000001
000000
100000
000001
001000
000000
,  // measure 15
000001
000000
000100
000001
000000
000100
000001
000000
010000
000000
000000
000000
001000
000000
000000
000000
,  // measure 16
100000
000000
000100
100000
000000
000100
100000
000000
000010
000000
000000
000000
001000
000000
000000
000000
,  // measure 17
100001
000000
000000
000000
000000
000000
000000
000100
,  // measure 18
001000
000000
100000
000001
001000
000000
010000
000010
,  // measure 19
001000
000000
100000
000001
000000
000000
000000
000000
,  // measure 20
010010
000000
101000
000000
001001
000000
100000
001000
,  // measure 21
100001
000000
000100
000000
010010
000000
000001
100000
,  // measure 22
001000
100000
000001
001000
,  // measure 23
000100
000000
100000
000001
000000
000000
000000
000000
,  // measure 24
010010
101000
001001
100000
,  // measure 25
000001
000000
000100
001000
000000
000000
000000
000000
,  // measure 26
100000
000000
000001
001000
000001
000000
100000
000000
,  // measure 27
000001
000000
000100
000001
000000
000000
000000
000000
,  // measure 28
010000
010000
000010
000010
,  // measure 29
000100
000001
100000
001000
,  // measure 30
000001
000000
100000
001000
100000
000000
000010
000000
,  // measure 31
010000
000000
000001
100000
000000
000000
000000
000000
,  // measure 32
000010
000000
000010
010000
001000
000000
100000
000000
,  // measure 33
001000
001000
001000
000000
,  // measure 34
010000
000000
000001
000000
100000
000001
001000
000000
,  // measure 35
000010
000000
100000
000000
000001
100000
001000
000000
,  // measure 36
100000
000000
000100
100000
000000
000100
100000
000000
000010
000000
000000
000000
001000
000000
000000
000000
,  // measure 37
000001
000000
000100
000001
000000
000100
000001
000000
010000
000000
000000
000000
001000
000000
000000
000000
,  // measure 38
000010
000000
100000
000000
000001
100000
001000
000000
,  // measure 39
010000
000000
000001
000000
100000
000001
001000
000000
,  // measure 40
000001
000000
000100
000001
000000
000100
000001
000000
010000
000000
000000
000000
001000
000000
000000
000000
,  // measure 41
100000
000000
000100
100000
000000
000100
100000
000000
000010
000000
000000
000000
001000
000000
000000
000000
,  // measure 42
000010
101000
010000
001001
,  // measure 43
100000
101000
000001
001001
,  // measure 44
000001
000000
000100
000001
000000
000100
000001
000000
010000
000000
000000
000000
001000
000000
000000
000000
,  // measure 45
100000
000000
000100
100000
000000
000100
100000
000000
000010
000000
000000
000000
001000
000000
000000
000000
,  // measure 46
000001
101000
100000
001001
,  // measure 47
101000
101000
001001
001001
,  // measure 48
000001
000000
000100
000001
000000
000100
000001
000000
010000
000000
000000
000000
101000
000000
000000
000000
,  // measure 49
100000
000000
000100
100000
000000
000100
100000
000000
000010
000000
000000
000000
001001
000000
000000
000000
,  // measure 50
100001
000000
000000
000000
;
