#TITLE:TUBTHUMPING;
#SUBTITLE:;
#ARTIST:CHUMBAWAMBA;
#TITLETRANSLIT:;
#SUBTITLETRANSLIT:;
#ARTISTTRANSLIT:;
#CREDIT:;
#BANNER:TUBTHUMPING.png;
#BACKGROUND:TUBTHUMPING-bg.png;
#LYRICSPATH:;
#CDTITLE:./CDTITLES/DANCE MANIA EXTRA.PNG;
#MUSIC:TUBTHUMPING.mp3;
#OFFSET:-0.036;
#SAMPLESTART:8.380;
#SAMPLELENGTH:12.000;
#SELECTABLE:YES;
#BPMS:0.000=103.800;
#STOPS:;
#BGCHANGES:;
// cache tags:
#FIRSTBEAT:14.500;
#LASTBEAT:128.000;
#SONGFILENAME:Songs/DDI/TUBTHUMPING/TUBTHUMPING.sm;
#HASMUSIC:1;
#HASBANNER:1;
#MUSICLENGTH:74.844;
// end cache tags

//---------------dance-single - ----------------
#NOTES:
     dance-single:
     :
     Easy:
     4:
     0.221,0.321,0.080,0.000,0.000,110.000,6.000,0.000,0.000,0.000:
0000
0000
0000
0000
,
0000
0000
0000
0000
,
0000
0000
0000
0000
,
0000
0000
0000
0000
,
1001
0100
0001
0001
,
1000
0010
0001
0001
,
0100
0001
1000
1000
,
0001
0100
1000
1000
,
0001
1000
0001
0001
,
1000
0001
1000
1000
,
0001
1000
0001
0001
,
0010
1000
0100
1001
,
0001
0100
1000
0100
,
1000
0100
0001
0100
,
1000
0100
0010
0100
,
0001
0100
0010
0100
,
0010
0000
0010
0000
,
0100
0000
0100
0000
,
1000
0000
0000
0000
1000
0001
0100
0000
,
0001
0000
0000
0000
0001
1000
0100
0000
,
1000
0000
0001
0000
,
1000
0000
0001
0000
,
0010
0000
0100
0000
,
0010
0000
0000
0000
0100
0100
0100
0000
,
1001
0100
0001
0001
,
0001
0100
1000
1000
,
1000
0000
0100
0000
0001
0001
0001
0000
,
0001
0000
0100
0000
1000
1000
1000
0000
,
0001
0000
1000
0000
0001
0001
0001
0000
,
1000
0000
0001
0000
1000
1000
0100
0000
,
0001
0000
1000
0000
0001
0001
0100
0000
,
1001
0000
1001
0000
0001
0100
0100
0100
,
1001
0000
0000
0000
;

//---------------dance-single - ----------------
#NOTES:
     dance-single:
     :
     Medium:
     5:
     0.263,0.321,0.120,0.000,0.000,129.000,9.000,0.000,0.000,0.000:
0000
0000
0000
0000
,
0000
0000
0000
0000
,
0000
0000
0000
0000
,
0000
0000
0000
0000
,
1001
0000
0100
0000
0001
0001
1000
0000
,
1000
0000
0010
0000
0001
0001
1000
0000
,
1001
0000
0100
0000
0001
0001
0100
0000
,
0001
0000
0100
0000
0001
0001
1000
0000
,
1001
0000
1000
0000
0001
0001
0010
0000
,
0001
0000
1000
0000
0001
0001
0100
0000
,
1001
0000
1000
0000
0001
0001
0100
0000
,
0010
0000
1000
0000
0100
0100
0101
0000
,
0001
0100
1000
0100
,
0001
0000
0100
0000
1000
1000
0100
0000
,
1000
0000
0100
0000
0001
0001
0100
0000
,
1000
0000
0100
0000
0001
0001
0100
0000
,
0010
0000
0000
0000
0010
0010
0100
0000
,
0100
0000
0000
0000
0100
0100
0010
0000
,
1000
0000
1000
0000
,
0001
0000
0000
0000
0001
0001
0100
0000
,
1000
0100
0001
0100
,
1000
0100
0001
0100
,
0010
0000
0100
0000
,
0010
0000
0000
0000
0100
0100
0001
0000
,
1001
0000
0100
0000
0001
0001
1000
0000
,
1000
0000
0010
0000
0001
0001
1000
0000
,
1000
0000
0100
0000
0001
0001
0100
0000
,
0001
0000
0100
0000
1000
1000
0010
0000
,
0001
0000
1000
0000
0010
0010
0001
0000
,
1000
0000
0001
0000
0100
0100
0010
0000
,
0001
0000
1000
0000
0010
0010
0100
0000
,
1001
0000
0100
0000
1001
0100
0100
0010
,
1001
0000
0000
0000
;

//---------------dance-single - ----------------
#NOTES:
     dance-single:
     :
     Hard:
     6:
     0.319,0.363,0.187,0.000,0.000,153.000,14.000,0.000,0.000,0.000:
0000
0000
0000
0000
,
0000
0000
0000
0000
,
0000
0000
0000
0000
,
0000
0000
0000
0000
0000
0010
0010
0010
,
1001
0000
0100
0000
0001
0001
1000
0000
,
1000
0000
0010
0000
0001
0001
1000
1000
,
1001
0000
0100
0000
0001
0001
0100
0000
,
0001
0000
0100
0000
0001
0001
1000
1000
,
1001
0000
1000
0000
0001
0001
0010
0000
,
0001
0000
1000
0000
0001
0001
0100
0100
,
1001
0000
1000
0000
0001
0001
0100
0000
,
0010
0000
1000
0000
0100
0100
0101
0000
,
0001
0100
1000
0010
,
0001
0000
0100
0000
1000
1000
0010
0000
,
0001
0000
0100
0000
0001
0001
0100
0000
,
1000
0000
0100
0000
0001
0001
0100
0000
,
0010
0000
0000
0000
0010
0010
0100
0000
,
0100
0000
0000
0000
0100
0100
1001
0000
,
1000
0100
0100
0001
0001
0100
0100
0000
,
0001
0001
0100
0100
1000
1000
0100
0000
,
1000
0000
0100
0000
0001
0001
0100
0000
,
1000
0000
0100
0000
0001
0001
0100
0000
,
0010
0000
1000
0000
0100
0100
0001
0000
,
0010
0000
0001
0000
0100
0100
1001
0100
,
1001
0000
0100
0000
0001
0001
1000
0000
,
1000
0000
0010
0000
0001
0001
1000
1000
,
0100
0000
0100
0000
0001
0001
0100
0000
,
0001
0000
0100
0000
1000
1000
0010
0010
,
1001
0000
1000
0000
0010
0010
0100
0000
,
0010
0000
0001
0000
0100
0100
0010
0001
,
1001
0000
1000
0000
0010
0010
0100
0000
,
1001
0000
0100
0000
1001
0100
0110
0010
,
1001
0000
0000
0000
;

//---------------dance-double - ----------------
#NOTES:
     dance-double:
     :
     Easy:
     4:
     0.239,0.299,0.120,0.000,0.000,116.000,9.000,0.000,0.000,0.000:
00000000
00000000
00000000
00000000
,
00000000
00000000
00000000
00000000
,
00000000
00000000
00000000
00000000
,
00000000
00000000
00000000
00000000
,
00011000
01000000
00010000
00010000
,
00001000
00000100
00001000
00001000
,
00001001
00000100
00000001
00000001
,
00001000
00010000
10000000
10000000
,
10010000
01000000
00010000
00010000
,
00001000
00010000
00000100
00000100
,
00001001
00000100
00000001
00000001
,
00000010
00001000
00010000
01000000
,
10000000
01000000
10000000
01000000
,
00010000
01000000
00001000
00010000
,
00001000
00000000
00000100
00000000
00000001
00000001
00000100
00000000
,
00001000
00000100
00000001
00000100
,
00010000
00000000
10000000
00000000
,
00001000
00000000
00000001
00000000
,
00000010
00000000
00000000
00000000
01000000
01000000
01000000
00000000
,
00100000
00000000
00000100
00000000
,
00000001
00000100
00010000
00001000
,
10000000
01000000
00001000
00010000
,
00000001
00000010
00010000
00001000
,
10000000
00000000
00100000
00000000
00010000
00010000
00010000
00000000
,
00011000
01000000
00010000
00010000
,
00001000
00000100
00001000
00001000
,
00001001
00000000
00000100
00000000
00000001
00000001
00000001
00000000
,
00001000
00000000
00010000
00000000
10000000
10000000
10000000
00000000
,
10010000
00000000
01000000
00000000
00010000
00010000
00010000
00000000
,
00001000
00000000
00010000
00000000
00000100
00000100
00000100
00000000
,
00001001
00000000
00000100
00000000
00000001
00000001
00000001
00000000
,
00000010
00000000
00001000
00000000
00010000
00000100
00000100
00000100
,
00001001
00000000
00000000
00000000
;

//---------------dance-double - ----------------
#NOTES:
     dance-double:
     :
     Medium:
     6:
     0.300,0.321,0.120,0.000,0.000,148.000,9.000,0.000,0.000,0.000:
00000000
00000000
00000000
00000000
,
00000000
00000000
00000000
00000000
,
00000000
00000000
00000000
00000000
,
00000000
00000000
00000000
00000000
00000000
00010000
00010000
00010000
,
00011000
00000000
01000000
00000000
00010000
00010000
00000100
00000000
,
00001000
00000000
00000100
00000000
00001000
00001000
00000001
00000001
,
00001001
00000000
00000100
00000000
00000001
00000001
00000100
00000000
,
00001000
00000000
00010000
00000000
10000000
10000000
10000000
01000000
,
10010000
00000000
01000000
00000000
00010000
00010000
00010000
00000000
,
00001000
00000000
00010000
00000000
00000100
00000100
00000100
00001000
,
00001001
00000000
00000100
00000000
00000001
00000001
00000001
00000000
,
00000010
00000000
00001000
00000000
00010000
01000000
01000000
00000000
,
10000000
01000000
01000000
10000000
,
00010000
00000000
01000000
00000000
00001000
00001000
00010000
00000000
,
00001000
00000000
00000100
00000000
00000001
00000001
00000100
00000000
,
00001000
00000000
00000100
00000000
00000001
00000001
00000100
00000000
,
00010000
00000000
00000000
00000000
10000000
00010000
00010000
00000000
,
00001000
00000000
00000000
00000000
00000001
00000100
00000100
00000000
,
00000010
00000000
00000000
00000000
01000000
01000000
01000000
00000000
,
00100000
00000000
00010000
00000000
00000100
00000100
00000100
00000000
,
00000001
00000000
00000100
00000000
00010000
00001000
00001000
00000000
,
10000000
00000000
01000000
00000000
00001000
00010000
00010000
00000000
,
00000001
00000010
00010000
00001000
,
10000000
00000000
00100000
00000000
00010000
00010000
00010000
00001000
,
00011000
00000000
01000000
00000000
00010000
00010000
00001000
00000000
,
00001000
00000000
00000100
00000000
00001000
00001000
00001000
00000001
,
00001001
00000000
00000100
00000000
00000001
00000001
00000010
00000000
,
00001000
00000000
00010000
00000000
10000000
10000000
10000000
01000000
,
10010000
00000000
01000000
00000000
00010000
00010000
00000010
00000000
,
00001000
00000000
00010000
00000000
00000100
00000100
00000100
00000001
,
00001001
00000000
00000100
00000000
00000001
00000001
00000100
00000000
,
00000010
00000000
00000001
00000001
00000010
00000100
00000100
00001000
,
00011000
00000000
00000000
00000000
;

//---------------dance-double - ----------------
#NOTES:
     dance-double:
     :
     Hard:
     6:
     0.355,0.363,0.401,0.000,0.000,156.000,30.000,0.000,0.000,0.000:
00000000
00000000
00000000
00000000
,
00000000
00000000
00000000
00000000
,
00000000
00000000
00000000
00000000
,
00000000
00000000
00000000
00000000
,
10000000
01000000
00100000
00010000
01000000
00001000
00010000
00000000
,
00001100
00000011
00001100
00000000
,
00010000
00001000
00100000
00010000
10000000
01000000
00100000
00000000
,
10010000
00011000
10010000
00000000
,
01000000
00100000
00001000
00010000
00000100
00000010
00000001
00000000
,
00001100
00001010
00000101
00000000
,
00001000
00000100
00010000
00001000
00100000
00010000
10000000
00000000
,
01100000
00011000
00001100
00000000
,
00000010
00000001
00000010
00000000
00000100
00001000
00000100
00000000
,
00010000
00001000
00010000
00000000
00000010
00001000
00000010
00000000
,
00010000
00001000
00100000
00000000
00010000
01000000
00100000
00000000
,
10000000
01000000
00100000
00000000
00001000
00010000
00000100
00000000
,
00001001
00000000
00000110
00000000
00001000
00000100
00010000
00000000
,
00011000
00000000
00110000
00000000
10000000
00100000
01000000
00000000
,
00011000
00000000
00001001
00000000
00000010
00000100
00001000
00000000
,
00000010
00010000
00001000
01000000
00100000
00000000
10010000
00000000
,
01000000
00100000
00001000
00000000
00010000
00000100
00000010
00000000
,
00000001
00000100
00000010
00000000
00001000
00000100
00010000
00000000
,
00001000
00100000
00010000
00000000
10000000
00100000
01000000
00000000
,
00001000
00010000
00000100
00001000
00000001
00000000
00000000
00000000
,
00000110
00000000
00001001
00000000
00000010
00000100
00010000
00000000
,
00001000
00100000
00010000
01000000
00001000
00000000
00011000
00000000
,
00001001
00000000
00000110
00000000
00010000
00001000
00100000
00000000
,
00010000
01000000
00001000
00010000
00000100
00000010
00000010
00000000
,
00001001
00000000
00011000
00000000
00100000
01000000
10000000
00000000
,
00010000
01000000
00001000
00010000
00000100
00000000
00001001
00000000
,
00000110
00000000
00011000
00000000
00000010
00001000
00000100
00000000
,
00010000
00001000
00100000
00010000
10000000
01000000
01000000
01000000
,
00110000
00000000
00000000
00000000
;

//---------------dance-couple - ----------------
#NOTES:
     dance-couple:
     :
     Easy:
     4:
     0.405,0.641,1.000,0.000,0.000,109.000,89.000,0.000,0.000,7.000:
00000000
00000000
00000000
00000000
,
00000000
00000000
00000000
00000000
,
00000000
00000000
00000000
00000000
,
00000000
00000000
00000000
00000000
,
10011001
01000100
00001000
00010000
,
10000001
00100010
00010000
00001000
,
01000100
00011000
10000001
10000001
,
00011000
01000100
10000001
10000001
,
00011000
10000001
00011000
00011000
,
10000001
00011000
10000001
10000001
,
00011000
10000001
00011000
00011000
,
00100010
10000001
01000100
10011001
,
00010000
01000000
10000000
01000000
,
00000001
00000100
00001000
00000100
,
10000000
01000000
00100000
01000000
,
00000001
00000100
00000010
00000100
,
01100000
00000000
00001001
00000000
,
10010000
00000000
00000110
00000000
,
10011001
00000000
00000000
00000000
10000001
00011000
01000100
00000000
,
00011000
00000000
00000000
00000000
00011000
10000001
01000100
00000000
,
10000001
00000000
00011000
00000000
,
10000001
00000000
00011000
00000000
,
00100100
00000000
01000010
00000000
,
00100100
00000000
00000000
00000000
01000010
01000010
01000010
00000000
,
10011001
01000100
00011000
00011000
,
10000001
00100010
00011000
00011000
,
10000001
00000000
01000100
00000000
00011000
00011000
00011000
00000000
,
00011000
00000000
01000100
00000000
10000001
10000001
10000001
00000000
,
00011000
10000001
00011000
00011000
,
10000001
00000000
00011000
00000000
10000001
10000001
01000100
00000000
,
00011000
00000000
10000001
00000000
00011000
00011000
01000100
00000000
,
10011001
00000000
10011001
00000000
00011000
01000100
01000100
01000100
,
10011001
00000000
00000000
00000000
;

//---------------dance-couple - ----------------
#NOTES:
     dance-couple:
     :
     Medium:
     5:
     0.496,0.641,1.000,0.000,0.000,127.000,115.000,0.000,0.000,10.000:
00000000
00000000
00000000
00000000
,
00000000
00000000
00000000
00000000
,
00000000
00000000
00000000
00000000
,
00000000
00000000
00000000
00000000
,
10011001
00000000
01000100
00000000
00011000
00011000
10000001
00000000
,
10000001
00000000
00100010
00000000
00011000
00011000
10000001
00000000
,
10011000
01000000
00011000
00010000
,
00011001
00000100
00011000
00001000
,
10011001
00000000
10000001
00000000
00011000
00011000
00100010
00000000
,
00011000
00000000
10000001
00000000
00011000
00011000
01000100
00000000
,
10011001
00000000
10000000
00000000
00010000
00010000
01000000
00000000
,
10011001
00000000
00000001
00000000
00001000
00001000
00000100
00000000
,
00011000
01000100
10000001
01000100
,
00011000
00000000
01000100
00000000
10000001
10000001
01000100
00000000
,
10000001
00000000
01000100
00000000
00011000
00011000
01000100
00000000
,
10000001
00000000
01000010
00000000
00011000
00011000
01000010
00000000
,
00100100
00000000
00000000
00000000
00100100
00100100
01000010
00000000
,
01000010
00000000
00000000
00000000
01000010
01000010
00100100
00000000
,
10000001
00000000
10000001
00000000
,
00011000
00000000
00000000
00000000
00011000
00011000
01000100
00000000
,
10000001
01000100
00011000
01000100
,
10000001
01000100
00011000
01000100
,
01000010
00000000
00100100
00000000
,
01000010
00000000
00000000
00000000
00100100
00100100
00011000
00000000
,
10011001
00000000
01000100
00000000
00011000
00011000
10000001
00000000
,
10000001
00000000
00100010
00000000
00011000
00011000
10000001
00000000
,
10000001
00000000
01000100
00000000
00011000
00011000
01000100
00000000
,
00011000
00000000
01000100
00000000
10000001
10000001
00100100
00000000
,
00011000
00000000
10000001
00000000
01000010
01000010
00011000
00000000
,
10000001
00000000
00011000
00000000
01000010
01000010
00100100
00000000
,
00011000
00000000
10000001
00000000
01000010
01000010
00100100
00000000
,
10011001
00000000
01000100
00000000
10011001
01000010
01000010
00100100
,
10011001
00000000
00000000
00000000
;

//---------------dance-couple - ----------------
#NOTES:
     dance-couple:
     :
     Hard:
     6:
     0.638,0.727,1.000,0.000,0.000,153.000,153.000,0.000,0.000,14.000:
00000000
00000000
00000000
00000000
,
00000000
00000000
00000000
00000000
,
00000000
00000000
00000000
00000000
,
00000000
00000000
00000000
00000000
00000000
00100010
00100010
00100010
,
10011001
00000000
01000100
00000000
00011000
00011000
10000001
00000000
,
10000001
00000000
00100010
00000000
00011000
00011000
10000001
10000001
,
10011001
00000000
01000100
00000000
00011000
00011000
01000100
00000000
,
00011000
00000000
01000100
00000000
00011000
00011000
10000001
10000001
,
10011001
00000000
10000001
00000000
00011000
00011000
00100010
00000000
,
00011000
00000000
10000001
00000000
00011000
00011000
01000100
01000100
,
10011001
00000000
10000001
00000000
00011000
00011000
01000100
00000000
,
00100010
00000000
10000001
00000000
01000100
01000100
01011100
00000000
,
00011000
01000100
10000001
00100010
,
00011000
00000000
01000100
00000000
10000001
10000001
00100010
00000000
,
00011000
00000000
01000100
00000000
00011000
00011000
01000100
00000000
,
10000001
00000000
01000100
00000000
00011000
00011000
01000100
00000000
,
00100010
00000000
00000000
00000000
00100010
00100010
01000100
00000000
,
01000100
00000000
00000000
00000000
01000100
01000100
10011001
00000000
,
10000001
01000100
01000100
00011000
00011000
01000100
01000100
00000000
,
00011000
00011000
01000100
01000100
10000001
10000001
01000100
00000000
,
10000001
00000000
01000100
00000000
00011000
00011000
01000100
00000000
,
10000001
00000000
01000100
00000000
00011000
00011000
01000100
00000000
,
00100010
00000000
10000001
00000000
01000100
01000100
00011000
00000000
,
00100010
00000000
00011000
00000000
01000100
01000100
10011001
01000100
,
10011001
00000000
01000100
00000000
00011000
00011000
10000001
00000000
,
10000001
00000000
00100010
00000000
00011000
00011000
10000001
10000001
,
01000100
00000000
01000100
00000000
00011000
00011000
01000100
00000000
,
00011000
00000000
01000100
00000000
10000001
10000001
00100010
00100010
,
10011001
00000000
10000001
00000000
00100010
00100010
01000100
00000000
,
00100010
00000000
00011000
00000000
01000100
01000100
00100010
00011000
,
10011001
00000000
10000001
00000000
00100010
00100010
01000100
00000000
,
10011001
00000000
01000100
00000000
10011001
01000100
01100110
00100010
,
10011001
00000000
00000000
00000000
;

//---------------dance-solo - ----------------
#NOTES:
     dance-solo:
     :
     Easy:
     4:
     0.216,0.299,0.080,0.000,0.000,107.000,6.000,0.000,0.000,0.000:
000000
000000
000000
000000
,
000000
000000
000000
000000
,
000000
000000
000000
000000
,
000000
000000
000000
000000
,
100001
001000
000001
000001
,
010000
000100
000001
000001
,
001000
000010
100000
100000
,
000001
001000
100000
100000
,
000010
010000
000001
000001
,
100000
000010
010000
010000
,
000001
100000
000010
000010
,
000100
010000
001000
100001
,
000001
001000
100000
001000
,
010000
001000
000010
001000
,
100000
001000
000100
001000
,
000001
001000
000100
001000
,
000100
000000
000100
000000
,
001000
000000
001000
000000
,
100000
000000
000000
000000
100000
000010
001000
000000
,
000001
000000
000000
000000
000001
100000
001000
000000
,
010000
000000
000001
000000
,
100000
000000
000001
000000
,
000100
000000
001000
000000
,
000100
000000
000000
000000
001000
001000
001000
000000
,
100001
001000
000010
000010
,
000001
001000
100000
100000
,
010000
000000
001000
000000
000001
000001
000001
000000
,
000010
000000
001000
000000
100000
100000
100000
000000
,
000001
100000
000010
000000
,
010000
000000
000001
000000
100000
100000
001000
000000
,
000001
100000
000010
001000
,
100001
000000
100001
000000
000010
001000
001000
001000
,
100001
000000
000000
000000
;

//---------------dance-solo - ----------------
#NOTES:
     dance-solo:
     :
     Medium:
     5:
     0.254,0.321,0.120,0.000,0.000,124.000,9.000,0.000,0.000,0.000:
000000
000000
000000
000000
,
000000
000000
000000
000000
,
000000
000000
000000
000000
,
000000
000000
000000
000000
,
100001
001000
000010
100000
,
100000
000000
000100
000000
000001
000001
010000
000000
,
100001
000000
001000
000000
000001
000001
001000
000000
,
000010
000000
001000
000000
000001
000001
100000
000000
,
010010
000000
100000
000000
000001
000001
000100
000000
,
000001
100000
000010
001000
,
100001
000000
010000
000000
000001
000001
001000
000000
,
000100
000000
100000
000000
001000
001000
001001
000000
,
000010
001000
100000
001000
,
000001
000000
001000
000000
100000
100000
001000
000000
,
010000
000000
001000
000000
000001
000001
001000
000000
,
100000
000000
001000
000000
000001
000001
001000
000000
,
000100
000000
000010
001000
,
001000
000000
000000
000000
001000
001000
000100
000000
,
100000
000000
010000
000000
,
000001
000000
000010
001000
,
100000
001000
000001
001000
,
100000
001000
000001
001000
,
000100
000000
001000
000000
,
000010
000000
000000
000000
001000
001000
000001
000000
,
100001
001000
000010
100000
,
010000
000000
000100
000000
000001
000001
100000
000000
,
010000
000000
001000
000000
000001
000001
001000
000000
,
000010
000000
001000
000000
100000
100000
000100
000000
,
000001
000000
010000
000000
000100
000100
000001
000000
,
100000
000000
000010
000000
001000
001000
000100
000000
,
000001
000000
100000
000000
000100
000100
001000
000000
,
100001
000000
000100
000000
010010
001000
001000
000100
,
100001
000000
000000
000000
;

//---------------dance-solo - ----------------
#NOTES:
     dance-solo:
     :
     Hard:
     6:
     0.303,0.363,0.187,0.000,0.000,145.000,14.000,0.000,0.000,0.000:
000000
000000
000000
000000
,
000000
000000
000000
000000
,
000000
000000
000000
000000
,
000000
000000
000000
000000
000000
000100
000100
000100
,
100001
001000
000010
010000
,
100000
000000
000100
000000
000001
000001
100000
100000
,
010010
000000
001000
000000
000001
000001
001000
000000
,
000010
000000
001000
000000
000001
000001
100000
100000
,
100001
010000
000010
000100
,
000001
000000
100000
000000
000010
000000
001000
001000
,
100001
010000
000010
001000
,
000100
000000
100000
000000
001000
001000
001001
000000
,
000010
001000
100000
000100
,
000001
000000
001000
000000
100000
100000
000100
000000
,
000010
000000
001000
000000
000001
000001
001000
000000
,
100000
000000
001000
000000
000001
000001
001000
000000
,
000010
000000
000000
000000
000100
000100
001000
000000
,
001000
000000
000000
000000
001000
001000
100001
000000
,
010000
001000
001000
000001
000001
001000
001000
000000
,
000010
000000
001000
001000
100000
100000
001000
000000
,
010000
000000
001000
000000
000001
000001
001000
000000
,
100000
000000
001000
000000
000001
000001
001000
000000
,
000010
000000
100000
000000
001000
001000
000001
000000
,
000100
000000
000010
000000
001000
001000
100001
001000
,
100001
000000
001000
000000
000001
000001
100000
000000
,
100000
000100
000010
010000
,
001000
000000
001000
000000
000001
000001
001000
000000
,
000010
000000
001000
000000
010000
000000
000100
000100
,
100001
000000
010000
000000
000100
000100
001000
000000
,
000100
000000
000001
000000
001000
001000
000100
000010
,
100001
000000
010000
000000
000100
000100
001000
000000
,
100001
000000
001000
000000
100001
001000
001100
000100
,
010010
000000
000000
000000
;

//---------------dance-single - Copied from----------------
#NOTES:
     dance-single:
     Copied from:
     Beginner:
     1:
     0.132,0.235,0.120,0.000,0.000,60.000,9.000,0.000,0.000,0.000:
0000
0000
0000
0000
,
0000
0000
0000
0000
,
0000
0000
0000
0000
,
0000
0000
0000
0000
,
1001
0000
0000
0000
,
1000
0000
0000
0000
,
0110
0000
0000
0000
,
0001
0000
0000
0000
,
1001
0000
0000
0000
,
0010
0000
0000
0000
,
1001
0000
0001
0001
,
0001
0000
0000
0000
,
1001
0000
1000
0000
,
0100
0000
0100
0000
,
1000
0000
0010
0000
,
0001
0000
0010
0000
,
1000
0000
0001
0000
,
1000
0000
0001
0000
,
1000
0000
0001
0000
,
1000
0000
0001
0000
,
1000
0000
0010
0000
,
0001
0000
0100
0000
,
1000
0000
0100
0000
,
0010
0000
0100
0100
,
1001
0000
0001
0000
,
0001
0000
1000
1000
,
1000
0000
0001
0001
,
0001
0000
1000
1000
,
1000
0000
0001
0001
,
0001
0000
1000
1000
,
1001
0000
0001
0001
,
1001
1000
1000
1000
,
1001
0000
0000
0000
;
