#TITLE:FOOTLOOSE;
#SUBTITLE:;
#ARTIST:BUS STOP;
#TITLETRANSLIT:;
#SUBTITLETRANSLIT:;
#ARTISTTRANSLIT:;
#CREDIT:;
#BANNER:footloose.png;
#BACKGROUND:footloose-bg.png;
#LYRICSPATH:;
#CDTITLE:cd.png;
#MUSIC:footloose.mp3;
#OFFSET:-7.170;
#SAMPLESTART:60.120;
#SAMPLELENGTH:12.000;
#SELECTABLE:YES;
#BPMS:0.000=160.000;
#STOPS:;
#BGCHANGES:;
// cache tags:
#FIRSTBEAT:0.000;
#LASTBEAT:239.000;
#SONGFILENAME:Songs/Dance/FOOTLOOSE/FOOTLOOSE.sm;
#HASMUSIC:1;
#HASBANNER:1;
#MUSICLENGTH:100.231;
// end cache tags

//---------------dance-single - Basic----------------
#NOTES:
     dance-single:
     Basic:
     Easy:
     3:
     0.252,0.268,0.070,0.040,0.000,166.000,7.000,4.000,0.000,0.000:
0010
0000
0010
0000
,
0010
0100
0000
1000
,
0000
0001
0001
0001
,
0001
0001
0000
0000
,
0000
0100
0000
0000
,
0100
0000
0100
0001
,
0000
0001
0000
0000
,
0001
0000
0001
1000
,
0000
1000
0000
0000
,
1000
0000
1000
0010
,
0000
0010
0000
0000
,
0010
0000
0010
0001
,
0000
1000
0001
1000
,
0000
0001
0100
0001
,
0000
0010
1000
0010
,
1000
0100
0010
0100
,
0010
0001
0001
0001
,
0001
1000
1000
1000
,
1000
0100
0001
0100
,
0001
0100
0100
0100
,
0100
0100
0010
1000
,
0010
2000
3000
1000
,
0000
0000
0001
0010
,
0001
0000
1000
0100
,
1000
0000
1000
0000
,
0010
0100
0010
0100
,
1000
0010
0000
0010
,
0100
0001
0100
0000
,
0000
1000
0010
0100
,
0001
0020
0030
0010
,
1000
0001
1000
0001
,
0010
0100
1000
0100
,
0001
0100
1000
0100
,
0010
0100
1000
0100
,
0001
0100
1000
0100
,
0001
0100
0000
1000
,
0001
1001
0000
0100
,
0010
0110
0000
0000
,
0000
0010
0010
0001
,
0001
1000
0000
0000
,
0000
1000
0000
0000
,
0001
1001
0000
0000
,
0000
0001
0100
0001
,
0100
0010
0000
0000
,
0000
0100
0000
0000
,
1000
0001
0000
0000
,
0000
1000
1000
0010
,
0010
1001
0000
0000
,
0000
1001
0000
0000
,
0000
1001
0000
0000
,
0000
0010
0100
0001
,
1000
0001
0000
0100
,
0100
0001
0001
0001
,
1000
1000
1000
0000
,
0000
0010
0010
0010
,
0100
0100
0100
0000
,
0000
1000
1000
1000
,
0010
0010
0010
0000
,
0000
0100
0100
0100
,
0001
2002
0000
3003
;

//---------------dance-single - Trick----------------
#NOTES:
     dance-single:
     Trick:
     Medium:
     6:
     0.409,0.447,0.349,0.040,0.000,248.000,35.000,4.000,0.000,0.000:



1000
0000
1000
0000
,
1000
0000
0001
1000
0100
0000
0010
0001
,
1000
0100
1000
0010
,
0001
1001
0000
0000
,
0000
0000
0001
0000
0000
0001
0000
0000
,
0001
0000
0010
0100
,
0000
0000
1000
0000
0000
1000
0000
0000
,
1000
0000
0100
0010
,
0000
0000
0001
0000
0000
0001
0000
0000
,
0001
0000
0010
0100
,
0000
0000
1001
0000
0000
1001
0000
0000
,
1001
0001
1000
0010
,
0100
1100
1100
1100
,
0001
0011
0011
0011
,
1000
0000
0001
0010
0001
0000
1000
0010
,
1000
0000
0001
0100
0001
0000
1000
0100
,
1000
0110
0110
0010
,
0001
0101
0101
0010
,
1000
0000
0100
0010
0100
0000
0010
0000
,
0001
0000
1000
0001
1000
0000
0101
0000
,
1000
0000
0001
0010
,
0100
2000
0000
3001
,
0000
0000
0001
0100
,
1000
0010
0001
0100
,
0001
0001
1000
0010
,
0100
0100
0010
1000
,
0010
0000
0010
0000
1000
0000
0001
1000
,
0010
0101
1001
0010
,
0001
0000
0001
0000
1000
0100
1000
0000
,
0001
0100
0001
0000
1000
0010
1000
0000
,
0001
0010
0001
0000
1000
0000
0100
0000
,
0001
0100
1000
0100
,
1000
0001
0001
1000
,
1000
0010
0010
0100
,
0100
0001
0001
0010
,
0010
0000
0100
0000
1000
0001
1000
0001
,
1000
1001
0010
0100
,
1001
0101
0100
0010
,
0100
0001
0100
0010
,
1000
0101
0000
0010
,
0001
0110
0001
0100
,
1000
0110
0010
1000
,
0010
0000
0100
0001
0100
0000
0010
1000
,
0010
1001
0000
1010
,
1010
0101
0010
0001
,
1000
0101
0100
0010
,
0001
0000
0001
0000
0010
0000
1000
0001
,
0100
1001
0000
0001
,
0100
1010
0001
0010
,
1000
1010
0100
0001
,
0010
0000
0100
0001
0100
0001
0100
0000
,
0100
1001
0100
2000
,
3001
0000
1000
0100
1000
0001
1000
0000
,
0001
0100
0001
1000
0001
0000
0010
0000
,
0100
0000
1000
0001
1000
0010
1000
0000
,
0001
1000
0001
0010
0001
0000
1000
0000
,
0001
0000
0010
1000
0010
0100
0010
0000
,
0100
0001
0100
0010
0100
0000
0001
0000
,
1000
0010
0110
1000
,
0110
2002
0000
3003;

//---------------dance-single - Maniac----------------
#NOTES:
     dance-single:
     Maniac:
     Hard:
     7:
     0.512,0.477,0.339,0.060,0.000,319.000,34.000,6.000,0.000,0.000:



0001
0000
0001
0000
,
0001
0000
1000
0010
1000
0000
0001
0100
,
0010
1000
0001
1000
,
0110
0000
1001
0000
0000
0000
0000
1000
,
0001
0000
1000
0100
0010
0100
1000
0100
,
0010
0001
1000
0000
0100
0000
0010
0000
,
0001
0000
1000
0100
0010
0100
1000
0010
,
0100
0001
0010
0000
1000
0000
0010
0000
,
0100
0000
0001
0010
0100
0010
0001
0010
,
0100
1000
0010
0000
1000
0000
0010
0000
,
0100
0000
0001
0010
0100
0010
0001
0100
,
0010
1000
0100
0000
1001
0000
0011
0000
,
0101
0000
1000
0001
0100
0001
1000
0010
,
0100
0000
0001
0010
0001
0100
0001
1000
,
0010
0000
0100
0001
0010
0100
1000
0001
,
0100
0000
0010
1000
0010
0100
0001
1000
,
0001
0000
1000
0100
1000
0001
0100
0001
,
1000
0000
0001
0010
0001
1000
0010
1000
,
0001
0000
0100
0010
0100
0001
1000
0010
,
0100
0001
0010
0100
1000
0010
0100
0001
,
0100
0110
2001
0100
,
3010
0102
1000
0103
,
0000
1000
1002
0010
,
0103
2010
0001
3010
,
1000
0001
1000
0010
,
1000
0000
0001
0100
0010
0000
0100
0000
,
0001
0000
1000
0001
0100
0000
0010
0000
,
0100
0000
0001
0010
0100
0000
1000
0000
,
0001
0000
1000
0000
0010
0100
0001
0000
,
0100
0010
1000
0000
0010
0000
0100
0000
,
0001
0000
1000
0000
0001
1000
0001
0000
,
0100
0010
0100
0000
0001
0010
0100
0000
,
0010
0000
1000
0001
0100
0010
1000
0001
,
1000
0100
1000
0001
0100
0010
1000
0001
,
0010
0100
1000
0010
0100
0010
1000
0001
,
0100
0010
1000
0000
0010
0100
0010
0100
,
0010
1001
0100
0010
,
1001
1001
0100
1000
,
0010
0100
0000
0001
0000
1000
0100
0000
,
1000
1001
0010
0100
,
0001
1100
0001
0100
,
1010
0110
0010
0001
,
1000
0000
0010
0000
1000
0010
0000
0100
,
0001
0100
0010
1001
,
0110
1001
0100
1000
,
0110
0110
0001
0010
,
1000
0010
0000
0100
0000
0010
1000
0000
,
0011
1100
0110
1000
,
0100
0011
0000
0000
,
0110
1001
1000
0010
,
0100
0000
0001
1000
0001
0010
0100
1000
,
0001
0100
0010
1000
0001
0000
0011
0000
,
1001
0000
0001
1000
0001
1000
0100
0000
,
1000
0001
1000
0001
0010
0000
1000
0000
,
0001
0000
0010
1000
0010
1000
0100
0000
,
0001
0100
0001
0100
0010
0000
1001
0000
,
1001
0000
0010
0100
0010
0100
0001
0000
,
0100
0010
0100
0010
1000
0000
0001
0000
,
0010
0000
0100
0001
1000
0010
0100
0000
,
1001
0202
0000
0303;
