#TITLE:Pts Of Athrty;
#SUBTITLE:;
#ARTIST:Linkin Park;
#TITLETRANSLIT:;
#SUBTITLETRANSLIT:;
#ARTISTTRANSLIT:;
#CREDIT:;
#BANNER:PtsOfAthrty-banner.jpg;
#BACKGROUND:PtsOfAthrty-bg.jpg;
#LYRICSPATH:PtsOfAthrty.lrc;
#CDTITLE:;
#MUSIC:linkin park - pts of athrty (djDH) .mp3;
#OFFSET:-0.020;
#SAMPLESTART:31.529;
#SAMPLELENGTH:12.000;
#SELECTABLE:YES;
#BPMS:0.000=190.420;
#STOPS:288.000=0.158
,288.500=0.158
,289.000=0.158
,318.500=0.158
,319.000=0.158
,319.500=0.158
;
#BGCHANGES:;
// cache tags:
#FIRSTBEAT:16.000;
#LASTBEAT:368.000;
#SONGFILENAME:Songs/DDI/Pts Of Athrty/PtsOfAthrty.sm;
#HASMUSIC:1;
#HASBANNER:1;
#MUSICLENGTH:124.212;
// end cache tags

//---------------dance-single - ----------------
#NOTES:
     dance-single:
     :
     Easy:
     5:
     0.319,0.332,0.169,0.097,0.000,244.000,21.000,12.000,0.000,0.000:  // measure 1
0000
0000
0000
0000
,  // measure 2
0000
0000
0000
0000
,  // measure 3
0000
0000
0000
0000
,  // measure 4
0000
0000
0000
0000
,  // measure 5
1000
1000
0000
0000
,  // measure 6
0000
0000
0000
0000
,  // measure 7
0010
0010
0000
0000
,  // measure 8
0001
0000
0000
1100
0000
0000
0000
0000
,  // measure 9
0010
0001
0010
0000
,  // measure 10
0001
0001
0100
0000
,  // measure 11
0010
0001
1000
0000
,  // measure 12
1001
0000
0000
0000
,  // measure 13
1000
0001
0010
0000
,  // measure 14
0010
1000
0110
0000
,  // measure 15
0001
1000
0010
0000
,  // measure 16
0001
0000
0000
0001
0000
0000
0010
0000
,  // measure 17
1000
0001
0001
0000
,  // measure 18
1000
0001
0001
0000
,  // measure 19
0010
0010
0100
0000
,  // measure 20
0100
0100
0001
0000
,  // measure 21
0100
0100
0101
0000
,  // measure 22
1000
0000
0000
0002
0000
0003
0001
0000
,  // measure 23
0010
0010
0011
0000
,  // measure 24
0001
0000
0000
0010
0000
0000
0010
0000
,  // measure 25
0001
0001
0011
0000
,  // measure 26
1000
0000
0000
0002
0000
0003
0001
0000
,  // measure 27
1000
0001
0010
0000
,  // measure 28
0001
0000
0000
0100
0000
0000
0010
0000
,  // measure 29
1000
0100
1100
0000
,  // measure 30
0100
0000
0000
0200
0000
0300
0100
0000
,  // measure 31
0001
0001
0101
0000
,  // measure 32
1000
0000
0000
0100
0000
0000
0100
0000
,  // measure 33
0010
0010
1010
0000
,  // measure 34
0100
0000
0000
0200
0000
0300
0100
0000
,  // measure 35
0010
0100
0001
0000
,  // measure 36
0010
0000
0000
1000
0000
0000
0010
0000
,  // measure 37
0100
0100
0001
0000
,  // measure 38
0100
0010
0100
0000
,  // measure 39
1000
0001
1000
0000
,  // measure 40
0100
0000
0010
0000
1000
0010
0000
0000
,  // measure 41
1010
0000
0101
0000
,  // measure 42
1010
0000
0101
0000
,  // measure 43
1000
0010
0001
0100
,  // measure 44
1000
0010
0001
0000
,  // measure 45
2000
0000
3000
0000
,  // measure 46
0002
0000
0003
0000
,  // measure 47
0020
0000
0030
0000
,  // measure 48
0100
0000
0000
0000
,  // measure 49
0000
1000
0001
0001
,  // measure 50
0000
0000
0000
0010
0000
1000
0000
0011
,  // measure 51
0000
0000
0000
0000
,  // measure 52
0000
0000
0000
0000
,  // measure 53
0000
1000
0001
0001
,  // measure 54
0000
0000
0000
0100
0000
0010
0000
0110
,  // measure 55
0000
0000
0000
0000
,  // measure 56
0010
0000
0000
0100
0000
0000
0010
0000
,  // measure 57
0100
0100
1100
0000
,  // measure 58
0001
0000
0000
0200
0000
0300
0010
0000
,  // measure 59
0100
0000
1001
0000
,  // measure 60
0100
0000
0000
0010
0000
0000
0100
0000
,  // measure 61
1000
0001
0001
0000
,  // measure 62
0001
0000
0000
0200
0000
0300
0010
0000
,  // measure 63
1001
0000
0100
0000
,  // measure 64
0001
0000
0100
0000
0000
0010
0100
0000
,  // measure 65
0010
1000
1010
0000
,  // measure 66
0010
0000
0000
2000
0000
3000
0001
0000
,  // measure 67
0100
0000
1001
0000
,  // measure 68
0001
0000
0000
1000
0000
0000
1000
0000
,  // measure 69
0001
0100
0100
0000
,  // measure 70
0010
0000
0000
0002
0000
0000
0100
0000
,  // measure 71
0103
0000
0100
0000
,  // measure 72
1000
0000
0000
0001
0000
0000
0001
0000
,  // measure 73
1000
1000
1000
0000
0000
1000
0000
0000
,  // measure 74
0001
0000
1000
0000
0100
0001
0000
0100
,  // measure 75
0000
1000
0000
0000
0010
0001
0000
0000
,  // measure 76
1000
0000
0000
0001
0000
0010
0000
0010
,  // measure 77
0000
1001
0000
0000
0000
1000
0000
0000
,  // measure 78
0100
0000
1000
0000
0100
1000
0000
0001
,  // measure 79
0000
1000
0000
0000
0010
1000
0000
0000
,  // measure 80
1000
0000
0000
0100
0000
0010
0010
0010
,  // measure 81
0000
0001
0001
0100
,  // measure 82
0000
1000
0100
0000
0000
0000
0100
0000
,  // measure 83
0000
0100
1000
0000
0000
0010
0000
0000
,  // measure 84
0001
0001
1000
0001
,  // measure 85
0000
0100
0010
0001
,  // measure 86
0000
1000
0001
0100
,  // measure 87
0000
0100
0100
1000
,  // measure 88
1000
0000
0010
0000
0100
0000
1000
0001
,  // measure 89
0000
0010
0001
0000
,  // measure 90
0000
0000
0010
0000
1000
0000
1000
0001
,  // measure 91
0000
1000
0010
0000
0000
0010
0000
0000
,  // measure 92
0200
0000
0000
0300
;

//---------------dance-single - ----------------
#NOTES:
     dance-single:
     :
     Medium:
     7:
     0.480,0.591,0.330,0.129,0.008,360.000,41.000,16.000,0.000,0.000:  // measure 1
0000
0000
0000
0000
,  // measure 2
0000
0000
0000
0000
,  // measure 3
0000
0000
0000
0000
,  // measure 4
0000
0000
0000
0000
,  // measure 5
1000
1000
0000
0000
,  // measure 6
0000
0000
0000
0000
0000
0000
0000
0100
,  // measure 7
0010
0000
0010
0000
0000
0000
0000
0100
,  // measure 8
0001
0000
0000
0010
0000
0000
0000
0000
,  // measure 9
0010
1000
0001
0000
0010
0000
0000
0000
,  // measure 10
0001
0010
0001
0000
1100
0000
0000
0000
,  // measure 11
0010
0100
0001
0000
1000
0000
0000
0000
,  // measure 12
1001
0000
0000
0100
0000
0000
0101
0000
,  // measure 13
1000
0010
0001
0000
0010
0000
0000
0000
,  // measure 14
0010
0001
1000
0000
0110
0000
0000
0000
,  // measure 15
0001
0100
1000
0000
0010
0000
0000
1000
,  // measure 16
0001
0000
0100
0001
0000
1000
0010
0000
,  // measure 17
1000
0000
0001
0000
0011
0000
0000
0100
,  // measure 18
1000
0000
1000
0000
1010
0000
0000
0001
,  // measure 19
0010
0001
0100
0000
,  // measure 20
1000
0010
1000
0000
0001
0000
0001
0000
,  // measure 21
0100
1000
0100
0000
1010
0000
0000
0000
,  // measure 22
1000
0010
0100
0002
0000
0003
0110
0000
,  // measure 23
0010
1000
0010
0000
0101
0000
0000
0000
,  // measure 24
0001
0000
0100
0010
0000
0100
0010
0000
,  // measure 25
0001
0100
0001
0000
1100
0000
0000
0000
,  // measure 26
1000
0010
0100
0002
0000
0003
0110
0000
,  // measure 27
1000
0100
0001
0000
0010
0000
0000
0100
,  // measure 28
0001
0000
0001
0100
0000
0100
0010
0000
,  // measure 29
1000
0001
0100
0000
1001
0000
0000
0000
,  // measure 30
0100
1000
0100
0002
0000
0003
1010
0000
,  // measure 31
0001
0010
0001
0000
0110
0000
0000
0000
,  // measure 32
1000
0000
0010
0100
0000
0001
0100
0000
,  // measure 33
0010
1000
0010
0000
0101
0000
0000
0000
,  // measure 34
0100
0010
1000
0200
0000
0300
1001
0000
,  // measure 35
0010
0001
0100
0000
0001
0000
0000
0001
,  // measure 36
0010
0000
0001
1000
0000
1000
0010
0000
,  // measure 37
0100
0000
0100
0000
0001
1000
0000
0001
,  // measure 38
0100
1000
0010
1000
0100
0000
1001
0000
,  // measure 39
1000
0010
0001
0010
1000
0000
0010
0001
,  // measure 40
0100
0001
0010
0000
1000
0010
0000
0000
,  // measure 41
0001
0100
0000
0100
0010
0000
0100
1000
,  // measure 42
0001
0000
0100
0001
1000
0000
0001
0010
,  // measure 43
0000
1001
0000
0010
0000
1001
0000
0100
,  // measure 44
0010
0001
0110
0000
,  // measure 45
2000
0000
0000
0000
0000
0000
0000
3000
,  // measure 46
0002
0000
0000
0000
0000
0000
0000
0003
,  // measure 47
0020
0000
0000
0000
0000
0000
0000
0030
,  // measure 48
0100
0000
0000
0000
,  // measure 49
0000
0000
1000
0000
0110
0000
0001
1000
,  // measure 50
0000
0100
0000
0010
0000
1000
0000
0022
,  // measure 51
0000
0000
0033
0000
,  // measure 52
0000
0000
0000
0000
,  // measure 53
0000
0000
1000
0000
0101
0000
0001
1000
,  // measure 54
0000
0010
0000
0100
0000
0110
0000
2002
,  // measure 55
0000
0000
3003
0000
,  // measure 56
0010
0000
0000
0001
0000
0000
0100
0000
0000
1000
0000
0000
0100
0000
0010
0000
,  // measure 57
1001
0000
0100
0001
0100
0000
0000
0000
,  // measure 58
0001
0010
0001
0200
0000
0300
0010
0000
,  // measure 59
1100
0000
0110
0000
,  // measure 60
0100
0001
0100
0010
0000
0010
0100
0000
,  // measure 61
1000
0000
0001
1000
0001
0000
0000
0000
,  // measure 62
0001
0100
1000
0200
0000
0300
0010
0000
,  // measure 63
1001
0010
0100
0000
,  // measure 64
0001
1000
0100
0010
0000
0010
0100
0000
,  // measure 65
1001
0000
0010
1000
0010
0000
0000
0000
,  // measure 66
0010
0001
0010
2000
0000
3000
0001
0000
,  // measure 67
0100
0010
1001
0000
,  // measure 68
0001
0010
0001
1000
0000
0010
1000
0000
,  // measure 69
0001
0000
0100
1000
0100
0000
0000
0000
,  // measure 70
0010
1000
0100
0002
0000
0003
0100
0000
,  // measure 71
0001
0101
0000
0000
,  // measure 72
1010
0000
0000
0001
0000
0000
1010
0000
,  // measure 73
1001
1001
1001
0000
0100
1000
0010
0000
,  // measure 74
0001
0010
1000
0000
0100
0001
0000
0110
,  // measure 75
0000
1000
0000
0000
0010
0001
0000
0100
,  // measure 76
1000
0000
0100
0001
0000
0010
0100
0010
,  // measure 77
0000
1001
0000
0000
0000
1000
0010
0000
,  // measure 78
0100
0001
1000
0000
0100
1000
0000
0001
,  // measure 79
0000
0110
0000
0000
0010
1000
0000
0001
,  // measure 80
1000
0000
0001
0100
0000
0010
0010
0010
,  // measure 81
0000
1000
0001
0100
0001
0000
1010
0000
,  // measure 82
0000
1000
0100
0001
0000
0001
0100
0000
,  // measure 83
0000
0100
1000
0000
1000
0010
0000
0010
,  // measure 84
0001
0000
0001
0001
1000
0000
0001
0000
,  // measure 85
0000
0000
0100
0100
0010
0000
0001
0000
,  // measure 86
0000
0000
1000
1000
0001
1000
0100
0000
,  // measure 87
0000
0000
0100
0010
0100
0000
1000
0001
,  // measure 88
1000
0000
0010
0000
0100
0000
1000
0001
,  // measure 89
0000
1000
0010
0000
0001
0000
0000
0000
,  // measure 90
0000
0100
0010
0000
0100
0000
1000
0001
,  // measure 91
0000
1000
0010
0000
0100
0010
0000
0001
,  // measure 92
0200
0000
0000
0300
;

//---------------dance-single - ----------------
#NOTES:
     dance-single:
     :
     Hard:
     9:
     0.566,0.593,0.507,0.209,0.036,403.000,63.000,26.000,0.000,2.000:  // measure 1
0000
0000
0000
0000
,  // measure 2
0000
0000
0000
0000
,  // measure 3
0000
0000
0000
0000
,  // measure 4
0000
0000
0000
0000
,  // measure 5
0001
0001
0000
0000
,  // measure 6
0000
0000
0000
0000
0000
0000
0000
0100
,  // measure 7
0010
0000
0010
0000
0000
0000
0000
0100
,  // measure 8
0001
0000
0000
1100
0000
0000
0000
0000
,  // measure 9
0010
1000
0001
0100
0010
0000
0000
0000
,  // measure 10
0001
0010
0100
1000
0010
0000
0000
0000
,  // measure 11
0010
1000
0001
1000
1100
0000
0000
0000
,  // measure 12
1010
0000
0000
1001
0000
0000
0101
0000
,  // measure 13
1000
0010
0100
0001
0010
0000
0000
1000
,  // measure 14
0010
0001
0100
0000
0110
0000
0000
1000
,  // measure 15
0001
0100
0010
1000
0010
0000
0000
1000
,  // measure 16
0010
0000
0100
0001
0000
1000
0010
0100
,  // measure 17
1000
0000
0011
0000
0101
0000
0000
0010
,  // measure 18
0100
0000
0110
0000
0101
0000
0000
0100
,  // measure 19
1000
0000
1010
0000
0101
0000
0000
0100
,  // measure 20
1000
0010
1000
0001
1000
0100
0000
0000
,  // measure 21
0100
0001
0100
0000
1010
0000
0000
0100
,  // measure 22
1000
0010
0100
0002
0000
0003
0110
0000
,  // measure 23
0010
1000
0010
0000
0101
0000
0000
0100
,  // measure 24
1000
0000
0100
0010
0000
0100
0001
0000
,  // measure 25
0001
0010
0001
0000
1100
0000
0000
0100
,  // measure 26
1000
0010
0100
0002
0000
0003
0110
0000
,  // measure 27
1000
0010
0001
0010
1000
0000
0000
0100
,  // measure 28
0001
0000
0001
1000
0000
1000
0010
0000
,  // measure 29
0100
1000
0100
0000
1001
0000
0000
0001
,  // measure 30
0100
1000
0100
0002
0000
0003
1010
0000
,  // measure 31
0001
0010
0001
0000
0110
0000
0000
0100
,  // measure 32
1000
0000
0100
0010
0000
0100
0001
0000
,  // measure 33
0010
1000
0010
0000
1100
0000
0000
0100
,  // measure 34
1000
0010
1000
0200
0000
0300
1001
0000
,  // measure 35
0010
0001
0100
0001
0010
0000
0000
0001
,  // measure 36
0010
0000
0001
1000
0000
0001
0100
0000
,  // measure 37
1010
0000
1010
0000
0001
1000
0000
0100
,  // measure 38
0100
1000
0010
1000
0100
0000
0011
0000
,  // measure 39
1000
0010
0001
0010
1000
0000
0010
0001
,  // measure 40
0100
0001
0010
0000
2000
3010
0000
0000
,  // measure 41
0002
0103
0000
0200
0310
0000
0100
1000
,  // measure 42
0001
0000
0100
0001
1000
0000
0001
0010
,  // measure 43
0000
1001
0000
0010
0000
1001
0000
0100
,  // measure 44
0110
0001
0110
0000
,  // measure 45
2000
0000
0000
0000
,  // measure 46
0002
0000
0000
0000
,  // measure 47
0020
0000
0000
0000
,  // measure 48
3133
0000
0000
0000
,  // measure 49
0000
0000
1000
0000
0101
0000
1000
0001
,  // measure 50
0000
0010
0000
0100
0000
0110
0000
0200
,  // measure 51
0000
0000
0300
0000
,  // measure 52
0000
0000
0000
0000
,  // measure 53
0000
0000
1000
0000
0101
0000
1000
0001
,  // measure 54
0000
0010
0000
0100
0000
0110
0000
2002
,  // measure 55
0000
0000
3003
0000
,  // measure 56
0010
1000
0000
1000
0001
0000
0001
1000
0000
1000
0010
0000
0100
0010
0100
0000
,  // measure 57
1001
0000
0100
0010
0100
0000
1000
0100
,  // measure 58
0001
0010
0001
0200
0000
0300
1010
0000
,  // measure 59
1100
0000
0110
0000
,  // measure 60
0100
0001
1000
0010
0000
0010
0100
0000
,  // measure 61
0011
0000
0001
1000
0001
0000
1000
0010
,  // measure 62
0001
0100
1000
0200
0000
0300
0101
0000
,  // measure 63
0011
1010
1100
0000
,  // measure 64
0001
1000
0100
0010
0000
0100
0010
0000
,  // measure 65
1001
0000
0010
0100
0010
0000
0100
1000
,  // measure 66
0010
0001
0010
2000
0000
3000
0110
0000
,  // measure 67
0110
1001
1010
0000
,  // measure 68
0001
0010
0100
1000
0000
0010
1000
0000
,  // measure 69
1001
0000
0100
1000
0100
0000
0100
1000
,  // measure 70
0010
1000
0100
0002
0000
0003
1010
0000
,  // measure 71
0001
0101
0000
0000
,  // measure 72
1010
0000
0000
0101
0000
0000
1010
0000
,  // measure 73
1001
0110
1001
0000
0100
1000
0010
0000
,  // measure 74
0001
0010
1000
0000
0100
0001
0000
0110
,  // measure 75
0000
1000
0000
0000
0110
0001
0000
0110
,  // measure 76
1000
0000
0110
0001
0000
0100
0010
0100
,  // measure 77
0001
1000
0001
0000
0000
0000
0000
0000
0000
0000
1000
0000
0010
0000
0000
0000
,  // measure 78
0100
0001
1000
0000
0100
1000
0000
0101
,  // measure 79
0000
0110
0000
0000
0010
1000
0000
0001
,  // measure 80
1000
0000
0001
0100
0000
0010
0010
0010
,  // measure 81
0000
0010
0001
0100
0001
1000
0010
0000
,  // measure 82
0000
1000
0100
0001
0000
0001
0100
0000
,  // measure 83
0000
0100
1000
0000
1000
0010
0000
0010
,  // measure 84
0001
0000
0000
0000
0001
0000
0001
0000
1000
0000
0010
1000
0001
0000
0000
0000
,  // measure 85
0000
0000
0001
0000
0100
0000
0010
0000
0100
0000
0001
0010
0100
0000
0000
0000
,  // measure 86
0000
0000
0010
0000
1000
0000
0010
0000
0100
0000
0001
0100
1000
0000
0000
0000
,  // measure 87
0000
0001
0100
0010
0100
0010
1000
0001
,  // measure 88
1000
0000
0020
0000
0200
0330
1000
0001
,  // measure 89
0000
1000
0020
0000
0002
0000
0000
0033
,  // measure 90
0000
0100
0020
0000
0200
0330
1000
0001
,  // measure 91
0000
1000
0200
0300
0001
2000
3000
0001
,  // measure 92
0020
0000
0000
0000
,  // measure 93
0030
0000
0000
0000
;
