#TITLE:Body Movin';
#SUBTITLE:(Fatboy Slim Remix);
#ARTIST:Beastie Boys;
#TITLETRANSLIT:;
#SUBTITLETRANSLIT:;
#ARTISTTRANSLIT:;
#CREDIT:;
#BANNER:Body Movin' (Fatboy Slim Remix).png;
#BACKGROUND:Body Movin' (Fatboy Slim Remix)-BG.png;
#LYRICSPATH:Body Movin' (Fatboy Slim Remix).lrc;
#CDTITLE:;
#MUSIC:Body Movin' (Fatboy Slim Remix).mp3;
#OFFSET:-0.025;
#SAMPLESTART:32.740;
#SAMPLELENGTH:12.000;
#SELECTABLE:YES;
#BPMS:0.000=101.740,23.500=120.060,24.000=101.740;
#STOPS:;
#BGCHANGES:;
// cache tags:
#FIRSTBEAT:6.000;
#LASTBEAT:175.000;
#SONGFILENAME:Songs/DDI/Body Movin' (Fatboy Slim Remix)/Body Movin' (Fatboy Slim Remix).sm;
#HASMUSIC:1;
#HASBANNER:1;
#MUSICLENGTH:103.784;
// end cache tags

//---------------dance-single - ----------------
#NOTES:
     dance-single:
     :
     Easy:
     5:
     0.361,0.400,0.491,0.000,0.000,211.000,51.000,0.000,0.000,0.000:  // measure 1
0000
0000
0000
0000
,  // measure 2
0000
0000
1000
0001
,  // measure 3
1000
0100
0001
0100
,  // measure 4
1000
0000
0100
0000
0001
0001
0001
0000
,  // measure 5
0110
0000
1001
0000
0100
0100
0100
0000
,  // measure 6
0010
0000
0001
0000
1000
0001
1000
0000
,  // measure 7
1001
1000
0001
0000
1100
0100
1000
0000
,  // measure 8
0110
0100
0010
0000
0011
0010
0001
0000
,  // measure 9
1000
0100
0101
0001
,  // measure 10
1010
1000
0101
1001
,  // measure 11
0110
1010
0101
0011
,  // measure 12
1100
1001
1010
0011
,  // measure 13
0001
0001
0100
0100
0010
0010
1000
1000
,  // measure 14
0001
0001
0010
0010
0100
1001
1001
0000
,  // measure 15
0110
1000
0010
0100
,  // measure 16
1000
0100
0010
0000
0001
0010
0100
0000
,  // measure 17
0101
0010
1010
0100
,  // measure 18
1000
0100
0001
0000
0001
0100
1000
0000
,  // measure 19
1001
0010
1001
0100
,  // measure 20
0010
0001
0100
0000
0010
1000
0100
0000
,  // measure 21
0110
0001
0110
1000
,  // measure 22
0001
0010
1000
0000
1000
0100
0001
0000
,  // measure 23
1000
1000
1000
0000
0011
0000
0100
0000
,  // measure 24
0001
0001
0001
0000
1010
0000
0100
0000
,  // measure 25
1000
0001
1000
0000
0110
0000
0001
0000
,  // measure 26
0010
0100
0010
0000
1001
0000
0100
0000
,  // measure 27
1000
0100
1000
0000
0011
0000
1100
0000
,  // measure 28
0001
0100
0001
0000
1010
0000
0101
0000
,  // measure 29
1000
0001
0100
1000
,  // measure 30
0100
1000
0010
0001
,  // measure 31
0100
1000
0001
0000
0010
0000
0100
0000
,  // measure 32
0010
0001
1000
0000
0100
0000
0010
0000
,  // measure 33
1000
0010
0100
0000
0001
0000
1000
0000
,  // measure 34
0001
0100
0010
0000
1000
0010
0100
0000
,  // measure 35
1001
0100
1001
0010
,  // measure 36
0100
0001
0100
0000
1000
0010
1000
0000
,  // measure 37
1100
0001
1100
0010
,  // measure 38
0100
1000
0100
0000
0001
0010
0001
0000
,  // measure 39
0101
1000
0101
0010
,  // measure 40
0010
1000
0100
0000
0010
0001
0100
0000
,  // measure 41
1010
0100
0101
0010
,  // measure 42
1000
0100
0001
0000
0001
0100
1000
0000
,  // measure 43
1001
1010
1100
0110
,  // measure 44
0101
1001
0110
1001
;

//---------------dance-single - ----------------
#NOTES:
     dance-single:
     :
     Medium:
     7:
     0.501,0.506,0.453,0.096,0.000,307.000,47.000,10.000,0.000,0.000:  // measure 1
0000
0000
0000
0000
,  // measure 2
0000
0000
0000
0000
1000
0100
1000
0001
,  // measure 3
1000
0100
1000
0001
1000
0100
0010
0100
,  // measure 4
0001
0100
0010
0100
1000
0010
0001
0010
,  // measure 5
1000
0010
0001
0010
1000
0010
1000
0100
,  // measure 6
0001
0010
1000
0100
1000
0001
0010
0000
,  // measure 7
0001
0100
0010
0100
1000
0001
0100
0001
,  // measure 8
0010
1000
0001
1000
0100
0010
1000
0010
,  // measure 9
2000
0100
0100
0100
3002
0010
0010
0010
,  // measure 10
0203
0001
0010
0001
0320
0100
1000
0100
,  // measure 11
2030
0100
0001
0010
3200
1000
0010
0001
,  // measure 12
0320
1000
0001
1000
0032
0100
0010
0103
,  // measure 13
1001
0100
0010
0100
1001
0010
0100
0010
,  // measure 14
0110
1001
0110
1001
0110
1100
0011
0000
,  // measure 15
0000
0101
0010
1000
0000
1010
0001
0100
,  // measure 16
1000
0010
0100
0001
0010
0100
1000
0010
,  // measure 17
0000
1001
0010
0100
0000
0110
0001
1000
,  // measure 18
0001
0010
0100
1000
0010
0100
0001
0010
,  // measure 19
0000
0011
0100
1000
0000
1100
0010
0001
,  // measure 20
0010
1000
0010
0001
0010
1000
0010
0001
,  // measure 21
0000
1100
0001
0010
0000
0011
1000
0100
,  // measure 22
0001
0100
1000
0100
0001
0100
1000
0100
,  // measure 23
0110
0100
0001
0000
0110
0010
1000
0000
,  // measure 24
0100
1000
0010
1000
0110
0001
1000
0010
,  // measure 25
1000
0100
0001
0010
0100
1000
0010
0000
,  // measure 26
1000
0100
1000
0100
0001
0100
1000
0000
,  // measure 27
1000
0010
0001
0100
1000
0010
1001
0000
,  // measure 28
1000
0100
0001
0010
1000
0100
1001
0000
,  // measure 29
0010
0100
1001
0000
1000
0001
0110
0000
,  // measure 30
0010
0001
1100
0000
0100
1000
0011
0000
,  // measure 31
1000
0001
0100
1000
0020
1000
0100
1030
,  // measure 32
0001
0100
1000
0100
2000
0001
0010
3001
,  // measure 33
0100
0001
0100
0000
1000
0010
1000
0000
,  // measure 34
1010
0110
0011
0000
1010
1001
0101
0000
,  // measure 35
0000
1001
0010
0100
0000
0110
0001
1000
,  // measure 36
0100
0010
0001
0010
0100
1000
0100
0010
,  // measure 37
0000
1100
0001
0010
0000
0011
1000
0100
,  // measure 38
1000
0001
0010
0001
1000
0100
1000
0001
,  // measure 39
0000
1010
0001
0100
0000
0101
1000
0010
,  // measure 40
0001
0010
0100
0010
0001
1000
0001
0100
,  // measure 41
0000
1100
0001
0100
0000
0101
1000
0100
,  // measure 42
0001
0100
1000
0010
0001
0010
1000
0010
,  // measure 43
1100
0100
1000
0100
0101
0001
0100
0001
,  // measure 44
1001
1000
1001
0001
0110
1001
0110
0000
;

//---------------dance-single - ----------------
#NOTES:
     dance-single:
     :
     Hard:
     9:
     0.640,0.632,0.674,0.000,0.467,395.000,70.000,0.000,0.000,0.000:  // measure 1
0000
0000
0000
0000
,  // measure 2
0000
0000
0000
0000
0000
0000
0000
0000
0010
0001
0100
0001
0100
0000
0010
0000
,  // measure 3
1001
0000
0100
1000
0100
0000
0010
0000
1001
0000
0010
0100
0010
0000
0001
0000
,  // measure 4
0110
0000
0001
1000
0001
0000
0010
0000
1000
0001
0100
0001
1000
0000
0010
0000
,  // measure 5
1100
0000
0010
0001
0010
0000
0100
0000
0011
0000
0100
1000
0100
0000
0001
0000
,  // measure 6
1010
0000
0100
0001
0100
0000
0010
0000
1000
0010
1000
0100
1000
0000
0010
0000
,  // measure 7
1001
0010
0100
0010
0110
1000
0001
1000
,  // measure 8
1100
0010
0001
0100
1010
0010
0001
0100
,  // measure 9
1001
0100
0001
0010
1100
0001
0100
0010
,  // measure 10
1001
0100
1010
0100
0011
1000
0101
1000
,  // measure 11
1010
0001
0110
1000
0101
0010
1001
0100
,  // measure 12
1010
0011
1001
0100
0011
0101
0110
1000
,  // measure 13
1100
0101
1010
0011
1100
1010
0101
0011
,  // measure 14
1000
0001
1000
0001
1000
0010
1000
0010
0100
0010
1001
0000
0110
0000
0000
0000
,  // measure 15
0000
0000
0100
0001
0010
0000
0110
0000
0000
0000
0100
1000
0010
0000
1001
0000
,  // measure 16
0100
0000
1000
0000
0010
0000
0001
1000
0100
0000
0010
0000
0001
0000
0100
0000
,  // measure 17
0000
0000
1000
0001
0010
0000
1100
0000
0000
0000
1000
0010
0001
0000
1001
0000
,  // measure 18
0010
0001
0010
1000
0010
0000
0010
0100
0010
0001
0010
0000
0010
0000
0010
0000
,  // measure 19
0000
0000
1000
0001
0010
0000
1100
0000
0000
0000
0001
1000
0010
0000
0101
0000
,  // measure 20
1000
0000
0010
0000
0001
0000
1000
0010
0001
0000
0001
0000
0100
0000
1000
0000
,  // measure 21
0000
0000
0100
1000
0001
0000
0110
0000
0000
0000
0010
0001
1000
0000
0110
0000
,  // measure 22
1000
0100
1000
0010
1000
0000
0100
0010
0100
1000
0100
0000
0010
0000
0000
0000
,  // measure 23
0010
0100
0001
0100
0010
0000
1000
0000
0001
0100
1000
0000
0101
0000
1100
0000
,  // measure 24
0001
0100
0010
0100
0001
0000
1000
0000
0101
0000
1000
0000
0011
0000
0100
0000
,  // measure 25
1000
0000
0100
0000
0010
0100
1000
0000
0100
0000
0001
0100
0000
0010
1000
0010
,  // measure 26
0100
0000
1000
0000
0100
0000
0001
0000
0010
0000
0100
1000
0000
0000
0000
1000
,  // measure 27
0001
1000
0100
1000
0001
1000
0100
0000
1001
0000
0101
0000
0011
0000
0000
0000
,  // measure 28
0001
0010
0001
1000
0001
0010
0001
0000
0110
0000
1100
0000
0101
0000
0000
0000
,  // measure 29
0001
0100
0000
1000
0000
0100
0000
0000
0010
0000
0100
1000
0000
0100
0000
0000
,  // measure 30
1000
0010
0000
0001
0000
0100
0000
0001
1000
0000
1000
0001
0000
0010
0000
0000
,  // measure 31
1000
0100
0001
0100
1000
0000
0001
0000
0010
0000
0001
0000
1000
0000
0100
0000
,  // measure 32
1000
0010
0001
0000
0010
0000
1000
0000
0100
0000
0001
0000
0010
0000
0100
0000
,  // measure 33
1000
0000
0001
0100
0000
0100
0001
0000
0010
0000
1000
0100
0000
0000
0000
0000
,  // measure 34
0010
0000
0001
0100
0000
0000
0010
0000
1000
0100
0000
1001
0000
0000
0110
0000
,  // measure 35
0000
0000
0010
0100
0010
0000
1001
0000
0000
0000
1000
0001
1000
0000
0110
0000
,  // measure 36
0001
0000
1000
0000
0010
0000
0100
1000
0100
0000
0001
0000
0010
0000
0001
0000
,  // measure 37
0000
0000
1000
0100
0001
0000
1001
0000
0000
0000
1000
0010
0001
0000
1001
0000
,  // measure 38
0100
0001
0100
1000
0100
0000
0100
1000
0100
0001
0100
0000
0100
0000
0100
0000
,  // measure 39
0000
0000
0010
0001
0010
0000
1100
0000
0000
0000
0100
1000
0100
0000
0011
0000
,  // measure 40
1000
0000
0010
0000
1000
0000
0001
0100
0001
0000
0010
0000
0100
0000
0010
0000
,  // measure 41
0000
0000
0010
0100
0001
0000
1010
0000
0000
0000
0100
0010
1000
0000
0101
0000
,  // measure 42
1000
0100
0010
0100
1000
0000
0001
0010
0100
0010
0001
0000
0110
0000
1001
0000
,  // measure 43
0110
0000
0000
0100
1000
0000
1000
0100
0000
0010
0001
0000
0001
0000
0110
0000
,  // measure 44
1001
0000
0010
0100
0010
0000
0010
0100
1000
0001
1000
0001
0110
0000
0000
0000
;
