#TITLE:COREDESAT;
#SUBTITLE:;
#ARTIST:Des-ROW;
#TITLETRANSLIT:;
#SUBTITLETRANSLIT:;
#ARTISTTRANSLIT:;
#CREDIT:;
#BANNER:Cordesat-bn.png;
#BACKGROUND:Cordesat.png;
#LYRICSPATH:;
#CDTITLE:razmatitle.png;
#MUSIC:COREDESAT.mp3;
#OFFSET:-0.581;
#SAMPLESTART:3.520;
#SAMPLELENGTH:15.000;
#SELECTABLE:YES;
#BPMS:0.000=165.000,76.000=158.000,148.000=160.000;
#STOPS:;
#BGCHANGES:;
// cache tags:
#FIRSTBEAT:8.000;
#LASTBEAT:210.500;
#SONGFILENAME:Songs/Rock/COREDESAT/COREDESAT.sm;
#HASMUSIC:1;
#HASBANNER:1;
#MUSICLENGTH:81.449;
// end cache tags

//---------------dance-single - ----------------
#NOTES:
     dance-single:
     :
     Beginner:
     2:
     0.146,0.226,0.025,0.049,0.000,77.000,2.000,4.000,0.000,0.000:
0000
0000
0000
0000
,
0000
0000
0000
0000
,
0000
0000
0000
0000
,
0000
0000
0000
0000
,
0010
0000
0010
0000
,
0100
0000
0100
0000
,
0010
0000
0010
0000
,
0100
0000
0100
0000
,
1001
0000
0000
0000
,
0001
0000
0000
0000
,
1000
0000
0000
0000
,
0010
0000
0000
0000
,
0100
0000
0000
0000
,
0001
0000
0000
0000
,
1000
0000
0000
0000
,
0010
0000
0000
0000
,
0100
0000
0000
0000
,
0010
0010
0000
0000
,
0100
0000
0000
0000
,
0001
0000
1000
0000
,
0001
0000
1000
0000
,
0020
0000
0000
0030
,
0000
0000
0000
0000
,
0200
0000
0000
0300
,
0000
0000
0000
0000
,
0001
0000
1000
1000
,
1000
0000
0010
0010
,
0010
0000
0100
0100
,
0100
0000
0001
0001
,
0001
0000
1000
0000
,
0010
0000
0100
0000
,
0001
0000
1000
0000
,
0001
0000
0010
0000
,
0200
0000
0000
0300
,
0000
0000
0000
0000
,
2000
0000
0000
3000
,
0000
0000
0000
0000
,
0001
0000
0010
0000
,
0001
0000
0010
0000
,
0001
0000
1000
0000
,
0001
0000
1000
0000
,
0001
0000
0100
0000
,
0001
0000
0100
0000
,
0010
0000
0100
0000
,
0010
0000
0100
0000
,
0010
0000
1000
0000
,
0010
0000
1000
0000
,
0100
0000
1000
0000
,
0100
0000
1000
0000
,
0010
0000
0000
0000
,
0100
0000
0000
0000
,
0001
0000
0000
0000
,
1000
0000
1001
0000
;

//---------------dance-single - ----------------
#NOTES:
     dance-single:
     :
     Easy:
     5:
     0.370,0.387,0.160,0.356,0.000,169.000,13.000,29.000,0.000,0.000:
0000
0000
0000
0000
,
0000
0000
0000
0000
,
2000
0010
0010
3010
,
0100
0001
0200
0000
,
0320
1000
1000
1030
,
0100
1000
0200
0000
,
0320
0001
0001
0031
,
1000
0010
2000
0000
,
3001
0000
0100
0010
,
0110
0000
1000
0001
,
0100
0010
1001
0000
,
0100
1000
0010
0000
,
1000
0001
0100
0000
,
0010
0100
0001
0000
,
1000
0001
0010
0000
,
0001
1000
0100
0000
,
1000
0010
0100
0001
,
0100
0010
1000
0001
,
1000
0001
1000
0010
,
0200
0001
0010
0310
,
0010
2001
0100
3100
,
2002
0000
0000
3003
,
0010
0000
0000
0100
0000
0000
1001
0000
,
0220
0000
0000
0330
,
0100
0000
0000
0001
0000
0000
0010
0000
,
0100
1000
0100
1000
,
0001
0100
0001
0100
,
0010
1000
0010
1000
,
0001
0010
0001
0010
,
0001
1000
0100
0010
,
0001
0100
0010
1000
,
0001
0010
0100
1000
,
0010
0100
0001
1000
,
0220
0000
0000
0330
,
0001
0000
0000
1000
0000
0000
0010
0000
,
2002
0000
0000
3003
,
0100
0000
0000
1000
0000
0000
0010
0000
,
0101
0010
0010
0010
,
1000
0100
1000
0100
,
1010
0100
0100
0100
,
0001
0010
0001
0010
,
0101
1000
1000
1000
,
0010
0100
0010
0100
,
1001
0010
0010
0010
,
1000
0100
1000
0100
,
2000
0001
0001
3001
,
0200
0010
0010
0310
,
0002
1003
0002
1003
,
0200
0310
0200
0310
,
0002
0000
0023
0000
,
0230
0000
2300
0000
,
3002
0000
0203
0000
,
0320
0030
0110
0000
;

//---------------dance-single - ----------------
#NOTES:
     dance-single:
     :
     Medium:
     7:
     0.426,0.419,0.025,0.344,0.000,213.000,2.000,28.000,0.000,0.000:
0000
0000
0000
0000
,
0000
0000
0000
0000
,
0002
0100
0010
0103
,
0020
0000
1030
0000
0100
1000
0100
0000
,
0020
0001
0100
0031
,
2000
0000
3100
0000
0010
0001
0010
0000
,
0200
1000
0010
1300
,
0002
0000
0103
0000
0010
1000
0010
0000
,
0200
0001
0001
0301
,
1000
0000
0100
0000
0010
0100
0010
0000
,
0001
0000
0100
0000
0010
0100
0010
0000
,
1000
0000
0001
0000
0100
0001
0100
0000
,
0001
0000
1000
0000
0100
1000
0100
0000
,
1001
0000
0100
0000
0010
1000
0200
0000
,
0310
0000
0001
0000
1000
0010
2000
0000
,
3001
0000
0100
0000
0010
1000
0020
0000
,
0130
0001
1000
0010
,
0100
0000
0000
0001
0000
1000
1000
0000
,
0100
0000
0000
0010
0000
0001
0001
0000
,
1000
0001
1000
0000
0001
0100
0001
0000
,
1000
0000
0000
0010
0000
0000
0100
0000
,
0001
0000
1000
0001
0000
0001
1000
0000
,
0020
0000
0000
0230
0000
0000
0302
0000
,
1003
0000
0100
0010
0000
0010
0100
0000
,
2000
0000
0000
3020
0000
0000
0130
0000
,
0000
0100
0001
0000
0000
0001
0100
0000
,
0000
1000
0010
0000
0000
0010
1000
0000
,
0000
0100
0010
0000
0000
0010
0100
0000
,
0000
0001
1000
0000
0000
1000
0100
0000
,
0000
0100
0010
0000
0000
0010
0001
0000
,
0000
0001
1000
0000
0000
0100
0010
0000
,
0000
0001
1000
0000
0000
0010
1000
0000
,
0000
0100
0010
0000
0000
0001
0100
0000
,
0010
0000
1000
0100
0000
0100
1000
0000
,
0020
0000
0000
0230
0000
0000
0302
0000
,
1003
0000
0100
1000
0000
1000
0001
0000
,
0200
0000
0000
0320
0000
0000
2030
0000
,
3001
0000
0000
0100
0010
0000
1000
0000
,
0100
0000
0000
1000
0001
0000
0100
0000
,
0010
0000
0000
0100
0001
0000
1000
0000
,
0100
0000
0000
0010
0001
0000
0100
0000
,
0001
0000
0000
1000
0100
0000
1000
0000
,
0010
0000
0100
0000
0001
0000
1000
0001
,
0100
0000
0000
0010
1000
0000
0100
0000
,
1000
0001
0100
0001
,
0010
0000
0000
0001
1000
0000
0001
0100
,
0001
0000
0000
1000
0010
0000
0100
0000
,
0001
0000
0000
0010
0100
0000
1000
0001
,
1000
0000
0000
0100
0010
0000
0001
0000
,
2000
0000
0000
3100
0020
0000
0000
0031
,
0200
0000
0000
0310
2000
0000
0000
0000
,
3002
0000
0203
0000
,
0320
0000
0000
0030
1001
0000
0000
0000
;

//---------------dance-single - ----------------
#NOTES:
     dance-single:
     :
     Hard:
     9:
     0.626,0.646,0.196,0.417,0.374,307.000,16.000,34.000,0.000,0.000:
0000
0000
0000
0000
,
0000
0000
0000
0000
,
0200
0001
1000
0301
,
0020
0000
0032
0000
1003
0010
2000
0000
,
3002
0010
1000
0103
,
0020
0000
2030
0000
3100
0010
0200
0000
,
2300
0001
0010
3100
,
0020
0000
0032
0000
0103
0010
0200
0000
,
0301
0000
0000
1000
0000
0000
0001
0000
0000
0100
0000
0000
0010
0000
0000
0000
,
1000
0000
0000
0001
0000
0000
0100
0000
0000
0010
0000
0000
0100
0000
0001
0000
,
0100
0000
0000
0010
0000
0000
1000
0000
0000
0100
0000
0000
1000
0000
0000
0000
,
0010
0000
0000
0100
0000
0000
0001
0000
0000
1000
0000
0000
0100
0000
0010
0000
,
0200
0000
0000
0010
0000
0000
0001
0000
0300
0010
0000
0000
0100
0000
1000
0000
,
0200
0000
0000
1000
0000
0000
0010
0000
0300
1000
0000
0000
0001
0000
0100
0000
,
0020
0000
0000
1000
0000
0000
0001
0000
0030
1000
0000
0000
0100
0000
0010
0000
,
0200
0000
0000
0001
0000
0000
1000
0000
0300
0001
0000
0000
0100
0000
1000
0000
,
0100
1000
0010
0001
0010
1000
0001
1000
,
0010
0000
0000
0000
0000
0000
0100
1000
0100
0000
0000
0000
0010
0000
0000
0000
,
0001
0000
0000
0100
0100
0000
0010
0000
,
1000
0100
0001
0100
,
2002
0000
0000
3003
,
1000
0010
1000
0010
1000
0000
0001
0100
0001
0100
0001
0000
1000
0000
0000
0000
,
0020
0000
1000
2030
0000
0001
3002
0000
,
0103
0010
0100
0010
0100
0000
0001
1000
0001
1000
0001
0000
0100
0000
0000
0000
,
0020
0000
0100
0230
0000
0001
0302
0000
,
1003
0100
1000
1100
0000
0010
0001
0101
,
0000
0010
1000
1100
0010
0100
0001
0100
,
0000
0010
0100
0101
0000
0001
1000
1100
,
0000
0001
0100
0110
1000
0100
0010
0001
,
0000
1000
0020
0100
0000
0031
0020
0100
,
0000
0130
1000
0010
0100
0001
1000
0001
,
0000
0100
0002
0010
0000
1003
0200
0010
,
0000
0310
0100
1000
0001
0100
0010
1000
,
0001
0100
0001
0100
0001
0000
1000
0010
1000
0010
1000
0000
0001
0000
0000
0000
,
0200
0000
0010
2300
0000
0001
3200
0000
,
0301
1000
0001
1000
0001
0000
0100
0010
0100
0010
0100
0000
0001
0000
0000
0000
,
2000
0000
0010
3020
0000
0100
0230
0000
,
0301
0000
0000
1000
0000
0000
0100
0000
0000
0001
0000
0000
0100
0000
1000
0000
,
0010
0000
0000
0100
0000
0000
0001
0000
0000
1000
0000
0000
0010
0000
0100
0000
,
0001
0000
0000
1000
0000
0000
0100
0000
0000
0001
0000
0000
0100
0000
1000
0000
,
0001
0000
0000
0010
0000
0000
0100
0000
0000
1000
0000
0000
0010
0000
0100
0000
,
0010
0000
0000
0001
0000
0000
0010
0000
0000
1000
0000
0000
0001
0000
1000
0000
,
0001
0000
0000
0100
0000
0000
1000
0000
0000
0100
0000
0000
0001
0000
0010
0000
,
0001
0000
0000
1000
0000
0000
0100
0000
0000
1000
0000
0000
0010
0000
0100
0000
,
0001
0000
0000
0100
0000
0000
0010
0000
0000
1000
0000
0000
0001
0000
0000
0000
,
1000
0000
0000
1100
0000
0000
0001
0000
0000
0101
0000
0000
1000
0000
0000
0000
,
0010
0000
0000
0110
0000
0000
1000
0000
0000
1100
0000
0000
0001
0000
0000
0000
,
0100
0000
0000
0101
0000
0000
0010
0000
0000
1010
0000
0000
0100
0000
0000
0000
,
1000
0000
0000
1010
0000
0000
0100
0000
0000
0011
0000
0000
1000
0000
0000
0000
,
0001
0000
0000
0100
0010
0000
1000
0000
0000
0100
1000
0000
0001
0000
0000
0000
,
1000
0100
0010
0100
0001
0100
0010
1000
,
0001
0000
0000
0100
0010
0000
0100
0000
0000
0001
1000
0000
0100
0000
0000
0000
,
1000
0010
0100
0001
0100
1001
0000
0000
;

//---------------dance-double - ----------------
#NOTES:
     dance-double:
     :
     Easy:
     4:
     0.353,0.355,0.172,0.381,0.000,156.000,14.000,31.000,0.000,0.000:
00000000
00000000
00000000
00000000
,
00000000
00000000
00000000
00000000
,
00001000
00010000
00001000
01000000
,
00001000
00010000
00000200
00000300
,
00001000
00000010
00001000
00000010
,
00000100
00000001
00002000
00003000
,
00000100
00010000
00001000
00010000
,
00000100
00010000
00002000
00003000
,
02000000
00000000
00000000
03000000
,
00100000
10000000
02000000
00000000
,
13000000
00010000
02000000
00000000
,
03001000
00010000
00000020
00000000
,
00001030
00000001
00000020
00000000
,
00000130
00010000
00001000
00000000
,
00011000
01000000
00010000
00000000
,
01000000
00100000
20000000
00000000
,
30010000
00100000
02000000
00000000
,
23000000
00000000
30020000
00000000
,
02030000
00000000
03002000
00000000
,
00023000
00000000
00030020
00000000
,
00002030
00000000
00003002
00000003
,
00001001
00000000
00000110
00000000
,
00000001
00002000
00000100
00003100
,
00010100
00000000
00011000
00000000
,
00001000
02000000
00010000
03010000
,
20000000
00000000
30100000
01000000
,
00020000
00000000
01030000
00001000
,
00020000
00000000
00030100
00001000
,
00000020
00000100
00002030
00000001
,
00003020
00000000
00000130
00001000
,
00000002
00000000
00000103
00000010
,
00002000
00000000
00003100
00000100
,
00010000
00002000
01000000
01003000
,
00011000
00000000
00101000
00000000
,
00010000
00200000
01000000
01300000
,
11000000
00000000
10010000
00000000
,
01000000
00002000
00010000
00013000
,
00000100
00001000
00000010
00000000
,
00000100
00000010
00001000
00000000
,
00000100
00010000
00001000
00000000
,
01000000
00010000
00100000
00000000
,
10010000
01000000
10000000
00000000
,
00100000
01000000
00010000
00000000
,
00100000
00001000
00010000
00000000
,
00000100
00001000
00000010
00000000
,
00000110
00000100
00000001
00000010
,
00000100
00001000
00000100
00000000
,
00011000
00001000
01000000
00010000
,
00100000
01000000
10000000
00000000
,
10010000
00100000
01000000
00010000
,
10000000
01000000
10000000
00000000
,
01010000
01000000
00001000
00010000
,
01000000
10000000
01000000
00000000
;

//---------------dance-double - ----------------
#NOTES:
     dance-double:
     :
     Medium:
     6:
     0.442,0.419,0.086,0.381,0.000,214.000,7.000,31.000,0.000,0.000:
00000000
00000000
00000000
00000000
,
00000000
00000000
00000000
00000000
,
00000000
00000000
00000000
00000000
,
00000000
00000000
00000000
00000000
,
10000000
00100000
01000000
00100000
,
10000000
00000000
00010000
00000000
01000000
00100000
01000000
00000000
,
00010000
00100000
00001000
00010000
,
00001000
00000000
00100000
00000000
00010000
01000000
00010000
00000000
,
20020000
00000000
00000000
30030000
,
02000000
00010000
00001000
03010000
,
00001000
00010000
00000100
00001000
,
00000020
00000100
00001000
00000130
,
00000001
00001000
00000100
00000010
,
00001100
00000000
00000100
00000000
00010000
00001000
00010000
00000000
,
00000100
00001000
00000010
00010000
,
00011000
00000000
00001000
00000000
01000000
00010000
01000000
00000000
,
00100000
10000000
01000000
10000000
,
02100000
00000000
00100000
03000000
,
01020000
00000000
00100000
00030000
,
00021000
00000000
00000100
00030000
,
00002100
00000000
00000010
00003000
,
00000001
00000000
00000100
00000010
00000000
00000010
00000100
00000000
,
00000020
00000000
00000000
00002030
00000000
00000000
00003200
00000000
,
00010300
00000000
00001000
00010000
00000000
00010000
00001000
00000000
,
00020000
00000000
00000000
00032000
00000000
00000000
02003000
00000000
,
03100000
10000000
00000000
01000000
00000000
10000000
00100000
01000000
,
00000000
00010000
00000000
00100000
00000000
00001000
00010000
00001000
,
00000000
00010000
00000000
00000100
00000000
00001000
00000010
00000100
,
00000000
00000001
00000000
00000010
00000000
00000100
00001000
00000100
,
00001000
00000010
00000000
00000100
00000000
00000001
00001000
00000100
,
00000000
00000010
00000000
00000100
00000000
00010000
00001000
00010000
,
00000000
00001000
00000000
01000000
00000000
00100000
10000000
01000000
,
00000000
10000000
00000000
00100000
00000000
01000000
00010000
01000000
,
00200000
00000000
00000000
20300000
00000000
00000000
32000000
00000000
,
13000000
00000000
00010000
01000000
00000000
01000000
00010000
00000000
,
02000000
00000000
00000000
03002000
00000000
00000000
00023000
00000000
,
00030100
00000000
00001000
00000010
00000000
00000010
00001000
00000000
,
00000100
00000000
00001000
00000000
00000010
00000100
00000010
00000100
,
00000010
00000000
00001000
00000000
00000100
00010000
00002000
00000000
,
01003000
00000000
00100000
00000000
10000000
01000000
10000000
01000000
,
10000000
00000000
00100000
00000000
01000000
00010000
02000000
00000000
,
03001000
00000000
00010000
00000000
00000100
00001000
00000100
00001000
,
00000010
00000000
00000100
00000001
00000100
00000001
00000200
00000000
,
00000310
00000000
00001000
00000000
00000100
00010000
00000100
00000000
,
00010000
00000000
00001000
01000000
00001000
01000000
00002000
00000000
,
00103000
00000000
01000000
00000000
10000000
00000000
00100000
01000000
,
00100000
00000000
01000000
00000000
00010000
01000000
00010000
01000000
,
00010000
00000000
00100000
00000000
00001000
00000000
00010000
00001000
,
00010000
00000000
00000100
00001000
00000100
00001000
00000100
00000000
,
00002000
00000000
00000000
00003010
00000200
00000000
00000000
00000000
,
00000302
00000000
00000000
00000013
00000200
00000000
00000000
00000000
,
00020300
00000000
00000000
00031000
00200000
00000000
00000000
00000000
,
00302000
00000000
00000000
00013000
00000100
00000000
00000000
00000000
;

//---------------dance-double - ----------------
#NOTES:
     dance-double:
     :
     Hard:
     9:
     0.661,0.611,0.123,0.282,0.239,344.000,10.000,23.000,0.000,0.000:
00000000
00000000
00000000
00000000
,
00000000
00000000
00000000
00000000
,
00000000
00000000
00000000
00000000
,
00000000
00000000
00000000
00000000
,
00011000
00000100
00001000
00000010
,
00000100
00000000
00000000
00000000
00000001
00000000
00000000
00001000
00000100
00000000
00000100
00000000
00000100
00000000
00000000
00000000
,
00000010
00000001
00000100
00001000
,
00010000
00000000
00000000
00000000
01000000
00000000
00000000
10000000
00100000
00000000
00100000
00000000
00100000
00000000
00000000
00000000
,
01000000
00000000
00000000
00010000
00000000
00000000
00100000
00000000
00000000
01000000
00000000
00000000
10000000
00000000
00100000
00000000
,
01000000
00000000
00000000
00010000
01000000
00000000
00000000
00100000
10000000
00000000
00000000
01000000
10000000
00000000
00100000
00000000
,
01000000
00000000
00000000
00001000
00010000
00000000
00000000
00000100
00001000
00000000
00000000
00000010
00000100
00000000
00000001
00000000
,
00001000
00000000
00000000
00000100
00000010
00000000
00000000
00000001
00000100
00000000
00000000
00000010
00001000
00000000
00000100
00000000
,
00010000
00000000
00000000
00001000
01000000
00000000
00000000
00010000
00100000
00000000
00000000
01000000
10000000
00000000
00100000
00000000
,
01000000
00000000
00010000
00000000
00100000
00000000
01000000
00000000
10000000
00000000
01000000
00100000
01000000
00000000
10000000
00000000
,
00100000
00000000
01000000
00000000
00001000
00000000
00010000
00000000
00000100
00000000
00000010
00000001
00000010
00000000
00000100
00000000
,
00001000
00000000
00000001
00000000
00000100
00000000
00001000
00000000
00010000
00000000
00001000
00010000
00001000
00000000
01000000
00000000
,
00100000
10000000
01000000
00100000
01000000
10000000
00010000
01000000
,
00200000
00000000
00000000
00300000
11000000
00000000
00000000
00000000
,
00200000
00000000
00000000
00000000
00000000
00000000
00301000
00010000
00001000
00010000
00001000
00000000
00010000
00000000
00000000
00000000
,
00000200
00000000
00000000
00000300
00001010
00000000
00000000
00000000
,
00000200
00000000
00000000
00000000
00000301
00000100
00000001
00000100
00000001
00000000
00000000
00000000
00001000
00000000
00000000
00000000
,
00000100
00010000
00000100
00010000
00000100
00010000
00000100
00000000
00001000
00000000
00000010
00000000
00000100
00000000
00000000
00000000
,
00000002
00000000
00000013
00000200
00000000
00001300
00000020
00000000
,
00000130
00000001
00000100
00000001
00000100
00000001
00000100
00000000
00000010
00000000
00001000
00000000
00000100
00000000
00000000
00000000
,
00020000
00000000
00031000
00200000
00000000
00310000
02000000
00000000
,
03100000
00000000
10000000
00000000
01000000
00000000
10000000
00000000
00010000
00000000
01000000
00100000
10000000
00000000
01000000
00000000
,
00100000
00000000
00010000
00000000
01000000
00000000
00001000
00000000
00010000
00000000
00000100
00001000
00000010
00000000
00000100
00000000
,
00000001
00000000
00001000
00000000
00000010
00000000
00000100
00000000
00000001
00000000
00001000
00000100
00010000
00000000
00001000
00000000
,
01000000
00000000
00010000
00000000
00100000
00000000
01000000
00000000
10000000
00000000
00010000
00100000
01000000
00000000
00000000
00000000
,
10000000
00100000
00010000
00100000
10000000
01000000
00010000
00001000
,
00000100
00000001
00000100
00001000
00000100
00000001
00001000
00000100
,
00000010
00000001
00000010
00001000
00010000
00100000
10000000
00010000
,
01000000
00001000
00100000
00010000
01000000
00001000
00010000
00000000
,
00001000
00000100
00001000
00000100
00001000
00000100
00001000
00000000
00000010
00000000
00000100
00000000
00000001
00000000
00000000
00000000
,
00002000
00000000
00003100
00020000
00000000
00031000
00200000
00000000
,
01300000
10000000
01000000
10000000
01000000
10000000
01000000
00000000
10000000
00000000
00100000
00000000
01000000
00000000
00000000
00000000
,
00020000
00000000
01030000
00002000
00000000
00013000
00000200
00000000
,
00001300
00000010
00000100
00000001
00001000
00000100
00000010
00000001
,
00000010
00000100
00010000
00001000
01000000
00010000
00100000
00110000
,
01000000
00100000
10000000
01000000
00100000
01000000
10000000
00010000
,
01000000
00001000
00010000
00000100
00001000
00000010
00010000
00011000
,
00001000
00100000
01000000
10000000
00010000
01000000
00001000
00010000
,
00000100
00001000
00000010
00000100
00000001
00001000
00000100
00000110
,
00000001
00000100
00000010
00001000
00000100
00000010
00000001
00000010
,
00000100
00010000
00001000
01000000
00100000
01000000
00010000
10010000
,
01000000
00100000
10000000
00010000
01000000
00100000
01000000
00001000
,
00010000
00000100
00001000
00000010
00010000
00001000
00010000
00010100
,
00001000
00000010
00000100
00000001
00001000
00000100
00000010
00000001
,
00001000
00000100
00010000
00001000
01000000
00100000
01000000
01100000
,
00020000
00000000
10030000
02000000
00000000
00000000
00000000
00000000
,
03200000
00000000
00301000
00020000
00000000
00000000
00000000
00000000
,
00030200
00000000
00001300
00000020
00000000
00000000
00000000
00000000
,
00002030
00000000
00003000
00011000
00000000
00000000
00000000
00000000
;
