#TITLE:empathy;
#SUBTITLE:;
#ARTIST:TaQ;
#TITLETRANSLIT:;
#SUBTITLETRANSLIT:;
#ARTISTTRANSLIT:;
#CREDIT:;
#BANNER:empathy.png;
#BACKGROUND:empathy-bg.png;
#LYRICSPATH:;
#CDTITLE:dmashuras2.png;
#MUSIC:empathy.mp3;
#OFFSET:-3.174;
#SAMPLESTART:45.494;
#SAMPLELENGTH:12.000;
#SELECTABLE:NO;
#BPMS:0.000=170.000,88.000=85.000,120.000=170.000,216.000=85.000;
#STOPS:;
#BGCHANGES:;
// cache tags:
#FIRSTBEAT:8.000;
#LASTBEAT:240.000;
#SONGFILENAME:Songs/Encore/empathy/empathy.sm;
#HASMUSIC:1;
#HASBANNER:1;
#MUSICLENGTH:111.758;
// end cache tags

//---------------dance-single - ----------------
#NOTES:
     dance-single:
     :
     Hard:
     8:
     0.519,0.617,0.170,0.134,0.067,372.000,19.000,15.000,0.000,0.000:
0000
0000
0000
0000
,
0000
0000
0000
0000
,
0100
0000
0101
0000
0000
1000
1001
0000
,
0100
0000
1100
0000
0000
0110
0000
0100
,
1000
0000
0000
0011
0000
1000
0000
0010
,
0200
0000
0000
0000
0000
0310
0000
0001
,
1000
0100
0010
0001
0100
0010
1000
0000
,
0100
0010
0001
0100
0010
1000
0100
0000
,
1000
0001
0100
0010
1000
0100
0010
0000
,
0001
0010
0100
1000
0000
0010
0000
1000
,
0001
0100
0010
1000
0010
1000
0100
0000
,
1000
0001
0010
0100
0010
0100
1000
0000
,
0010
0100
0001
1000
0100
0010
0001
0000
,
1000
0100
0010
0001
0000
0100
0000
0001
,
0010
0100
1000
0100
0010
0001
1000
0000
,
0010
0100
0001
0100
0010
1000
0100
0000
,
0010
0001
0100
0001
1000
0010
1000
0000
,
0100
0010
0100
1000
0000
0010
0000
1000
,
0001
0010
0001
0010
0100
1000
0001
0000
,
1000
0010
1000
0010
0100
0001
0010
0000
,
0001
0100
0010
1000
0100
0010
0001
0010
,
0100
1000
0010
0100
0001
1000
0100
0000
,
0220
0300
0002
0030
,
2000
0003
0020
3000
0200
0030
0002
0300
,
0020
0003
0200
0000
0030
0000
2000
0000
,
0300
0000
0002
0000
0000
0000
3003
1000
,
1000
0000
0010
0000
0101
0000
0000
0100
0001
0010
0100
0000
0110
0000
0000
0000
,
0100
0000
0010
0000
0011
0000
0000
0001
0100
0010
1000
0100
0010
0000
0110
0000
,
0001
0000
0100
0000
0110
0000
0000
0010
1000
0100
0010
0000
0110
0000
0000
0000
,
0010
0000
0001
0000
1001
0000
0000
0001
1000
0020
0200
0000
0000
0000
0330
0000
,
1000
0010
0100
0001
0100
0010
1000
0000
,
0001
0010
0100
1000
0100
0010
0001
0000
,
1000
0100
0010
0000
0001
0100
0010
0000
,
1000
0100
0010
0001
0100
0010
1000
0000
,
0010
1000
0100
0010
0001
1000
0100
0000
,
0010
0001
0100
0010
1000
0001
0100
0000
,
0010
1000
0100
0000
0010
0001
0100
0000
,
0010
1000
0100
0010
0001
0100
0010
0000
,
0010
1000
0001
1000
0100
1000
0100
0000
,
0010
0001
1000
0001
1000
0001
0100
0000
,
0010
0100
0001
0000
0010
0100
1000
0000
,
0010
0100
0001
0010
0100
1000
0010
0000
,
0001
0100
1000
0100
0010
0100
0001
0000
,
1000
0100
0001
0100
0010
0100
1000
0000
,
0001
0010
0100
0000
1000
0010
0100
0000
,
0001
0010
0100
1000
0010
0100
0001
0000
,
1000
0010
0100
0001
0010
0100
1000
0000
,
0010
0100
0001
0010
0100
1000
0010
0000
,
1000
0001
0010
0100
1000
0010
0100
0000
,
0001
0100
0010
1000
0000
0100
0000
1000
,
0001
0010
0100
1000
0100
1000
0010
0000
,
1000
0001
0100
0010
0100
0010
1000
0000
,
0100
0010
0001
1000
0010
0100
0001
0000
,
1000
0010
0100
0001
0000
0010
0000
0001
,
0100
0000
0010
0000
1001
0000
0000
0100
0010
0100
0010
0000
1001
0000
0000
0000
,
0001
0000
0100
0000
1010
0000
0000
1000
0100
0010
0001
0000
0110
0000
0000
0000
,
0001
0000
0010
0000
1100
0000
0000
1000
0001
0010
0100
0000
1100
0000
0000
0000
,
1000
1000
0100
0100
0010
0010
0001
0001
,
0100
0100
0010
0010
1000
1000
0001
0001
,
0020
0000
0000
0000
,
0030
0000
0000
0000
;

//---------------dance-double - ----------------
#NOTES:
     dance-double:
     :
     Hard:
     8:
     0.538,0.698,0.295,0.215,0.054,364.000,33.000,24.000,0.000,0.000:
00000000
00000000
00000000
00000000
,
00000000
00000000
00000000
00000000
,
00100000
00000000
00110000
00000000
00000000
10000000
10010000
00000000
,
01000000
00000000
01001000
00000000
00000000
00010000
00000000
00000010
,
00001000
00000000
00000000
00000011
00000000
00001000
00000000
00000010
,
00000200
00000000
00000000
00000000
00000000
00000310
00000000
00000010
,
00001000
00000100
00000010
00000001
00000100
00000010
00001000
00000000
,
00000001
00000100
00000010
00001000
00000100
00010000
00001000
00000000
,
00001000
00010000
00100000
01000000
00010000
00100000
01000000
00000000
,
10000000
00100000
10000000
00010000
00000000
01000000
00000000
00010000
,
10000000
01000000
00100000
00010000
00100000
01000000
10000000
00000000
,
00010000
00100000
00001000
00010000
00000010
00001000
00000001
00000000
,
00001000
00000100
00010000
00001000
00100000
00001000
00010000
00000000
,
00100000
10000000
01000000
00010000
00000000
00001000
00000000
00010000
,
00001000
00000010
00000001
00000100
00000010
00001000
00000001
00000000
,
00000100
00001000
00010000
01000000
10000000
00010000
10000000
00000000
,
00100000
01000000
00010000
00100000
00001000
00010000
00000100
00000000
,
00000100
00000010
00000001
00000100
00000000
00000001
00000000
00000100
,
00001000
00010000
00100000
10000000
01000000
00010000
00001000
00000000
,
00010000
00001000
00000010
00000001
00000100
00001000
00010000
00000000
,
00100000
10000000
01000000
10000000
00100000
01000000
00010000
00100000
,
00001000
00010000
00000100
00001000
00000010
00000100
00000001
00000000
,
00002020
00000030
00000002
00003000
,
00000200
00000003
00000020
00000300
00020000
00000030
00002000
00030000
,
02000000
00003000
00200000
00000000
03000000
00000000
20000000
00000000
,
00300000
00000000
00020000
00000000
00000000
00000000
30030000
00110000
,
10010000
00000000
01000000
00000000
10100000
00000000
10000000
01000000
00100000
00000000
00010000
00000000
01010000
00000000
00000000
00000000
,
00110000
00000000
01000000
00000000
01001000
00000000
00001000
00010000
00000100
00001000
00000100
00000000
00000010
00000000
00001001
00000000
,
00000101
00000000
00000010
00000000
00001010
00000000
00000001
00000100
00000010
00000000
00001000
00000000
00001001
00000000
00000000
00000000
,
00001010
00000000
00010000
00000000
00011000
00000000
00001000
00100000
00010000
02000000
00200000
00000000
00000000
00000000
03300000
00000000
,
00100000
10000000
00010000
01000000
00001000
00010000
00000100
00000000
,
00000010
00000001
00001000
00000100
00010000
00001000
01000000
00000000
,
00012000
01003000
00021000
00030100
,
00012000
01003000
00021000
00030100
,
00010000
00100000
10000000
00100000
00010000
00001000
00010000
00000000
,
00001000
00000010
00000001
00000010
00001000
00010000
00001000
00000000
,
00012000
01003000
00020000
00030100
,
00012000
01003000
00021000
00030100
,
00000100
00000010
00000001
00000100
00001000
00010000
00100000
00000000
,
01000000
00100000
10000000
01000000
00010000
00001000
00000010
00000000
,
00000001
00000100
00000001
00000000
00001000
00000100
00001000
00000000
,
00000010
00001000
00000010
00000000
00010000
00001000
00010000
00000000
,
00001000
00010000
00100000
10000000
01000000
10000000
00100000
00000000
,
00010000
00001000
00000010
00000001
00000100
00000001
00000010
00000000
,
00000100
00000010
00000100
00000000
00010000
00001000
00010000
00000000
,
00001000
00100000
00001000
00000000
01000000
00010000
01000000
00000000
,
00100000
10000000
01000000
00100000
01000000
10000000
00010000
00000000
,
01000000
00100000
10000000
00010000
00100000
00001000
00010000
00000000
,
00001000
00000010
00000001
00000100
00000010
00001000
00000001
00000000
,
00000100
00001000
00010000
00001000
00000000
00010000
00000000
00001000
,
00010000
00100000
01000000
00100000
10000000
01000000
00100000
00000000
,
00010000
00100000
01000000
00010000
00001000
00010000
00001000
00000000
,
00000010
00000001
00000100
00000010
00000100
00000001
00001000
00000000
,
00000010
00000100
00000001
00001000
00000000
00000100
00000000
00001000
,
00000010
00000000
00000100
00000000
00000101
00000000
00000001
00000100
00000010
00001000
00000100
00000000
00010100
00000000
00000000
00000000
,
00011000
00000000
00001000
00000000
00101000
00000000
00100000
00010000
01000000
00100000
10000000
00000000
10100000
00000000
00000000
00000000
,
11000000
00000000
01000000
00000000
01100000
00000000
00100000
00001000
00010000
00001000
00010000
00000000
00010100
00000000
00000000
00000000
,
00010000
00100000
10000000
01000000
00010000
00001000
00000010
00000001
,
00000100
00001000
00010000
00100000
10000000
01000000
00010000
00001000
,
00022000
00000000
00000000
00000000
,
00033000
00000000
00000000
00000000
;

//---------------dance-single - ----------------
#NOTES:
     dance-single:
     :
     Medium:
     6:
     0.427,0.483,0.206,0.421,0.000,264.000,23.000,47.000,0.000,0.000:
0000
0000
0000
0000
,
0000
0000
0000
0000
,
0100
0000
0001
0000
0000
1000
0001
0000
,
1000
0000
0100
0000
0000
0010
0000
0100
,
1000
0000
0000
0001
0000
1000
0000
0010
,
0200
0000
0000
0000
0000
0310
0000
0010
,
1000
0100
0010
0000
0001
0100
0010
0000
,
1000
0010
0100
0000
0001
0010
0100
0000
,
1000
0001
0010
0000
0100
1000
0001
0000
,
1000
0100
0010
0001
0000
1000
0000
1000
,
0001
0010
0100
0000
1000
0010
0100
0000
,
0001
0100
0010
0000
1000
0100
0010
0000
,
0001
1000
0100
0000
0010
0001
1000
0000
,
0001
0100
0010
1000
0000
0001
0000
1000
,
0001
0010
0100
1000
0000
0001
1000
0000
,
1000
0010
0100
0001
0000
1000
0001
0000
,
0001
0100
0010
1000
0000
1000
0001
0000
,
1000
0100
0010
0001
0000
1000
0000
0001
,
1000
0000
0010
0100
0010
0100
0001
0000
,
0001
0000
0010
0100
0010
0100
1000
0000
,
1000
0010
0100
0001
,
0010
0100
0010
0100
0010
0100
0010
0000
,
0220
0300
0002
0030
,
2000
0003
0020
3000
0200
0030
0002
0300
,
0020
0003
0200
0000
0030
0000
2000
0000
,
0300
0000
0002
0000
0000
0000
3003
1000
,
1000
0001
0101
0000
0001
1000
1100
0000
,
0001
1000
0010
0100
0001
0010
0100
1000
,
0001
0100
0110
0000
1000
0100
0110
0000
,
0001
0100
0010
1000
0200
0020
0000
0330
,
0001
0100
0010
1000
,
0001
0010
0001
0000
1000
0010
1000
0000
,
0002
0000
0200
0003
,
0020
0300
2000
3030
,
0001
0010
0100
1000
,
0001
0100
0001
0000
1000
0100
1000
0000
,
0002
0000
0200
0003
,
0020
0300
2000
3030
,
1000
0010
0100
0001
,
0010
0100
0010
0100
0010
0100
0010
0000
,
0002
0000
0020
0003
,
0200
0030
2000
3300
,
1000
0100
0010
0001
,
0100
0010
0100
0010
0100
0010
0100
0000
,
0002
0000
0020
0003
,
0200
0030
2000
3300
,
0011
0100
1000
0010
,
1010
0100
0001
0010
,
0022
0033
0202
0303
,
2020
3030
2200
3300
,
1001
1000
0100
0010
,
1001
0001
0100
0010
,
2002
3003
0022
0033
,
0220
0330
2200
3300
,
1000
0010
0110
0000
0001
0010
0110
0000
,
1000
0001
0101
0000
0001
1000
1010
0000
,
0100
0010
1001
0000
0010
0100
1001
0000
,
1000
1000
0100
0100
0010
0010
0001
0001
,
0100
0100
0010
0010
1000
1000
0001
0001
,
0020
0000
0000
0000
,
0030
0000
0000
0000
;

//---------------dance-single - ----------------
#NOTES:
     dance-single:
     :
     Beginner:
     1:
     0.153,0.185,0.036,0.000,0.000,116.000,4.000,0.000,0.000,0.000:
0000
0000
0000
0000
,
0000
0000
0000
0000
,
1000
0000
0000
0000
,
1000
0000
0000
0000
,
0001
0000
0000
0000
,
0001
0000
0000
0000
,
1000
1000
0000
0000
,
0100
0100
0000
0000
,
0001
0001
0000
0000
,
0100
0100
0000
0000
,
0001
0001
0000
0000
,
0010
0010
0000
0000
,
1000
1000
0000
0000
,
0010
0010
0000
0000
,
0001
0001
0001
0000
,
1000
1000
1000
0000
,
0010
0010
0010
0000
,
0100
0100
0100
0000
,
0001
0001
0001
0000
,
1000
1000
1000
0000
,
0100
0100
0100
0000
,
0010
0010
0010
0000
,
0100
0000
0010
0000
,
0001
0000
0000
0000
,
0100
0000
0010
0000
,
1000
0000
0000
0000
,
0010
0000
0100
0000
,
1001
0000
0000
0000
,
0010
0000
0100
0000
,
1001
0000
0000
0000
,
1000
1000
0000
0000
,
0001
0001
0000
0000
,
0010
0000
0010
0000
,
0010
0000
0010
0000
,
0001
0001
0000
0000
,
1000
1000
0000
0000
,
0010
0000
0010
0000
,
0010
0000
0010
0000
,
1000
1000
1000
0000
,
0001
0001
0001
0000
,
0100
0000
0100
0000
,
0100
0000
0100
0000
,
0001
0001
0001
0000
,
1000
1000
1000
0000
,
0100
0000
0100
0000
,
0100
0000
0100
0000
,
0010
0000
0010
0000
,
0001
0000
0001
0000
,
1000
0000
1000
0000
,
0100
0000
0100
0000
,
1000
0000
1000
0000
,
0001
0000
0001
0000
,
0100
0000
0100
0000
,
0010
0000
0010
0000
,
1000
0000
1000
0000
,
0001
0000
0001
0000
,
0100
0000
0100
0000
,
1001
0000
0000
0000
,
0000
0000
0000
0000
,
0110
0000
0000
0000
;

//---------------dance-single - ----------------
#NOTES:
     dance-single:
     :
     Easy:
     5:
     0.331,0.456,0.134,0.277,0.000,213.000,15.000,31.000,0.000,0.000:
0000
0000
0000
0000
,
0000
0000
0000
0000
,
0100
0001
0000
1000
,
0010
0000
0100
0000
0000
0100
0000
0000
,
0001
0000
0000
0010
0000
0000
0000
0010
,
0002
0000
0000
0000
0000
1003
0000
0000
,
1000
0100
1000
0100
,
0010
0001
0010
0001
,
0001
0100
0001
0100
,
0010
1000
0010
0100
,
0001
0010
0100
1000
,
0001
0010
0100
1000
,
0001
0100
0010
1000
,
0010
0100
0001
1000
,
0010
0100
0010
0100
,
0010
1000
0010
1000
,
0001
0010
0001
0010
,
0100
0010
0100
0010
,
0100
1000
0010
0100
,
0001
0010
0100
1000
,
0001
0100
0010
1000
,
0100
0010
0001
1000
,
0220
0300
0032
0000
,
2003
3020
0230
0302
,
0023
0230
0000
2300
,
0000
0002
0000
3003
,
1000
1100
0001
0101
,
0010
0011
0100
0110
,
0001
0101
1000
1010
,
0001
0000
0011
0000
0220
0000
0000
0330
,
1000
0100
0010
0001
,
0010
0100
1000
0000
,
0002
0000
0203
0000
,
0320
0000
2030
0000
,
3001
0100
0010
1000
,
0010
0100
0001
0000
,
2000
0000
3200
0000
,
0320
0000
0032
0000
,
1003
0100
0010
0001
,
1000
1000
0001
0001
,
0002
0000
0023
0000
,
0230
0000
2300
0000
,
3001
0100
0010
1000
,
0001
0001
1000
1000
,
2000
0000
3020
0000
,
0230
0000
0302
0000
,
0103
0010
0100
0100
,
0001
1000
0001
0001
,
1000
0001
0010
0010
,
0100
0100
1000
1000
,
0010
0100
0001
0001
,
1000
0100
0010
0010
,
0001
1000
0001
0001
,
0100
0100
0010
0010
,
1000
1000
1100
0000
0001
0001
0101
0000
,
1000
1000
1010
0000
0001
0001
0011
0000
,
0010
0010
1001
0000
0100
0100
1001
0000
,
1000
1000
0100
0100
0010
0010
0001
0001
,
0100
0100
0010
0010
1000
1000
0001
0001
,
0020
0000
0000
0000
,
0030
0000
0000
0000
;

//---------------dance-double - ----------------
#NOTES:
     dance-double:
     :
     Medium:
     6:
     0.413,0.456,0.134,0.349,0.000,269.000,15.000,39.000,0.000,0.000:
00000000
00000000
00000000
00000000
,
00000000
00000000
00000000
00000000
,
00100000
00000000
00010000
00000000
00000000
10000000
00010000
00000000
,
01000000
00000000
00001000
00000000
00000000
00010000
00000000
00000010
,
00001000
00000000
00000000
00000001
00000000
00001000
00000000
00000010
,
00000200
00000000
00000000
00000000
00000000
00000310
00000000
00000010
,
00001000
00000100
00001000
00000000
00000001
00000100
00000001
00000000
,
00001000
00000010
00001000
00000000
00000001
00000010
00000001
00000000
,
00000010
00000100
00000010
00000000
00000100
00001000
00000100
00000000
,
00010000
00001000
00010000
00001000
00000000
00010000
00000000
00001000
,
01000000
00010000
01000000
00000000
00100000
10000000
00100000
00000000
,
10000000
01000000
10000000
00000000
01000000
00100000
01000000
00000000
,
00100000
00010000
00100000
00000000
00001000
00010000
00001000
00000000
,
00010000
00001000
00010000
00001000
00000000
00010000
00000000
00001000
,
00010000
00000100
00010000
00000100
00000000
00001000
00000100
00000000
,
00000010
00000001
00000010
00000001
00000000
00000100
00000001
00000000
,
00000100
00000010
00000100
00000010
00000000
00010000
00000010
00000000
,
00010000
00001000
00010000
00001000
00000000
00010000
00000000
00001000
,
01000000
00000000
00010000
01000000
00010000
01000000
00100000
00000000
,
10000000
00000000
01000000
00100000
01000000
00100000
00010000
00000000
,
10000000
01000000
00010000
00001000
,
00000100
00000001
00000100
00000001
00000100
00000001
00000100
00000000
,
00002020
00000030
00000002
00003000
,
00000200
00000003
00000020
00000300
00020000
00000030
00002000
00030000
,
02000000
00003000
00200000
00000000
03000000
00000000
20000000
00000000
,
00300000
00000000
00020000
00000000
00000000
00000000
30030000
10000000
,
10000000
00010000
01010000
00000000
00010000
00100000
00101000
00000000
,
00001000
00010000
00000100
00001000
00000010
00000100
00000001
00000000
,
00000001
00000100
00000110
00000000
00000010
00001000
00001100
00000000
,
00000100
00010000
00001000
00100000
00020000
02000000
00000000
03030000
,
00100000
00000000
10000000
00000000
01000000
00100000
01000000
00000000
,
00100000
00000000
00010000
00000000
01000000
00010000
01000000
00000000
,
00020000
00000000
00200000
00030000
,
02000000
00300000
20000000
33000000
,
00100000
00000000
01000000
00000000
00001000
00010000
00001000
00000000
,
00010000
00000000
00000100
00000000
00000010
00000100
00000010
00000000
,
00000002
00000000
00000020
00000003
,
00000200
00000030
00002000
00003300
,
00000001
00000000
00000100
00000000
00000010
00001000
00000010
00000000
,
00001000
00000000
00000100
00000000
00000010
00000001
00000010
00000000
,
00000002
00000000
00000200
00000003
,
00002000
00000300
00020000
00033000
,
01000000
00000000
10000000
00000000
00010000
01000000
00010000
00000000
,
00100000
00000000
00001000
00000000
00010000
00000100
00010000
00000000
,
00002000
00000000
00020000
00003000
,
00200000
00030000
20000000
30300000
,
10010000
10000000
01000000
00010000
,
00011000
00001000
00000100
00000001
,
00000002
00000010
00000023
00000100
,
00000230
00001000
00002300
00003001
,
00001001
00000001
00000010
00001000
,
00011000
00010000
00100000
10000000
,
20000000
00100000
30200000
01000000
,
02300000
00010000
03020000
00130000
,
00100000
01000000
11000000
00000000
00100000
01000000
01010000
00000000
,
10000000
01000000
01100000
00000000
00100000
00001000
00011000
00000000
,
00001000
00010000
00010010
00000000
00000010
00001000
00001001
00000000
,
00000001
00000001
00000100
00000100
00001000
00001000
00010000
00010000
,
00100000
00100000
10000000
10000000
01000000
01000000
00100000
00100000
,
00020000
00000000
00000000
00000000
,
00030000
00000000
00000000
00000000
;

//---------------dance-double - ----------------
#NOTES:
     dance-double:
     :
     Easy:
     5:
     0.334,0.456,0.134,0.349,0.000,207.000,15.000,39.000,0.000,0.000:
00000000
00000000
00000000
00000000
,
00000000
00000000
00000000
00000000
,
01000000
00010000
00000000
10000000
,
00010000
00000000
00100000
00000000
00000000
00001000
00000000
00000000
,
00010000
00000000
00000000
00000010
00000000
00000000
00000000
00000010
,
00002000
00000000
00000000
00000000
00000000
00003001
00000000
00000000
,
00001000
00001000
00000001
00000001
,
00000100
00000100
00000010
00000010
,
00001000
00001000
00000100
00000100
,
00010000
00010000
00001000
00001000
,
01000000
01000000
00010000
00010000
,
10000000
10000000
01000000
01000000
,
00100000
00100000
00010000
00010000
,
01000000
01000000
00100000
00100000
,
10000000
01000000
00100000
01000000
,
10000000
00010000
01000000
00010000
,
10000000
01000000
00010000
00001000
,
00010000
00001000
00000010
00000001
,
00001000
00000001
00000100
00000010
,
00000100
00000001
00001000
00000100
,
00001000
00000001
00000100
00001000
,
00010000
01000000
10000000
00010000
,
22000000
03000000
30200000
00000000
,
02300000
03002000
00023000
00030200
,
00000320
00000032
00000000
00000203
,
00000000
00000020
00000000
00000330
,
00000001
00000101
00000100
00000110
,
00000010
00001010
00001000
00001100
,
00000100
00010100
00010000
00011000
,
00001000
01001000
02020000
03030000
,
00100000
10000000
01000000
01000000
,
00100000
00010000
01000000
01000000
,
00020000
00000000
00230000
00000000
,
02300000
00000000
23000000
00000000
,
30100000
01000000
00001000
00001000
,
00010000
00000100
00000010
00000010
,
00000002
00000000
00000023
00000000
,
00000230
00000000
00002300
00000000
,
00003001
00000100
00000010
00001000
,
00000001
00000100
00000010
00001000
,
00000002
00000000
00000203
00000000
,
00002300
00000000
00023000
00000000
,
00031000
01000000
00010000
00100000
,
00001000
01000000
00010000
00100000
,
00002000
00000000
00023000
00000000
,
00230000
00000000
20300000
00000000
,
30100000
10000000
01000000
00100000
,
00010000
10000000
00100000
01000000
,
00020000
00000000
00230000
00000000
,
02300000
00000000
03020000
00000000
,
00031000
00000100
00000001
00000100
,
00001000
00000100
00000001
00000010
,
00000002
00000000
00000203
00000000
,
00002300
00000000
00023000
00000000
,
00130000
00100000
10100000
00000000
10000000
10000000
11000000
00000000
,
01000000
01000000
01010000
00000000
00010000
00010000
00011000
00000000
,
00001000
00001000
00001010
00000000
00000010
00000010
00000011
00000000
,
00000001
00000001
00000100
00000100
00001000
00001000
00010000
00010000
,
00100000
00100000
10000000
10000000
01000000
01000000
00100000
00100000
,
00020000
00000000
00000000
00000000
,
00030000
00000000
00000000
00000000
;
