#TITLE:Tear It Up;
#SUBTITLE:;
#ARTIST:Klute;
#TITLETRANSLIT:;
#SUBTITLETRANSLIT:;
#ARTISTTRANSLIT:;
#CREDIT:;
#BANNER:Tear It Up-bn.png;
#BACKGROUND:Tear It Up-bg.png;
#LYRICSPATH:;
#CDTITLE:razmas2.png;
#MUSIC:Tear It Up.mp3;
#OFFSET:-0.059;
#SAMPLESTART:56.614;
#SAMPLELENGTH:12.000;
#SELECTABLE:YES;
#BPMS:0.000=136.010;
#STOPS:;
#BGCHANGES:;
// cache tags:
#FIRSTBEAT:8.000;
#LASTBEAT:195.000;
#SONGFILENAME:Songs/DDI/Tear It Up/Tear It Up.sm;
#HASMUSIC:1;
#HASBANNER:1;
#MUSICLENGTH:91.615;
// end cache tags

//---------------dance-single - ----------------
#NOTES:
     dance-single:
     :
     Beginner:
     1:
     0.134,0.262,0.175,0.000,0.000,70.000,16.000,0.000,0.000,0.000:
0000
0000
0000
0000
,
0000
0000
0000
0000
,
1000
0000
0000
0000
,
1000
0000
0000
0000
,
1000
0000
0000
0000
,
1000
0000
0000
0000
,
0001
0001
0000
0000
,
0001
0000
0000
0000
,
0001
0000
0000
0000
,
0001
0000
0000
0000
,
0100
0000
0100
0000
,
0100
0000
0000
0000
,
0100
0000
0000
0000
,
0010
0000
0000
0000
,
0010
0000
0010
0000
,
0010
0000
0000
0000
,
0010
0000
0000
0000
,
1001
0000
0000
0000
,
0100
0000
0000
0000
,
1001
0000
0000
0000
,
1000
0000
0000
0000
,
0110
0000
0000
0000
,
0001
0000
0000
0000
,
0110
0000
0000
0000
,
1000
1000
0000
0000
,
0001
0001
0000
0000
,
1000
1000
0000
0000
,
0001
0001
0000
0000
,
0100
0100
0000
0000
,
0010
0010
0000
0000
,
0100
0100
0000
0000
,
0010
0010
0000
0000
,
1001
0000
0000
0000
,
0110
0000
0000
0000
,
1001
0000
0000
0000
,
0110
0000
0000
0000
,
1001
1001
0000
0000
,
0110
0110
0000
0000
,
1001
1001
0000
0000
,
0110
0110
0000
0000
,
0000
1000
0000
1000
,
0000
0001
0000
0001
,
0000
1000
0000
1000
,
0000
0001
0000
0001
,
0000
0100
0000
0010
,
0000
0100
0000
0010
,
0000
0100
0000
0010
,
0000
0100
0000
0010
,
0010
0000
0000
0000
;

//---------------dance-single - ----------------
#NOTES:
     dance-single:
     :
     Easy:
     3:
     0.251,0.319,0.196,0.175,0.000,127.000,18.000,16.000,0.000,0.000:
0000
0000
0000
0000
,
0000
0000
0000
0000
,
1000
1000
0100
0100
,
1000
1000
0100
0100
,
0010
0020
0000
0030
,
0100
0200
0000
0300
,
1000
2000
0000
3000
,
0001
0001
0001
0001
,
2001
0100
3010
0000
,
1002
0100
0013
0000
,
0210
0001
0301
0000
,
0120
1000
1030
0000
,
1000
0100
0010
0000
,
0001
0100
0010
0000
,
0010
0100
1000
0000
,
0010
0100
0001
0000
,
1000
0010
0100
0000
,
0000
0001
1000
0000
,
0000
0100
1000
0001
,
0000
0010
0100
0000
,
0000
0001
0100
1000
,
0000
0100
0001
0000
,
0000
1000
0010
0001
,
0000
0010
1000
0000
,
1001
0000
0200
0300
,
1001
0000
0020
0030
,
0110
0000
0002
0003
,
0110
0000
1000
0100
,
1001
0100
0001
0100
,
1001
0100
1000
0100
,
1001
0000
0110
0000
,
1001
0100
0001
0100
,
0010
0100
0000
0000
,
0010
0100
0000
0000
,
0001
1000
0001
0000
,
0010
0100
0000
0000
,
1000
0100
0000
0000
,
0001
0100
0000
0000
,
0010
0100
0000
0000
,
1000
0100
0000
0000
,
0002
1000
0000
1003
,
0200
0010
0000
0310
,
2000
0001
0000
3001
,
0020
0100
0000
0130
,
1001
0000
0010
0100
,
1001
0000
0100
0010
,
1001
0000
0010
0100
,
1001
0000
1000
0001
,
0220
0000
0000
0330
;

//---------------dance-single - ----------------
#NOTES:
     dance-single:
     :
     Hard:
     7:
     0.437,0.479,0.098,0.262,0.196,247.000,9.000,24.000,0.000,0.000:
0000
0000
0000
0000
,
0000
0000
0000
0000
,
1000
0001
1000
0001
0000
0000
0000
0000
,
0001
1000
0001
1000
0000
0000
0000
0000
,
0100
0000
0000
0000
0000
0010
0000
0000
0000
0000
0000
0001
0000
1000
0000
0000
,
0000
0000
0000
0001
0000
1000
0000
0000
0000
0000
0000
0001
0000
1000
0000
0000
,
0100
0000
0010
0001
0000
1000
0000
0000
0000
0000
0000
1000
0000
0001
0000
0000
,
0000
0000
0000
1000
0000
0001
0000
0000
0000
0000
0000
1000
0000
0001
0000
0100
,
0010
0000
0000
0000
1000
0000
0100
2000
0000
0000
0000
0000
0000
0000
3000
0000
,
0000
0000
0000
0000
0010
0000
0100
0002
0000
0000
0000
0000
0000
0000
0003
0000
,
0000
0000
0000
0000
1000
0000
0001
0200
0000
0000
0000
0000
0000
0000
0300
0000
,
0000
0000
0000
0000
0001
0000
1000
0200
0000
0000
0000
0000
0000
0000
0300
0000
,
0000
0000
0000
0000
0010
0000
0001
2000
0000
0000
0000
0000
0000
0000
3000
0000
,
0000
0000
0000
0000
0010
0000
1000
0002
0000
0000
0000
0000
0000
0000
0003
0000
,
0000
0000
0000
0000
0100
0000
0010
0200
0000
0000
0000
0000
0000
0000
0300
0000
,
0000
0000
0000
0000
0010
0000
0100
0020
0000
0000
0000
0000
0000
0000
0030
0000
,
1000
0000
0100
0000
0010
0000
0001
1000
0000
0000
0100
0000
0000
0000
0010
0000
,
0000
0000
0000
0001
0010
0000
0100
1000
0000
0000
0000
0000
0000
0000
0000
0000
,
0010
0000
0100
0000
0001
0000
1000
0100
0000
0000
0010
0000
0000
0000
0001
0000
,
0000
0000
0000
1000
0010
0000
0100
0001
0000
0000
0000
0000
0000
0000
0000
0000
,
0001
0000
0100
0000
0010
0000
1000
0001
0000
0000
0100
0000
0000
0000
0001
0000
,
0000
0000
0000
0100
0010
0000
1000
0100
0000
0000
0000
0000
0000
0000
0000
0000
,
1000
0000
0001
0000
1000
0000
0100
0010
0000
0000
0100
0000
0000
0000
1000
0000
,
0000
0000
0000
0001
0100
0000
0010
0100
0000
0000
0000
0000
0000
0000
0000
0000
,
1000
0100
0010
0200
1000
1000
1300
0000
,
0001
1000
0001
0200
0010
0010
0310
0000
,
1000
0010
0100
0002
0100
0100
0103
0000
,
0001
0100
0010
1000
0100
0010
0001
1000
,
0010
0100
0001
2000
0100
0100
3100
0000
,
0010
0001
0100
0020
0100
0100
0130
0000
,
0001
1000
0100
0010
0001
0100
0010
1000
,
1001
0101
1100
0101
,
0010
1000
0100
1000
0020
0000
0000
0030
,
0100
0001
0100
0010
2000
0000
0000
3000
,
0100
0010
0001
1000
0020
0000
1000
0030
,
0100
0010
1000
0001
0200
0000
0000
0300
,
0010
1000
0001
1000
0020
0000
0130
0000
,
0100
0001
1000
0001
0200
0000
0300
0000
,
0010
1000
0100
1000
0010
0100
0001
0000
,
0010
0001
0100
0010
1000
0100
1000
0000
,
1000
0001
2001
0000
0100
0000
3100
0000
,
0010
0100
0120
0000
1000
0000
1030
0000
,
0001
0100
0010
0100
0001
1000
0100
0000
,
1100
0102
1000
1003
,
1000
0100
0010
0000
0010
0100
1000
0000
,
0001
0100
0010
0000
0010
0100
0001
0000
,
1000
0100
0010
0100
1000
0001
0100
0010
,
0100
0001
1000
0100
0001
0100
1000
0001
,
2002
0000
0000
3003
;

//---------------dance-single - ----------------
#NOTES:
     dance-single:
     :
     Medium:
     5:
     0.395,0.372,0.120,0.196,0.000,224.000,11.000,18.000,0.000,0.000:
0000
0000
0000
0000
,
0000
0000
0000
0000
,
1001
1100
0011
1001
,
1000
0100
0010
0001
,
1000
0100
1000
0000
0010
0000
0010
0000
,
0100
0001
0100
0000
0010
0000
0010
0000
,
1000
0001
1000
0000
0100
0000
0100
0000
,
0010
0001
0010
0000
0100
0000
0100
0000
,
1000
0002
0100
0000
0000
0000
1003
0000
,
0010
2000
0100
0000
0000
0000
3001
0000
,
0100
0020
1000
0000
0000
0000
1030
0000
,
0100
0020
0001
0000
0000
0000
0030
0000
,
0001
0100
0001
0100
0001
0000
1000
0000
,
0100
1000
0100
1000
0200
0000
0300
0000
,
0010
0001
0010
0001
0010
0000
0100
0000
,
1000
0001
1000
0002
2000
0000
3003
0000
,
0100
1000
0001
0000
0000
1000
0000
0000
,
0010
0100
0001
0000
0000
0100
0000
0000
,
0001
1000
0100
0000
0000
0010
0000
0000
,
0100
0010
0001
0000
1001
0000
1001
0000
,
0010
1000
0100
1000
0200
0000
0300
0000
,
0010
0001
0100
0001
0200
0000
0300
0000
,
0010
1000
0010
0000
0100
0001
0100
0000
,
0001
1000
0001
0000
1000
0001
1000
0000
,
0001
0100
0002
0000
0000
1000
1003
0000
,
0010
1000
0020
0000
0000
0100
0130
0000
,
0001
1000
0200
0000
0000
0010
0310
0000
,
0001
1000
0001
0000
0110
0000
0110
0000
,
1000
0100
1000
0000
0001
0000
0010
0000
,
0100
0010
0100
0000
0010
0000
0001
0000
,
0100
0001
0100
0000
0010
0000
1000
0000
,
0100
0010
0001
1000
,
0001
1000
0001
1000
0002
0000
0003
0000
,
0100
0010
0100
0010
0200
0000
0300
0000
,
0010
1000
0010
1000
0020
0000
0030
0000
,
0100
0001
0100
0001
0200
0000
0300
0000
,
0010
0000
1001
0000
0000
0100
1000
0000
,
0001
0000
0110
0000
0000
0010
1000
0000
,
1000
0000
0001
0100
0010
0000
1000
0000
,
0100
0000
1000
0001
1000
0000
0000
0000
,
0010
0000
0100
0001
0100
0000
0010
0000
,
1000
0000
0100
0010
0100
0000
0010
0000
,
0001
0000
1000
0100
1000
0000
0001
0000
,
0100
0000
0010
1000
0010
0000
0000
0000
,
0100
0001
0100
0000
0001
0100
0001
0000
,
1000
0001
1000
0000
0001
1000
0001
0000
,
1000
0100
1000
0000
0100
0010
0100
0000
,
0010
0001
0010
0000
0001
1000
0001
0000
,
0220
0000
0000
0330
;

//---------------dance-double - ----------------
#NOTES:
     dance-double:
     :
     Easy:
     4:
     0.271,0.346,0.022,0.229,0.000,151.000,2.000,21.000,0.000,0.000:
00000000
00000000
00000000
00000000
,
00000000
00000000
00000000
00000000
,
00010000
00000010
00010000
01000000
,
00010000
00000100
00010000
00100000
,
10000000
01000000
00100000
00010000
,
00100000
01000000
00100000
00001000
,
00010000
00000100
00000010
00000001
,
00001000
00000010
00000100
00000001
,
00002000
00000001
00003001
00000000
,
00000200
00010000
00010300
00000000
,
00002000
01000000
01003000
00000000
,
00020000
00100000
00130000
00000000
,
10010000
01000000
00100000
00000000
,
10010000
00100000
01000000
00000000
,
00010000
00001000
00010000
00000000
,
00001000
00010000
00001000
00000000
,
00000200
00000010
00000001
00000310
,
00000000
00001000
00000100
00000000
,
00020000
00001000
00000100
00031000
,
00000000
01000000
00010000
00000000
,
00200000
01000000
10000000
01300000
,
00000000
00100000
01000000
00000000
,
00020000
00000100
00001000
00030010
,
00000000
00000100
00000001
00000000
,
00000020
00000000
00000200
00000030
00020000
00000300
00000000
00000000
,
00032000
00000000
02000000
00003000
00200000
03000000
00000000
00000000
,
10300000
01000000
00100000
00010000
,
10000000
00010000
10000000
00000000
,
00020000
00000000
02000000
00030000
00200000
03000000
00000000
00000000
,
20300000
00000000
02000000
30000000
00200000
03000000
00000000
00000000
,
00301000
00010000
00000100
00001000
,
00000001
00000100
00000010
00000000
,
00001000
00000000
00000000
00000001
00000000
00000000
00000000
00000000
,
00000100
00000000
00000000
00000010
00000000
00000000
00000000
00000000
,
00010000
00000000
00000000
00001000
00000000
00000000
00000000
00000000
,
01000000
00000000
00000000
10000000
00000000
00000000
00000000
00000000
,
00010000
01000000
00100000
10000000
,
01000000
00000000
00000000
00010000
00000000
00000000
00000000
00000000
,
00001000
00000100
00000001
00000010
,
00000100
00000000
00000000
00001000
00000000
00000000
00000000
00000000
,
00000001
00000100
00000010
00001000
,
00000100
00001000
00000001
00000100
,
00000010
00010000
00001000
00010000
,
00001000
01000000
00100000
10000000
,
01000000
10000000
00010000
01000000
,
00100000
10000000
01000000
00100000
,
00010000
01000000
00001000
00010000
,
00000100
00000010
00000001
00001000
,
00000002
00000000
00000000
00000003
;

//---------------dance-double - ----------------
#NOTES:
     dance-double:
     :
     Medium:
     6:
     0.377,0.399,0.055,0.207,0.000,218.000,5.000,19.000,0.000,0.000:
00000000
00000000
00000000
00000000
,
00000000
00000000
00000000
00000000
,
00100000
00010000
00100000
10000000
,
00100000
00010000
01000000
00100000
,
20000000
00000000
00000000
31000000
00000000
00000000
00010000
01000000
,
00002000
00000000
00000000
00013000
00000000
00000000
00000100
00000010
,
00000002
00000000
00000000
00001003
00000000
00000000
00000001
00000100
,
00000020
00000000
00000000
00010030
00000000
00000000
00000000
00000000
,
00012000
00010000
00013000
00000000
,
00021000
00001000
00031000
00000000
,
02010000
00010000
03010000
00000000
,
10020000
10000000
10030000
00000000
,
10000000
01000000
00010000
02000000
,
10000000
00100000
03100000
00000000
,
00010000
01000000
00001000
00020000
,
00001000
00000010
00030010
00000000
,
00001000
00000010
00001000
00000000
00000001
00000000
00000001
00000000
,
00000100
00000010
00000100
00000010
00000100
00000000
00000000
00000000
,
00000001
00001000
00000001
00000000
00000100
00000000
00000010
00000000
,
00010000
00001000
00010000
00001000
00010000
00000000
00000000
00000000
,
00001000
01000000
00001000
00000000
00100000
00000000
00010000
00000000
,
10000000
01000000
10000000
01000000
10000000
00000000
00000000
00000000
,
00100000
00010000
00100000
00000000
00010000
00000000
01000000
00000000
,
00001000
00010000
00001000
00010000
00001000
00000000
00000000
00000000
,
00010000
00000100
00000010
00000000
00000001
00000000
00000100
00000000
,
00000010
00010000
00001000
00000000
01000000
00000000
00100000
00000000
,
10000000
01000000
00010000
00000000
00001000
00000000
00000100
00000000
,
00000001
00001000
00000001
00000000
00001000
00000001
00001000
00000000
,
00000100
00010000
00001000
00000000
01000000
00000000
00010000
00000000
,
10000000
00100000
01000000
00000000
00010000
00000000
01000000
00000000
,
00001000
00010000
00000100
00000000
00000010
00000000
00000001
00000000
,
00000100
00000010
00001000
00000000
00000100
00000000
00000000
00000000
,
00010000
00001000
00020000
00000000
00031000
00000000
01000000
00000000
,
00100000
10000000
00200000
00000000
01300000
00000000
00000000
00000000
,
10000000
01000000
20000000
00000000
30010000
00000000
00100000
00000000
,
00001000
00010000
00002000
00000000
00013000
00000000
00000000
00000000
,
00000100
00000010
00000002
00000000
00000103
00000000
00000100
00000000
,
00000001
00001000
00000001
00001000
00000100
00000000
00000000
00000000
,
00001000
00010000
00002000
00000000
01003000
00000000
00100000
00000000
,
10000000
01000000
20000000
00000000
30100000
00000000
00000000
00000000
,
10000000
01000000
00100000
00010000
10000000
01000000
00100000
00000000
,
00001000
00010000
00000100
00001000
00000001
00001000
00000001
00000000
,
00000100
00000010
00001000
00000001
00000100
00000010
00001000
00000000
,
00000100
00010000
00001000
00010000
00001000
01000000
00100000
00000000
,
10000000
01000000
00100000
00000000
00010000
01000000
00100000
00000000
,
10000000
01000000
00010000
00000000
00001000
00000100
00000001
00000000
,
00000001
00001000
00000001
00000000
00000001
00000100
00001000
00000000
,
00010000
01000000
10000000
00000000
10000000
01000000
00010000
00000000
,
00022000
00000000
00000000
00033000
;

//---------------dance-double - ----------------
#NOTES:
     dance-double:
     :
     Hard:
     8:
     0.519,0.506,0.098,0.065,0.169,318.000,9.000,6.000,0.000,0.000:
00000000
00000000
00000000
00000000
,
00000000
00000000
00000000
00000000
,
00011000
01010000
00011000
00001100
,
00011000
00110000
00011000
00001010
,
00000001
00000100
00000010
00001000
00000100
00000010
00001000
00010000
,
00100000
01000000
00010000
10000000
01000000
00100000
01000000
00000000
,
10000000
00010000
01000000
00100000
00010000
00000010
00001000
00000001
,
00000100
00000010
00001000
00000100
00010000
00001000
00010000
00000000
,
00001000
00000000
00000000
00100000
00010000
00000000
01000000
00100000
00000000
00000000
00000000
00000000
10000000
00000000
00000000
00000000
,
00100000
00000000
00000000
01000000
00001000
00000000
00010000
00001000
00000000
00000000
00000000
00000000
00000100
00000000
00000000
00000000
,
00000001
00000000
00000000
00001000
00000010
00000000
00000100
00000010
00000000
00000000
00000000
00000000
00001000
00000000
00000000
00000000
,
00000100
00000000
00000000
00010000
00001000
00000000
00100000
00010000
00000000
00000000
00000000
00000000
01000000
00000000
00000000
00000000
,
00100000
00000000
00000000
10000000
01000000
00000000
00100000
00010000
00000000
00000000
00000000
00000000
10000000
00000000
00000000
00000000
,
00100000
00000000
00000000
01000000
00010000
00000000
00100000
01000000
00000000
00000000
00000000
00000000
00010000
00000000
00000000
00000000
,
00001000
00000000
00010000
00000000
00001000
00000000
00000100
00000001
00000000
00000000
00000000
00000000
00000010
00000000
00000000
00000000
,
00000100
00000000
00010000
00000000
00001000
00000000
01000000
00100000
00000000
00000000
00000000
00000000
00000000
00000000
00000000
00000000
,
10000000
01000000
00100000
00010000
10000000
00100000
00010000
00001000
,
00000100
00000000
00000001
00000000
00001000
00000000
00000100
00000010
00000000
00000000
00000000
00000000
00000000
00000000
00000000
00000000
,
00000010
00000100
00010000
00001000
00000100
00000010
00001000
00000100
,
00010000
00000000
01000000
00000000
10000000
00000000
00100000
01000000
00000000
00000000
00000000
00000000
00000000
00000000
00000000
00000000
,
00010000
10000000
01000000
00000000
00010000
00001000
00000100
00000000
,
00000001
00000000
00000010
00000000
00000100
00000000
00001000
00000001
00000000
00000000
00000000
00000000
00000000
00000000
00000000
00000000
,
00000100
00000010
00001000
00000000
00000100
00010000
00001000
00000000
,
01000000
00000000
00100000
00000000
10000000
00000000
01000000
00010000
00000000
00000000
00000000
00000000
00000000
00000000
00000000
00000000
,
01000000
10000000
00100000
02000000
00010000
00010000
03010000
00100000
,
00001000
00000100
00000010
00002000
00000100
00000100
00003100
00000000
,
00000010
00000001
00000100
00000020
00001000
00001000
00001030
00000100
,
00010000
00001000
01000000
00200000
10000000
10000000
10300000
00000000
,
01000000
00100000
00010000
10000000
00010000
01000000
00001000
00010000
,
00000100
00000010
00000001
00000100
00000010
00010000
00001000
00000000
,
00000100
00000010
00001000
00000100
00010000
00001000
00010000
01000000
,
10000000
00100000
01000000
00010000
10000000
01000000
10000000
00000000
,
00010000
00000000
00000000
01000000
00010000
00000000
10000000
00000000
01000000
00000000
00010000
00000000
01000000
00000000
00000000
00000000
,
10000000
00000000
00000000
00100000
01000000
00000000
00001000
00000000
00010000
00000000
00000100
00000000
00000010
00000000
00000000
00000000
,
00000001
00000000
00000000
00000100
00000001
00000000
00001000
00000001
00001000
00000000
00000010
00000000
00010000
00000000
00001000
00010000
,
00001000
00000000
01000000
00000000
00100000
00000000
10000000
01000000
10000000
00000000
00010000
00000000
01000000
00000000
00000000
00000000
,
00010000
00000000
00000000
10000000
01000000
00000000
00100000
00000000
00001000
00000000
00000100
00000000
00000010
00000000
00000000
00000000
,
00000001
00000000
00000000
00000010
00000100
00000000
00000001
00000100
00000000
00000000
00000001
00000000
00001000
00000000
00000000
00000000
,
00000100
00000000
00000000
00010000
00001000
00000000
01000000
00010000
01000000
00000000
00100000
00000000
10000000
00000000
01000000
10000000
,
01000000
00000000
10000000
00000000
01000000
00000000
00100000
00010000
00100000
00000000
00001000
00000000
00010000
00000000
00000000
00000000
,
00001000
00000100
00000001
00000010
00000100
00001000
00000010
00000100
,
00001000
00010000
01000000
10000000
00100000
01000000
00010000
00000000
,
10000000
01000000
00100000
00001000
00000100
00000010
00010000
00001000
,
00100000
01000000
10000000
00100000
01000000
00010000
01000000
00000000
,
00001000
00010000
00000100
00001000
00000010
00010000
00001000
01000000
,
00010000
00100000
00001000
00010000
00000100
00001000
00000100
00000000
,
00010000
00001000
00000100
00010000
01000000
00001000
00010000
00000100
,
00000010
00000001
00000100
00000010
00000001
00000100
00001000
00000000
,
00022000
00000000
00000000
00033000
;
