#TITLE:VANESSA;
#SUBTITLE:;
#ARTIST:SUZAKU;
#TITLETRANSLIT:;
#SUBTITLETRANSLIT:;
#ARTISTTRANSLIT:;
#CREDIT:;
#BANNER:VANESSA-bn.png;
#BACKGROUND:VANESSA-bg.png;
#LYRICSPATH:;
#CDTITLE:sporktitles3.png;
#MUSIC:VANESSA.mp3;
#OFFSET:-10.891;
#SAMPLESTART:77.021;
#SAMPLELENGTH:11.599;
#SELECTABLE:YES;
#BPMS:0.000=185.000,169.000=369.998;
#STOPS:0.000=1.000
,297.000=1.140
;
#BGCHANGES:-32.000=VANESSA.avi=1.000=1=0=1,
297.000=VANESSA-bg.png=1.000=1=0=1,
99999=-nosongbg-=1.000=0=0=0 // don't automatically add -songbackground-
;
// cache tags:
#FIRSTBEAT:0.000;
#LASTBEAT:314.000;
#SONGFILENAME:Songs/Encore/VANESSA/VANESSA.sm;
#HASMUSIC:1;
#HASBANNER:1;
#MUSICLENGTH:93.265;
// end cache tags

//---------------dance-single - ----------------
#NOTES:
     dance-single:
     :
     Challenge:
     10:
     0.721,0.926,0.600,0.075,1.000,408.000,56.000,7.000,0.000,0.000:
1001
0000
0000
1000
0100
0010
0001
0010
0100
1000
0010
0100
,
0001
0100
0010
1010
0000
0000
0101
0000
0000
0011
0000
0000
,
1100
0000
0000
1001
0000
0000
0110
0000
0000
0100
0001
1000
,
0100
0010
0001
1001
0000
0000
0101
0000
0000
1010
0000
0000
,
1100
0000
0000
0011
0000
0000
1001
0000
0000
1000
0001
0010
,
0100
1000
0010
0100
0000
0001
0100
0000
0010
1000
0000
0100
,
0010
0000
0001
0100
0000
0010
1000
0000
0001
0100
0000
0010
,
0100
0000
0010
1000
0001
0010
0100
1000
0001
0100
0001
0010
,
0100
1000
0010
1000
0100
0010
0001
1000
0100
0010
0100
0010
,
0001
1000
0010
0100
0000
0000
0101
0000
0000
1010
0000
0000
,
1100
0000
0000
0110
0000
0000
0011
0000
0000
0001
1000
0010
,
0100
0001
0010
0011
0000
0000
1001
0000
0000
1100
0000
0000
,
1010
0000
0000
0101
0000
0000
0110
0000
0000
0010
1000
0001
,
0010
0100
1000
0010
0000
0010
1000
0001
0010
0100
0000
0100
,
0010
0001
0100
0010
1000
0010
0100
0001
0100
0010
1000
0100
,
0010
0001
0100
0010
0000
0010
1000
0000
0001
0100
0000
0100
,
0010
0000
1000
0100
0010
0001
1000
0100
0010
0100
1000
0001
,
0010
0100
1000
0002
0000
0000
0000
0000
0000
0100
0000
0000
,
0000
0010
0000
1003
,
0000
0010
2000
0000
0000
0000
0100
0000
,
0000
0010
0000
3001
,
0000
0010
0200
0000
0000
0000
0001
0000
,
0000
1000
0000
0310
,
0000
0001
0020
0000
0000
0000
0100
0000
,
0000
1000
0000
0031
,
0100
0000
0100
0010
0000
0000
1000
0000
1000
0010
0000
0000
,
0100
0000
0100
0001
0000
0000
0010
0000
0010
0100
0000
0000
,
1000
0000
1000
0001
0000
0000
0010
0000
0010
0001
0000
0000
,
1000
0000
1000
0010
0000
0000
0100
0000
0100
0001
0000
0000
,
1000
0000
0001
0100
0000
0000
0010
0000
1000
0100
0000
0000
,
0010
0000
0001
0100
0000
0000
0010
0000
0100
0001
0000
0000
,
1000
0000
0010
0001
0000
0000
0010
0000
1000
0100
0000
0000
,
0010
0000
0001
1000
0000
0010
0100
0000
0001
0010
0000
0100
,
1000
0010
0100
0002
0000
0000
0000
0000
0000
0000
0000
0000
,
0103
0000
0010
1000
0000
0010
0100
0000
1001
0000
0000
0000
,
0010
0000
1000
0010
0000
1000
0100
0000
0000
0011
0000
0000
,
1001
0000
0010
0100
0000
0001
0010
0000
0100
1000
0000
0010
,
1001
0000
0000
0010
0000
1000
0100
0000
0010
0001
0000
0100
,
0010
0000
0000
1000
0000
0100
1000
0000
0010
0100
0000
0001
,
0010
0000
0000
0001
0100
0010
1000
0000
0000
1000
0010
0100
,
0001
0000
0000
1000
0100
1000
0001
0100
0001
1000
0010
1000
,
0001
0010
0001
1000
0000
0000
0101
0000
0000
1001
0000
0000
,
1100
1001
0000
0101
,
0000
0110
0000
1010
,
0000
1001
0000
0101
,
0000
0000
0000
0010
0000
1000
0000
0001
0000
0010
0000
0100
,
0000
1000
0000
1001
0000
0000
0000
0000
0000
0101
0000
0000
,
0000
0110
0000
1010
,
0000
1100
0000
0011
,
0000
0000
0000
0100
0000
1000
0000
0010
0000
0100
0000
0001
,
0000
1000
0000
0100
0000
1000
0000
0010
0000
0100
0000
0001
,
0000
0010
0000
0001
0000
0100
0000
0010
0000
1000
0000
0100
,
0000
1000
0000
0001
0000
0010
0000
0001
0000
0100
0000
0010
,
0000
1000
0000
0100
0000
1000
0000
0010
0000
0100
0000
0001
,
0000
0010
0000
0001
0000
0100
0000
0001
0000
0100
0000
0001
,
0000
0100
0000
0010
0000
1000
0000
0010
0000
1000
0000
0010
,
0000
1000
0000
0001
0000
0010
0000
0100
0000
1000
0000
0100
,
0000
0010
0000
0001
0000
0100
0000
0010
0000
1000
0000
0010
,
0000
0100
0000
0101
0000
0000
0000
0000
0000
1001
0000
0000
,
0000
1010
0000
1100
,
0000
0011
0000
0101
,
0000
0000
0000
0010
0000
1000
0000
0001
0000
0010
0000
0100
,
0000
0010
0000
0011
0000
0000
0000
0000
0000
0101
0000
0000
,
0000
0110
0000
1010
,
0000
1001
0000
0110
,
0000
0000
0000
0010
0000
0100
0000
0001
0000
0010
0000
0100
,
0000
1000
0000
0001
0000
0000
0000
0001
0000
0100
0000
0000
,
0000
0010
0000
1000
0000
0000
0000
0100
0000
0010
0000
0000
,
0000
0001
0000
0100
0000
0000
0000
0010
0000
1000
0000
0000
,
0000
0001
0000
0100
0000
0000
0000
0010
0000
0100
0000
0000
,
0000
0000
0000
0100
0000
0010
0000
1000
0000
0001
0000
0000
,
0000
0000
0000
0010
0000
0001
0000
0100
0000
0010
0000
0000
,
0000
0000
0000
1000
0000
0001
0000
0100
0000
0001
0000
1000
,
0000
0010
0000
0100
0000
0001
0000
0010
0000
0100
0000
1000
,
0000
0001
0000
0100
0000
0000
2002
0000
0000
0000
0000
0000
,
0000
0000
0000
0000
,
0000
0000
0000
0000
,
0000
0000
0000
0000
,
0000
0000
3003
0000
;

//---------------dance-double - ----------------
#NOTES:
     dance-double:
     :
     Challenge:
     10:
     0.744,0.968,0.654,0.161,1.000,410.000,61.000,15.000,0.000,0.000:
00001010
00000000
00000000
00000001
00000100
00000001
00001000
00000010
00001000
00000100
00010000
00000100
,
00010000
00001000
01000000
01010000
00000000
00000000
10010000
00000000
00000000
11000000
00000000
00000000
,
10010000
00000000
00000000
01001000
00000000
00000000
00011000
00000000
00000000
00010000
00001000
01000000
,
00010000
01000000
00001000
00011000
00000000
00000000
00101000
00000000
00000000
00011000
00000000
00000000
,
00010100
00000000
00000000
00001001
00000000
00000000
00010100
00000000
00000000
00000100
00001000
00000010
,
00001000
00000001
00000100
00000010
00000000
00001000
00000001
00000000
00000001
00000100
00000000
00000100
,
00000010
00000000
00010000
00001000
00000000
00001000
01000000
00000000
01000000
00010000
00000000
00010000
,
00100000
00000000
01000000
10000000
01000000
00100000
00010000
10000000
00010000
01000000
00001000
01000000
,
00010000
10000000
01000000
00100000
00001000
00100000
00010000
01000000
00001000
00010000
00001000
01000000
,
00100000
10000000
00010000
01010000
00000000
00000000
01001000
00000000
00000000
00011000
00000000
00000000
,
00010010
00000000
00000000
00000110
00000000
00000000
00001001
00000000
00000000
00001000
00000001
00000100
,
00000010
00001000
00000100
00001100
00000000
00000000
00010100
00000000
00000000
00011000
00000000
00000000
,
00001010
00000000
00000000
00000011
00000000
00000000
00001001
00000000
00000000
00000001
00000100
00000010
,
00001000
00000100
00000010
00000100
00001000
00000100
00001000
00000000
00001000
00000100
00010000
00001000
,
00010000
00000000
00001000
01000000
00010000
01000000
00010000
00000000
00010000
10000000
01000000
10000000
,
01000000
00000000
01000000
00100000
00001000
00100000
00010000
10000000
00010000
00100000
00001000
00100000
,
00010000
01000000
00010000
10000000
01000000
00100000
00001000
00010000
00000100
00000010
00000001
00000100
,
00000010
00010000
00001000
00020000
00000000
00000000
00000000
00000000
00000000
00032000
00000000
00000000
,
00000000
00003020
00000000
00000130
,
00000000
00000010
00000002
00000000
00000000
00000000
00000203
00000000
,
00000000
00002300
00000000
00003100
,
00000000
00000010
00020000
00000000
00000000
00000000
02030000
00000000
,
00000000
03200000
00000000
00310000
,
00000000
10000000
02000000
00000000
00000000
00000000
03200000
00000000
,
00000000
00302000
00000000
00013000
,
00000100
00000000
00000100
00000010
00000000
00000000
00000001
00000000
00000001
00001000
00000000
00000000
,
00000010
00000000
00000010
00010000
00000000
00000000
00001000
00000000
00001000
00100000
00000000
00000000
,
00010000
00000000
00010000
01000000
00000000
00000000
00100000
00000000
00100000
10000000
00000000
00000000
,
00010000
00000000
00010000
00100000
00000000
00000000
00001000
00000000
00001000
00010000
00000000
00000000
,
00000100
00000000
00000100
00000010
00000000
00000000
00000001
00000000
00000000
00001100
00000000
00000000
,
00000010
00000000
00000010
00000100
00000000
00000000
00010000
00000000
00000000
00011000
00000000
00000000
,
00001000
00000000
00001000
01000000
00000000
00000000
00100000
00000000
00000000
10010000
00000000
00000000
,
00010000
00000000
00010000
01000000
00100000
10000000
00010000
00000000
00000000
10000000
00000000
00000000
,
01000000
00000000
00100000
00002000
00000000
00000000
00010000
00000000
00000000
00103000
00000000
00000000
,
00001000
00000000
00010000
00000100
00000000
00000100
00000010
00000000
00000011
00000000
00000000
00000000
,
00000001
00000000
00000001
00000100
00000000
00000100
00001000
00000000
00000000
00001100
00000000
00000000
,
00000100
00000000
00000010
00010000
00000000
00010000
00001000
00000000
00000000
00110000
00000000
00000000
,
10010000
00000000
00000000
10000000
00000000
01000000
00100000
00000000
00001000
00010000
00000000
00000100
,
00000010
00000000
00000000
00000001
00000000
00000100
00000010
00000000
00010000
00001000
00000000
01000000
,
00100000
00000000
00000000
10000000
01000000
00100000
00001000
00000000
00001000
00010000
00000100
00000010
,
00000001
00000000
00000001
00000100
00000010
00000100
00000001
00001000
00000100
00010000
00001000
01000000
,
00001000
00010000
00000100
00001100
00000000
00000000
00001001
00000000
00000000
00000101
00000000
00000000
,
00001001
00001100
00000000
00010100
,
00000000
00011000
00000000
01001000
,
00000000
10010000
00000000
11000000
,
00000000
00000000
00000000
10000000
00000000
01000000
00000000
00100000
00000000
00010000
00000000
00100000
,
00000000
01000000
00000000
10010000
00000000
00000000
00000000
00000000
00000000
01010000
00000000
00000000
,
00000000
01001000
00000000
00011000
,
00000000
00010100
00000000
00001001
,
00000000
00000000
00000000
00000001
00000000
00000100
00000000
00000010
00000000
00001000
00000000
00000010
,
00000000
00000100
00000000
00000001
00000000
00001000
00000000
00000100
00000000
00010000
00000000
00001000
,
00000000
01000000
00000000
00001000
00000000
00010000
00000000
00000100
00000000
00000010
00000000
00000001
,
00000000
00000100
00000000
00000010
00000000
00010000
00000000
00001000
00000000
01000000
00000000
00100000
,
00000000
10000000
00000000
00010000
00000000
00100000
00000000
00001000
00000000
00010000
00000000
00000100
,
00000000
00001000
00000000
00000001
00000000
00000100
00000000
00000001
00000000
00000100
00000000
00000010
,
00000000
00000100
00000000
00000010
00000000
00001000
00000000
00000010
00000000
00001000
00000000
00000100
,
00000000
00001000
00000000
00000100
00000000
00010000
00000000
00000100
00000000
00010000
00000000
00001000
,
00000000
00010000
00000000
00001000
00000000
01000000
00000000
00001000
00000000
01000000
00000000
00100000
,
00000000
01000000
00000000
01010000
00000000
00000000
00000000
00000000
00000000
10010000
00000000
00000000
,
00000000
10100000
00000000
10010000
,
00000000
01001000
00000000
00011000
,
00000000
00000000
00000000
00001000
00000000
00100000
00000000
00010000
00000000
01000000
00000000
00001000
,
00000000
00010000
00000000
00011000
00000000
00000000
00000000
00000000
00000000
00010100
00000000
00000000
,
00000000
00000110
00000000
00000011
,
00000000
00001001
00000000
00001100
,
00000000
00000000
00000000
00000100
00000000
00000010
00000000
00000001
00000000
00000010
00000000
00000100
,
00000000
00001000
00000000
00000001
00000000
00000000
00000000
00000001
00000000
00000100
00000000
00000000
,
00000000
00000100
00000000
00000010
00000000
00000000
00000000
00000010
00000000
00010000
00000000
00000000
,
00000000
00001000
00000000
01000000
00000000
00000000
00000000
01000000
00000000
00100000
00000000
00000000
,
00000000
00100000
00000000
10000000
00000000
00000000
00000000
10000000
00000000
00010000
00000000
00000000
,
00000000
10000000
00000000
01000000
00000000
00100000
00000000
00010000
00000000
00100000
00000000
00000000
,
00000000
00100000
00000000
00001000
00000000
00010000
00000000
00000100
00000000
00000010
00000000
00000000
,
00000000
00000010
00000000
00000100
00000000
00001000
00000000
00000001
00000000
00000100
00000000
00000010
,
00000000
00010000
00000000
00000010
00000000
00000100
00000000
00000001
00000000
00001000
00000000
00000100
,
00000000
00010000
00000000
00001000
00000000
00000000
22000000
00000000
00000000
00000000
00000000
00000000
,
00000000
00000000
00000000
00000000
,
00000000
00000000
00000000
00000000
,
00000000
00000000
00000000
00000000
,
00000000
00000000
33000000
00000000
;

//---------------dance-double - ----------------
#NOTES:
     dance-double:
     :
     Easy:
     5:
     0.314,0.379,0.054,0.236,0.000,178.000,5.000,22.000,0.000,0.000:
20020000
00000000
00000000
00000000
,
30030000
10000000
01000000
00100000
,
00010000
01000000
00000000
00002000
,
00000000
00013000
00000100
00000010
,
00000001
00001000
00000000
00000002
,
00000000
00000103
00000010
00001000
,
00001000
00000001
00000100
00000010
,
00000010
00010000
00001000
00010000
,
00001000
00100000
01000000
10000000
,
10000000
00010000
01000000
00100000
,
10000000
00010000
00000000
00200000
,
00000000
01300000
00100000
00010000
,
01000000
00001000
00000000
00020000
,
00000000
00030100
00000010
00000001
,
00000001
00001000
00000010
00010000
,
00010000
00000100
00001000
00000010
,
00000100
00000001
00001000
00000010
,
00000010
00000200
00000000
00000001
,
00000000
00001000
00000000
00000301
,
00000000
00000020
00000000
00001000
,
00000000
00000001
00000000
00001030
,
00000000
00000002
00000000
00001000
,
00000000
00000010
00000000
00001003
,
00000000
00002000
00000000
00000100
,
00000000
00000001
00000000
00003100
,
00001000
00000100
00000000
00010000
,
00000000
00001000
00000000
01000000
,
00100000
10000000
00000000
00010000
,
00000000
01000000
00000000
00001000
,
00010000
00000100
00000000
00000010
,
00000000
00000100
00000000
00001000
,
00000001
00000100
00000000
00000010
,
00000000
00000100
00000001
00001000
,
00000010
00011000
00000000
00000000
,
00001000
00010000
00000000
00001000
,
00000000
01000000
00010000
10000000
,
00100000
01000000
00000000
00010000
,
00000000
20000000
00000000
31000000
,
00000000
02000000
00000000
03100000
,
00000000
00002000
00000000
00023000
,
00000000
00030100
00000010
00000001
,
00001000
00002002
00000000
00000000
,
00003003
00000001
00000000
00000001
,
00000000
00001000
00000000
00001000
,
00000000
00000001
00000000
00000100
,
00000000
00000020
00000000
00000000
,
00000000
00010030
00000000
00010000
,
00000000
00001000
00000000
00001000
,
00000000
00010000
00000000
00000100
,
00000000
00002000
00000000
00000000
,
00000000
00003001
00000000
00000100
,
00000000
00000001
00000000
00000100
,
00000000
00000010
00000000
00001000
,
00000000
00000010
00000000
00001000
,
00000000
00000100
00000000
00010000
,
00000000
00001000
00000000
00010000
,
00000000
01000000
00000000
00100000
,
00000000
00010000
00000000
10000000
,
00000000
00010000
00000000
00010000
,
00000000
10000000
00000000
10000000
,
00000000
00010000
00000000
01000000
,
00000000
00200000
00000000
00000000
,
00000000
01300000
00000000
01000000
,
00000000
00100000
00000000
00100000
,
00000000
01000000
00000000
00001000
,
00000000
00020000
00000000
00000000
,
00000000
00031000
00000000
00010000
,
00000000
00001000
00000000
00010000
,
00000000
00000100
00000000
00001000
,
00000000
00000100
00000000
00001000
,
00000000
00000010
00000000
00000100
,
00000000
00000001
00000000
00000100
,
00000000
00000010
00000000
00010000
,
00000000
00001000
00000000
00100000
,
00000000
10010000
02200000
00000000
,
00000000
00000000
00000000
00000000
,
00000000
00000000
00000000
00000000
,
00000000
00000000
00000000
00000000
,
00000000
00000000
03300000
00000000
;

//---------------dance-double - ----------------
#NOTES:
     dance-double:
     :
     Medium:
     8:
     0.441,0.631,0.289,0.086,0.241,253.000,27.000,8.000,0.000,0.000:
00011000
01000000
00010000
10000000
,
00010000
00010000
10000000
01000000
,
00100000
00000000
00000000
00001000
00000000
00000000
00011000
00000000
00000000
00010000
00000000
00010000
,
00000100
00000000
00000100
00001000
00000000
00000000
00000001
00000000
00000000
00000100
00000000
00000000
,
00000010
00000000
00000000
00010000
00000000
00000000
00011000
00000000
00000000
00001000
00000000
00001000
,
00100000
00000000
00100000
00010000
00000000
00000000
01000000
00000000
00000000
10000000
00000000
00000000
,
11000000
01000000
00010000
00100000
,
00101000
00000000
00000000
00001000
00000000
00001000
00010000
00000000
00010000
00000100
00000000
00000100
,
00000010
00000000
00000010
00000100
00000000
00000000
00001000
00000000
00000000
00000001
00000000
00000000
,
00001001
00000001
00000100
00000010
,
00001000
00000000
00000000
00000100
00000000
00000000
00011000
00000000
00000000
00010000
00000000
00010000
,
00001000
00000000
00001000
01000000
00000000
00000000
00100000
00000000
00000000
10000000
00000000
00000000
,
00010000
00000000
00000000
00100000
00000000
00000000
00011000
00000000
00000000
00010000
00000000
00010000
,
00000100
00000000
00000100
00001000
00000000
00000000
00000001
00000000
00000000
00000100
00000000
00000000
,
00000110
00000000
00000010
00001000
00000000
00000000
00000100
00000000
00000000
00010000
00000000
00000000
,
00011000
00000000
00000000
00010000
00000000
00010000
00001000
00000000
00001000
01000000
00000000
01000000
,
00001000
00000000
00001000
00010000
00000000
00000000
01000000
00000000
00000000
10000000
00000000
00000000
,
10010000
02000000
00000000
00001000
,
00000000
00100000
00000000
03001000
,
00000000
00010000
00002000
00000000
00000000
00000000
01000000
00000000
,
00000000
00010000
00000000
01003000
,
00000000
00001000
00020000
00000000
00000000
00000000
00000010
00000000
,
00000000
00001000
00000000
00030010
,
00000000
00010000
00000200
00000000
00000000
00000000
00001000
00000000
,
00000000
00000010
00000000
00001300
,
00000001
00000100
00000000
00001000
,
00000000
00010000
00000000
00100000
,
10000000
00000000
10000000
00010000
00000000
00000000
00000000
00000000
00000000
01000000
00000000
00000000
,
00000000
00001000
00000000
00010000
,
00000100
00000000
00000100
00001000
00000000
00000000
00000000
00000000
00000000
00000010
00000000
00000000
,
00000000
00000100
00000000
00000001
,
00001000
00000000
00001000
00000100
00000000
00000000
00000000
00000000
00000000
00010000
00000000
00000000
,
00000000
00001000
01000000
00100000
,
10000000
20010000
00010000
30000000
,
10000000
00000000
00010000
01000000
00000000
00010000
01000000
00000000
00010000
00000000
00000000
00000000
,
00100000
00001000
00011000
00010000
,
00000100
00000000
00001000
00000100
00000000
00001000
00000100
00000000
00000000
00001100
00000000
00000000
,
00001001
00000001
00000100
00001000
,
00000100
00000000
00000100
00000010
00000000
00000000
00010000
00000000
00000000
00001000
00000000
00000000
,
01000000
00000000
01000000
00100000
00000000
00000000
10100000
00000000
00000000
10000000
00000000
00000000
,
10010000
00010000
01000000
00100000
,
00010000
00002000
00000000
00010000
,
00003000
00010000
00000000
00000100
,
00000000
00000010
00000000
00000100
,
00000000
00010000
00000000
00011000
,
00000000
00000000
00000000
00001000
00000000
00000000
00000000
00001000
00000000
00010000
00000000
00000000
,
00000000
00010000
00000000
00001000
00000000
00000000
00000000
00000000
00000000
01000000
00000000
00000000
,
00000000
00100000
00000000
10000000
,
00000000
00010000
00000000
10010000
,
00000000
00000000
00000000
10000000
00000000
00000000
00000000
10000000
00000000
01000000
00000000
00000000
,
00000000
01000000
00000000
00100000
00000000
00000000
00000000
00000000
00000000
00001000
00000000
00000000
,
00000000
00010000
00000000
00011000
,
00000000
00010000
00000000
00000100
,
00000000
00000010
00000000
00001001
,
00000000
00000000
00000000
00000001
00000000
00000000
00000000
00000001
00000000
00000100
00000000
00000000
,
00000000
00000100
00000000
00000010
00000000
00000000
00000000
00000010
00000000
00010000
00000000
00000000
,
00000000
00010000
00000000
00001000
00000000
00000000
00000000
00000000
00000000
00100000
00000000
00000000
,
00000000
00001000
00000000
00011000
,
00000000
00010000
00000000
00000100
,
00000000
00000010
00000000
00000001
,
00000000
00001000
00000000
00001001
,
00000000
00000000
00000000
00001000
00000000
00000000
00000000
00001000
00000000
00000010
00000000
00000000
,
00000000
00000010
00000000
00010000
00000000
00000000
00000000
00000000
00000000
00001000
00000000
00000000
,
00000000
01000000
00000000
00001000
,
00000000
00010000
00000000
00011000
,
00000000
00000000
00000000
00010000
00000000
00000000
00000000
00010000
00000000
00001000
00000000
00000000
,
00000000
00001000
00000000
00010000
00000000
00000000
00000000
00000000
00000000
00000100
00000000
00000000
,
00000000
00000010
00000000
00000011
,
00000000
00000001
00000000
00001000
00000000
00000000
00000000
00000000
00000000
00000010
00000000
00000000
,
00000000
00010000
00000000
00011000
,
00000000
00001000
00000000
01000000
00000000
00000000
00000000
00000000
00000000
00100000
00000000
00000000
,
00000000
10000000
00000000
00010000
,
00000000
00000000
00000000
01000000
00000000
00000000
00000000
01000000
00000000
00001000
00000000
00000000
,
00000000
00001000
00000000
00010000
00000000
00000000
00000000
00010000
00000000
00000100
00000000
00000000
,
00000000
00000100
00000000
00000010
00000000
00000000
00002002
00000000
00000000
00000000
00000000
00000000
,
00000000
00000000
00000000
00000000
,
00000000
00000000
00000000
00000000
,
00000000
00000000
00000000
00000000
,
00000000
00000000
00003003
00000000
;

//---------------dance-double - ----------------
#NOTES:
     dance-double:
     :
     Hard:
     9:
     0.604,0.758,0.493,0.204,0.590,329.000,46.000,19.000,0.000,0.000:
11000000
10000000
01000000
00010000
,
00001000
00000000
00000000
00000010
00000000
00000010
00000001
00000000
00000001
00001000
00000000
00001000
,
00000010
00000000
00000010
00000100
00000000
00000100
00000001
00000000
00000001
00000100
00000001
00000100
,
00000010
00000000
00000100
00000001
00000000
00000000
00000101
00000000
00000000
00001001
00000000
00000000
,
00001100
00000000
00000000
00010100
00000000
00000000
00011000
00000000
00000000
00001000
00100000
00001000
,
01000000
00000000
01000000
00010000
00000000
00010000
10000000
00000000
10000000
01000000
00000000
01000000
,
00100000
00000000
00000000
00010000
00000000
00010000
01000000
00000000
01000000
00001000
00000000
00001000
,
00010000
00011000
00010100
00001100
,
00000110
00000000
00000000
00000010
00000001
00000010
00000001
00001000
00000001
00000100
00000000
00000100
,
00000010
00000000
00000000
00001000
00000000
00001000
00000100
00000000
00000100
00010000
00000000
00010000
,
00001000
00000000
00001000
01000000
00000000
01000000
00100000
00000000
00100000
10000000
00010000
10000000
,
01000000
00000000
10000000
00010000
00000000
00000000
01010000
00000000
00000000
01001000
00000000
00000000
,
00011000
00000000
00000000
00010100
00000000
00000000
00001100
00000000
00000000
00001000
00000001
00001000
,
00000100
00000000
00001000
00000010
00000000
00000010
00000100
00000000
00000100
00000001
00000000
00000001
,
00001000
00000000
00000000
00000100
00000000
00000100
00010000
00000000
00010000
00001000
00000000
00001000
,
01000000
01010000
01001000
00011000
,
00101000
00000000
00000000
00100000
00010000
00100000
01000000
10000000
01000000
00100000
00010000
01000000
,
00010000
10000000
01000000
00200000
00000000
00000000
00000000
00000000
00000000
00302000
00000000
00000000
,
00000000
00023000
00000000
00030100
,
00000000
00000010
00000200
00000000
00000000
00000000
00002300
00000000
,
00000000
00003002
00000000
00000103
,
00000000
00000010
00020000
00000000
00000000
00000000
00032000
00000000
,
00000000
02003000
00000000
03100000
,
00000000
10000000
00020000
00000000
00000000
00000000
02030000
00000000
,
00000000
03200000
00000000
10300000
,
01000000
00000000
01000000
00100000
00000000
00000000
00010000
00000000
00000000
01000000
00000000
00000000
,
00001000
00000000
00001000
00010000
00000000
00000000
00000100
00000000
00000100
00001000
00000000
00000000
,
00000010
00000000
00000010
00000100
00000000
00000000
00000001
00000000
00000000
00001000
00000000
00000000
,
00000100
00000000
00000100
00010000
00000000
00000000
00001000
00000000
00001000
00100000
00000000
00000000
,
00100000
00000000
00100000
00010000
00000000
00000000
01000000
00000000
00000000
10010000
00000000
00000000
,
10000000
00000000
01000000
00100000
00000000
00000000
00010000
00000000
01000000
00001000
00000000
00000000
,
00010000
00000000
00000100
00001000
00000000
00000000
00000010
00000000
00000000
00001001
00000000
00000000
,
00000010
00000000
00000100
00000001
00000000
00000001
00001000
00000000
00001000
00000010
00000000
00000010
,
00010000
00001000
00010000
00002000
00000000
00000000
00100000
00000000
00000000
00003000
00000000
00000000
,
00010000
00000000
00001000
00100000
00000000
00001000
00010000
00000000
00011000
00000000
00000000
00000000
,
00001000
00000000
00001000
01000000
00000000
01000000
00100000
00000000
00000000
10010000
00000000
00000000
,
10000000
00000000
00010000
01000000
00000000
01000000
00010000
00000000
00000000
01010000
00000000
00000000
,
01001000
00020000
00000100
00001000
,
00030100
00002000
00100000
00010000
,
00103000
00011000
00010100
00001100
,
00000110
00000001
00000100
00001000
,
00010000
00200000
00000000
20000000
,
30300000
10000000
00000000
10010000
,
00000000
00010000
00000000
01010000
,
00000000
01000000
00000000
01001000
,
00000000
00000000
00000000
00001000
00000000
00000000
00000000
00001000
00000000
00010000
00000000
00000000
,
00000000
00010000
00000000
00000100
00000000
00000000
00000000
00000000
00000000
00001100
00000000
00000000
,
00000000
00001000
00000000
00001001
,
00000000
00000001
00000000
00000101
,
00000000
00000000
00000000
00000100
00000000
00000000
00000000
00000100
00000000
00000010
00000000
00000000
,
00000000
00000010
00000000
00010000
00000000
00000000
00000000
00000000
00000000
00000100
00000000
00000000
,
00000000
00001100
00000000
00010100
,
00000000
00010000
00000000
00001000
,
00000000
01001000
00000000
00011000
,
00000000
00000000
00000000
00001000
00000000
00000000
00000000
00001000
00000000
01000000
00000000
00000000
,
00000000
01000000
00000000
00100000
00000000
00000000
00000000
00100000
00000000
10000000
00000000
00000000
,
00000000
10000000
00000000
00010000
00000000
01000000
00000000
00010000
00000000
10000000
00000000
00010000
,
00000000
01000000
00000000
00001000
00000000
00010000
00000000
00001000
00000000
00100000
00000000
00001000
,
00000000
00010000
00000000
00001000
00000000
00000000
00000000
00000000
00000000
00101000
00000000
00000000
,
00000000
00100000
00000000
00110000
,
00000000
00010000
00000000
10010000
,
00000000
00000000
00000000
10000000
00000000
00000000
00000000
10000000
00000000
01000000
00000000
00000000
,
00000000
01000000
00000000
00100000
00000000
00000000
00000000
00000000
00000000
00101000
00000000
00000000
,
00000000
00001000
00000000
00011000
,
00000000
00010000
00000000
00010100
,
00000000
00000000
00000000
00000100
00000000
00000000
00000000
00000100
00000000
00000010
00000000
00000000
,
00000000
00000010
00000000
00000001
00000000
00000000
00000000
00001000
00000000
00000100
00000000
00000000
,
00000000
00010000
00000000
00001000
00000000
00000000
00000000
01000000
00000000
00010000
00000000
00000000
,
00000000
00000000
00000000
10000000
00000000
00000000
00000000
00010000
00000000
01000000
00000000
00000000
,
00000000
00001000
00000000
00010000
00000000
00000000
00000000
00000100
00000000
00001000
00000000
00000000
,
00000000
00000000
00000000
00000001
00000000
00000100
00000000
00000010
00000000
00001000
00000000
00000000
,
00000000
00000000
00000000
00000010
00000000
00010000
00000000
00001000
00000000
00100000
00000000
00000000
,
00000000
00000000
00000000
00010000
00000000
01000000
00000000
00010000
00000000
10000000
00000000
01000000
,
00000000
10000000
00000000
00010000
00000000
01000000
00000000
00100000
00000000
01000000
00000000
00001000
,
00000000
00010000
00000000
00001000
00000000
00000000
00022000
00000000
00000000
00000000
00000000
00000000
,
00000000
00000000
00000000
00000000
,
00000000
00000000
00000000
00000000
,
00000000
00000000
00000000
00000000
,
00000000
00000000
00033000
00000000
;

//---------------dance-single - ----------------
#NOTES:
     dance-single:
     :
     Beginner:
     3:
     0.221,0.210,0.054,0.054,0.000,134.000,5.000,5.000,0.000,0.000:
1000
0000
0000
0000
,
0000
0001
0000
0100
,
0000
0001
0000
1000
,
1000
1000
0000
0100
,
0000
1000
0000
0001
,
0001
0001
0000
0100
,
0000
0010
0000
1000
,
0000
0001
0000
0010
,
0000
0100
0000
1000
,
0000
0001
0000
0100
,
0000
0001
0000
1000
,
1000
1000
0000
0100
,
0000
1000
0000
0001
,
0001
0001
0000
0100
,
0000
0010
0000
1000
,
0000
0010
0010
0010
,
0000
0100
0100
0100
,
0000
0001
0000
1000
,
0000
0001
0000
0100
,
0000
0010
0000
0100
,
0000
0010
0000
1000
,
0000
0001
0000
0100
,
0000
0001
0000
1000
,
0000
0100
0000
0010
,
0000
0100
0000
1000
,
0000
1001
0000
0100
,
0000
0001
0000
0100
,
0000
1001
0000
0010
,
0000
1000
0000
0001
,
0000
0110
0000
0100
,
0000
1000
0000
0001
,
0000
0110
0000
1000
,
0000
0010
0000
0100
,
0000
0001
0000
0000
,
0000
1000
0000
0000
,
0000
1000
0000
0100
,
0000
0010
0000
0001
,
0000
2000
0000
0000
,
0000
3002
0000
0000
,
0000
0103
0000
0010
,
0000
0100
0100
0100
,
0100
0200
0000
0000
,
0000
0310
0000
0000
,
0000
0010
0000
0000
,
0000
0010
0000
0000
,
0000
1000
0000
0001
,
0000
0100
0000
0000
,
0000
0100
0000
0000
,
0000
0100
0000
0000
,
0000
0010
0000
1000
,
0000
0001
0000
0001
,
0000
1000
0000
1000
,
0000
0001
0000
0001
,
0000
1000
0000
1000
,
0000
0010
0000
0000
,
0000
0100
0000
0000
,
0000
0001
0000
0100
,
0000
0010
0000
1000
,
0000
0001
0000
0000
,
0000
0001
0000
0000
,
0000
0001
0000
0000
,
0000
1000
0000
0001
,
0000
0100
0000
0000
,
0000
0100
0000
0000
,
0000
0100
0000
0000
,
0000
0010
0000
0100
,
0000
0010
0000
0010
,
0000
0100
0000
0100
,
0000
0010
0000
0010
,
0000
0100
0000
0100
,
0000
0001
0000
0000
,
0000
1000
0000
0000
,
0000
0001
0000
0000
,
0000
0100
0000
0100
,
0000
0000
2002
0000
,
0000
0000
0000
0000
,
0000
0000
0000
0000
,
0000
0000
0000
0000
,
0000
0000
3003
0000
;

//---------------dance-single - ----------------
#NOTES:
     dance-single:
     :
     Hard:
     9:
     0.594,0.800,0.397,0.118,0.654,340.000,37.000,11.000,0.000,0.000:
1001
0010
0001
0100
,
0010
0000
0000
1000
0000
1000
0001
0000
0001
0100
0000
0100
,
0010
0000
0010
1000
0000
0000
1010
0000
0000
1000
0001
0100
,
0001
0000
0001
1000
0000
0000
1100
0000
0000
1010
0000
0000
,
0101
0000
0000
1001
0000
0000
1100
0000
0000
0100
0010
0001
,
0010
0000
0001
1000
0000
1000
0100
0000
0100
0010
0000
0010
,
0001
0000
0000
0100
0000
0100
0001
0000
0001
0010
0000
0010
,
0100
1100
0110
0011
,
1001
0000
0000
1000
0010
1000
0010
0000
0010
0100
0000
0100
,
0001
0100
0001
1000
0000
1000
0010
0000
0010
0100
0000
0100
,
0001
0000
0001
1000
0000
0000
1010
0000
0000
0010
0100
0010
,
0100
0000
0001
1000
0000
0000
1010
0000
0000
0101
0000
0000
,
0011
0000
0000
1100
0000
0000
1001
0000
0000
0001
0100
0001
,
0100
0000
0010
1000
0000
1000
0001
0000
0001
0010
0000
0010
,
0100
0010
0001
1000
0000
1000
0010
0000
0010
0100
0000
0100
,
0001
0100
0010
1000
0000
0000
1010
0000
0000
1001
0000
0000
,
0011
0000
0000
0001
0000
0001
0100
0000
0100
0010
0000
0010
,
1000
0010
0100
0002
0000
0000
0000
0000
0000
1000
0000
0000
,
0000
0010
0000
0103
,
0000
0100
0020
0000
0000
0000
1000
0000
,
0000
0001
0000
0130
,
0000
0010
2000
0000
0000
0000
0001
0000
,
0000
0010
0000
3001
,
0000
1000
0200
0000
0000
0000
0001
0000
,
0000
1000
0000
0310
,
0010
0000
0010
0001
0000
0000
1000
0000
1000
0010
0000
0000
,
0100
0000
0100
0001
0000
0000
1000
0000
1000
0100
0000
0000
,
0010
0000
0010
0100
0000
0000
1000
0000
1000
0001
0000
0000
,
0001
0000
0001
0100
0000
0000
0010
0000
0010
0100
0000
0000
,
0001
0000
1000
0100
0000
0000
1000
0000
0001
0100
0000
0000
,
0010
0000
0100
0001
0000
0000
1000
0000
0100
0010
0000
0000
,
0001
0000
1000
0100
0000
0000
1000
0000
0100
0010
0000
0000
,
0100
0000
0010
0001
0000
0000
1000
0000
0001
0100
0000
0100
,
0010
0000
0010
2000
0000
0000
0001
0000
0000
3000
0000
0000
,
1000
0000
0001
0100
0000
0001
0100
0000
0010
0000
0000
0000
,
1000
0000
0100
1000
0000
0000
0010
0000
0000
1001
0000
0000
,
0010
0000
1000
0100
0000
0100
0010
0000
0000
0110
0000
0000
,
1001
0002
1000
0010
,
1003
2000
0001
0010
,
3001
0000
0000
0001
0000
0001
0100
0000
0100
0010
0000
0010
,
1000
0000
1000
0001
0100
0001
0100
0010
1000
0010
1000
0100
,
0010
0001
2000
0002
0000
0000
0000
0000
0000
0000
0000
0000
,
3003
1000
0000
1100
,
0000
0001
0000
0101
,
0000
0010
0000
1001
,
0000
0000
0000
1000
0000
0100
0000
0010
0000
0001
0000
0010
,
0000
0100
0000
1000
0000
0000
0000
0000
0000
1010
0000
0000
,
0000
0001
0000
0011
,
0000
0100
0000
1001
,
0000
0000
0000
0001
0000
0100
0000
0010
0000
1000
0000
0010
,
0000
0100
0000
0001
0000
0000
0000
0001
0000
0100
0000
0000
,
0000
0100
0000
0010
0000
0000
0000
0010
0000
1000
0000
0000
,
0000
0000
0000
0001
0000
0000
0000
0001
0000
0010
0000
0000
,
0000
0010
0000
0100
0000
0000
0000
0100
0000
1000
0000
0000
,
0000
0010
0000
1000
,
0000
0000
0000
0100
0000
0000
0000
0100
0000
0001
0000
0000
,
0000
0100
0000
1000
,
0000
0010
0000
1001
,
0000
0001
0000
1100
,
0000
1000
0000
0101
,
0000
0010
0000
1001
,
0000
0000
0000
1000
0000
0100
0000
1000
0000
0001
0000
0100
,
0000
0001
0000
1000
0000
0000
0000
0000
0000
0011
0000
0000
,
0000
0001
0000
1010
,
0000
0100
0000
1001
,
0000
0000
0000
0001
0000
0100
0000
0001
0000
1000
0000
0010
,
0000
1000
0000
0001
0000
0000
0000
0001
0000
1000
0000
0000
,
0000
1000
0000
0010
0000
0000
0000
0010
0000
0100
0000
0000
,
0000
0000
0000
0001
0000
0000
0000
0001
0000
1000
0000
0000
,
0000
1000
0000
0100
0000
0000
0000
0100
0000
0010
0000
0000
,
0000
0000
0000
0001
0000
1000
0000
0100
0000
1000
0000
0000
,
0000
1000
0000
0001
0000
0100
0000
0001
0000
1000
0000
0000
,
0000
0000
0000
0100
0000
0000
0000
0100
0000
0010
0000
0000
,
0000
0010
0000
0001
0000
0000
0000
0001
0000
1000
0000
0010
,
0000
0100
0000
0001
0000
0000
2200
0000
0000
0000
0000
0000
,
0000
0000
0000
0000
,
0000
0000
0000
0000
,
0000
0000
0000
0000
,
0000
0000
3300
0000
;

//---------------dance-single - ----------------
#NOTES:
     dance-single:
     :
     Medium:
     8:
     0.407,0.589,0.193,0.150,0.204,234.000,18.000,14.000,0.000,0.000:
1001
2000
0000
3002
,
0000
1003
0100
1000
,
0010
0000
0000
0100
0000
0000
0001
0000
0000
1000
0000
1000
,
0100
0000
0100
1000
0000
0000
0001
0000
0000
0100
0000
0000
,
0010
0000
0000
0100
0000
0000
0001
0000
0000
1000
0000
1000
,
0001
0000
0001
1000
0000
0000
0010
0000
0000
0100
0000
0000
,
1001
0010
0001
0100
,
1001
0000
0000
0001
0000
0001
1000
0000
1000
0001
0000
0001
,
0100
0000
0100
0010
0000
0000
1000
0000
0000
0001
0000
0000
,
1001
1000
0100
0010
,
0001
0000
0000
1000
0000
0000
0001
0000
0000
0100
0000
0100
,
0010
0000
0010
0100
0000
0000
0001
0000
0000
1000
0000
0000
,
0100
0000
0000
0010
0000
0000
0001
0000
0000
0010
0000
0010
,
0100
0000
0100
0010
0000
0000
0001
0000
0000
1000
0000
0000
,
1001
1000
0001
0100
,
1001
0000
0000
0010
0000
0010
0100
0000
0100
0001
0000
0001
,
1000
0000
1000
0100
0000
0000
0010
0000
0000
0001
0000
0000
,
1001
0200
0000
0001
,
0000
1000
0000
0301
,
0000
2000
0000
0010
,
0000
0001
0000
3100
,
0000
0020
0000
0001
,
0000
1000
0000
0031
,
0000
0200
0000
0010
,
0000
0001
0000
0310
,
1000
0001
0000
1000
,
0000
0100
0000
0010
,
0001
0000
1000
0001
0000
0000
0000
0000
0000
0100
0000
0000
,
0000
0010
0000
1000
,
0100
0000
0010
0100
0000
0000
0000
0000
0000
1000
0000
0000
,
0000
0001
0000
0100
,
0010
0000
1000
0010
0000
0000
0000
0000
0000
0100
0000
0000
,
0000
0001
1000
0100
,
0010
1002
1000
0003
,
1000
0000
0001
0100
0000
0001
0100
0000
0010
0000
0000
0000
,
1000
0000
1000
0001
0000
0001
0010
0000
0000
0110
0000
0000
,
0001
0000
1000
0100
0000
1000
0100
0000
0000
0110
0000
0000
,
1001
0002
0000
0100
,
0000
2003
0000
0010
,
0000
3001
0100
0010
,
1000
0002
0000
2003
,
0000
3200
0000
0000
,
0300
1000
0000
0100
,
0000
0010
0000
0100
,
0000
1000
0000
0001
,
0000
0000
0000
0100
0000
0000
0000
0100
0000
0010
0000
0000
,
0000
0010
0000
0100
0000
0000
0000
0000
0000
0001
0000
0000
,
0000
1000
0000
0010
,
0000
1000
0000
0001
,
0000
0000
0000
1000
0000
0000
0000
1000
0000
0100
0000
0000
,
0000
0100
0000
0010
0000
0000
0000
0000
0000
0001
0000
0000
,
0000
1000
0000
1001
,
0000
0010
0000
0100
,
0000
0001
0000
1001
,
0000
1000
0000
0100
,
0000
0001
0000
0100
,
0000
0000
0000
1000
0000
0000
0000
1000
0000
0001
0000
0000
,
0000
0001
0000
0100
0000
0000
0000
0000
0000
1001
0000
0000
,
0000
0001
0000
0100
,
0000
0010
0000
0100
,
0000
0001
0000
1000
,
0000
0000
0000
0100
0000
0000
0000
0100
0000
0010
0000
0000
,
0000
0010
0000
0100
0000
0000
0000
0000
0000
0010
0000
0000
,
0000
0001
0000
1000
,
0000
0010
0000
0100
,
0000
0000
0000
0001
0000
0000
0000
0001
0000
1000
0000
0000
,
0000
1000
0000
0100
0000
0000
0000
0000
0000
0010
0000
0000
,
0000
0001
0000
1001
,
0000
1000
0000
0001
,
0000
1000
0000
0101
,
0000
0001
0000
0100
,
0000
1000
0000
0100
,
0000
0000
0000
0010
0000
0000
0000
0010
0000
1000
0000
0000
,
0000
1000
0000
0001
0000
0000
0000
0000
0000
1000
0000
0000
,
0000
1001
2002
0000
,
0000
0000
0000
0000
,
0000
0000
0000
0000
,
0000
0000
0000
0000
,
0000
0000
3003
0000
;

//---------------dance-single - ----------------
#NOTES:
     dance-single:
     :
     Easy:
     5:
     0.337,0.463,0.139,0.236,0.021,185.000,13.000,22.000,0.000,0.000:
2002
0000
0000
0000
,
3003
1000
0001
0100
,
0010
1000
0001
0020
,
0000
0031
0100
0010
,
1000
0001
0100
0002
,
0000
1003
0100
0010
,
0110
0100
1000
0001
,
1001
0100
0100
0010
,
0010
0100
0001
1000
,
1001
0001
0010
0001
,
0100
0010
1000
0002
,
0000
1003
0010
0100
,
0001
1000
0100
0020
,
0000
0130
1000
0001
,
1001
1000
0001
0010
,
0110
0100
0100
1000
,
1000
0001
0100
0010
,
1000
0002
0000
1000
,
0000
0100
0000
1003
,
0000
2000
0000
0100
,
0000
0010
0000
3100
,
0000
0002
0000
0100
,
0000
0010
0000
1003
,
0000
2000
0000
0100
,
0000
0010
0000
3001
,
1000
0100
0000
1000
,
0000
0001
0000
0100
,
0010
1000
0000
0010
,
0000
0100
0000
0001
,
1000
0100
0000
0010
,
0000
0100
0000
0010
,
0001
1000
0000
0001
,
0000
0100
0010
1000
,
0001
1000
0000
0000
,
0000
0001
0000
1000
,
0000
0010
1000
0001
,
0000
0100
0001
1000
,
0000
0200
0000
0320
,
0000
0230
0000
0320
,
0000
0031
1000
0100
,
1000
0010
0100
0001
,
1000
2002
0000
0000
,
3003
1000
0000
0100
,
0000
1000
0000
0100
,
0000
0010
0000
0001
,
0000
2000
0000
0000
,
0000
3001
0000
0100
,
0000
0001
0000
0100
,
0000
0010
0000
1000
,
0000
0002
0000
0000
,
0000
1003
0000
0100
,
0000
0000
0000
0010
0000
0000
0000
0010
0000
0001
0000
0000
,
0000
0001
0000
0100
,
0000
0000
0000
0010
0000
0000
0000
0010
0000
1000
0000
0000
,
0000
0010
0000
0010
,
0000
0100
0000
0100
,
0000
0010
0000
1000
,
0000
0001
0000
1001
,
0000
1000
0000
0010
,
0000
1000
0000
0010
,
0000
0100
0000
0001
,
0000
2000
0000
0000
,
0000
3001
0000
0010
,
0000
0001
0000
0010
,
0000
0100
0000
1000
,
0000
0020
0000
0000
,
0000
0130
0000
0001
,
0000
0000
0000
1000
0000
0000
0000
1000
0000
0100
0000
0000
,
0000
1000
0000
0001
,
0000
0000
0000
0100
0000
0000
0000
0100
0000
0001
0000
0000
,
0000
1001
0000
0000
,
0000
0110
0000
0000
,
0000
1001
0000
0010
,
0000
0100
0000
0001
,
0000
1001
2002
0000
,
0000
0000
0000
0000
,
0000
0000
0000
0000
,
0000
0000
0000
0000
,
0000
0000
3003
0000
;
