#TITLE:My People;
#SUBTITLE:;
#ARTIST:The Presets;
#TITLETRANSLIT:;
#SUBTITLETRANSLIT:;
#ARTISTTRANSLIT:;
#CREDIT:;
#BANNER:My People-bn.png;
#BACKGROUND:My People-bg.png;
#LYRICSPATH:;
#CDTITLE:ddrencores3.png;
#MUSIC:My People.mp3;
#OFFSET:-0.106;
#SAMPLESTART:60.750;
#SAMPLELENGTH:15.000;
#SELECTABLE:YES;
#BPMS:0.000=127.000;
#STOPS:;
#BGCHANGES:;
// cache tags:
#FIRSTBEAT:8.000;
#LASTBEAT:224.000;
#SONGFILENAME:Songs/DDI/My People/My People.sm;
#HASMUSIC:1;
#HASBANNER:1;
#MUSICLENGTH:107.292;
// end cache tags

//---------------dance-single - ----------------
#NOTES:
     dance-single:
     :
     Beginner:
     1:
     0.156,0.157,0.047,0.056,0.000,106.000,5.000,6.000,0.000,0.000:
0000
0000
0000
0000
,
0000
0000
0000
0000
,
0010
0000
0100
0000
,
0100
0000
0000
0000
,
0001
0000
1000
0000
,
0001
0000
0000
0000
,
1000
0000
0010
0000
,
1000
0000
0000
0000
,
0001
0000
0010
0000
,
0001
0000
0000
0000
,
1000
0000
0010
0000
,
1000
0000
0000
0000
,
0100
0000
1000
0000
,
0010
0000
0000
0000
,
0100
0000
0001
0000
,
0010
0000
0010
0000
,
0010
0000
0001
0001
,
0001
0000
1000
0000
,
0100
0000
1000
0000
,
0010
0010
0000
0000
,
1000
0000
0001
0000
,
0100
0000
0001
0000
,
0010
0000
1000
0000
,
1001
0000
0000
0000
,
0010
0000
1000
0000
,
0100
0100
0100
0000
,
1000
0000
0001
0000
,
0010
0010
0000
0000
,
0001
0000
1000
0000
,
0010
0000
0100
0000
,
0001
0000
1000
0000
,
1001
0000
0000
0000
,
0010
0010
0010
0000
,
0000
2000
0000
3000
,
0001
0001
0001
0000
,
0000
0200
0000
0300
,
0010
0010
0010
0000
,
1000
0000
0001
0000
,
0100
0000
0001
0000
,
1000
0000
1001
0000
,
0001
0001
0001
0000
,
0000
0020
0000
0030
,
0100
0100
0100
0000
,
0000
2000
0000
3000
,
0001
0001
0001
0000
,
1000
0000
0100
0000
,
1000
0000
0010
0000
,
0100
0000
1001
0000
,
0010
0010
0010
0000
,
0000
2000
0000
3000
,
0001
0001
0001
0000
,
0000
0200
0000
0300
,
0010
0010
0010
0000
,
1000
0000
0001
0000
,
0010
0000
0001
0000
,
1000
0000
1001
0000
,
0100
0000
0000
0000
;

//---------------dance-single - ----------------
#NOTES:
     dance-single:
     :
     Hard:
     8:
     0.546,0.522,0.513,0.615,0.070,289.000,55.000,66.000,0.000,0.000:
0000
0000
0000
0000
,
0000
0000
0000
0000
,
1010
0011
0101
1100
,
1001
0200
2300
3002
,
0103
1100
1010
0011
,
0101
2000
3020
0230
,
0301
1100
0110
0011
,
1001
0020
0230
0302
,
1003
0000
0100
0000
0010
0001
0010
0200
,
0000
1300
0020
0000
2030
0000
3200
0000
,
0301
0000
0100
1000
0001
0010
0001
0020
,
0000
0031
0200
0000
2300
0000
3200
0000
,
0301
0010
0001
0000
1000
0100
1000
0020
,
0000
0130
0002
0000
0023
0000
2030
0000
,
3010
0000
0000
0001
0000
0000
0100
0000
0000
0000
0001
1000
0000
0001
1000
0000
,
0100
0101
1001
1010
,
0001
0100
0010
2000
0000
3001
0010
0100
,
1000
0100
0010
0100
0000
1000
0001
0010
,
0000
0001
0100
0020
0000
1030
0001
0010
,
0100
1000
0002
0000
0103
0000
0010
0000
,
2100
3001
0012
0103
,
0210
0301
0102
1003
,
0100
0010
0001
0000
1000
0010
0200
0000
,
0301
1100
0101
1100
,
0001
0000
1000
0000
0010
0100
0001
1000
,
0100
0010
0100
2000
0000
3001
0100
0010
,
0000
1000
0100
0010
0001
0010
0100
0010
,
0001
0100
0002
0000
1003
0000
0100
0000
,
0102
1003
1200
0310
,
0120
0031
0012
1003
,
0020
0130
0001
2000
,
3100
0101
1100
0101
,
1000
0000
0200
0000
0001
0300
0200
0000
1000
0300
0200
0000
0001
0300
0200
0000
,
1000
0300
0011
0000
1010
0000
0011
0000
,
1000
0000
0000
0000
0001
0000
0020
0000
1000
0030
0020
0000
0001
0030
0020
0000
,
1000
0030
0001
0000
0101
0000
1100
0000
,
0001
0000
0200
0000
1000
0300
0200
0000
0001
0300
0020
0000
1000
0030
0020
0000
,
0000
0032
0000
0000
1003
0000
0100
0000
,
0010
0000
0000
0001
0000
0000
1000
0000
0000
0000
0001
0100
0000
0001
1000
0000
,
0100
0011
1010
0011
,
0100
0000
0000
0000
0010
0000
2000
0000
0100
3000
2000
0000
0010
3000
2000
0000
,
0100
3000
0011
0000
1100
0000
1001
0000
,
0010
0000
0000
0000
0100
0000
0002
0000
0010
0003
0002
0000
0103
0000
0002
0000
,
0010
0003
1001
0000
0101
0000
1010
0000
,
0100
0000
0002
0000
0010
0003
0002
0000
0100
0003
2000
0000
3100
0000
0002
0000
,
0000
0023
0000
0000
0130
0000
1000
0000
,
0001
0000
0000
1000
0000
0000
0100
0000
0000
0000
1000
0010
0000
1000
0100
0000
,
0010
0000
0000
0001
0000
0000
0100
0000
0001
0000
0000
0000
1001
0000
0000
0000
,
0010
0100
0002
0000
1003
0100
0010
0200
,
0000
1300
0110
0000
0101
0000
1100
0000
,
0001
0010
0200
0000
1300
0001
0100
0020
,
0000
1030
0101
0000
1010
0000
1001
0000
,
1000
0010
0100
0001
1000
0100
0010
0001
,
0020
0032
1003
0100
,
0010
0000
0000
1010
0000
0000
1001
0000
0000
0000
0100
0001
0000
0010
0001
0000
,
1000
0000
0000
1100
0000
0000
0010
0000
0100
0000
0000
0101
0000
0000
1000
0000
,
0100
0000
0000
0000
;

//---------------dance-single - ----------------
#NOTES:
     dance-single:
     :
     Easy:
     5:
     0.340,0.418,0.158,0.354,0.000,200.000,17.000,38.000,0.000,0.000:
0000
0000
0000
0000
,
0000
0000
0000
0000
,
1000
0100
0010
0001
,
2002
0000
0000
3003
,
0010
0001
1000
0100
,
2002
0000
0000
3003
,
0100
0010
1000
0001
,
0220
0000
0000
0330
,
1000
1000
0001
0100
,
0020
1000
1000
1030
,
0001
0010
0100
1000
,
0200
0010
0010
0310
,
0001
1000
0010
0100
,
0002
1000
1000
1003
,
0001
0100
0001
0010
,
0001
1001
1001
1001
,
1000
0100
1000
0010
,
0200
0000
0301
0000
,
1000
0001
0100
0001
,
0010
0100
0000
1000
,
2000
3100
0200
0310
,
0020
0031
2000
3020
,
0230
0302
2003
0002
,
3003
1001
1001
1001
,
0001
1000
0010
0100
,
0001
2000
0000
3001
,
0000
1000
0010
0100
,
0001
1000
0000
0010
,
0020
1030
2000
3001
,
0002
0103
0200
0310
,
2000
3002
0023
0230
,
1300
1001
1001
1001
,
1000
0100
0001
0100
,
2000
0001
0001
3001
,
0001
0100
1000
0100
,
0002
1000
1000
1003
,
0010
1000
0010
0001
,
2000
0010
0010
3010
,
0100
0001
1000
0000
,
0010
0110
0100
0110
,
0001
0100
1000
0100
,
0002
1000
1000
1003
,
1000
0100
0001
0100
,
2000
0001
0001
3001
,
0001
0010
1000
0010
,
0002
1000
1000
1003
,
0100
0010
0001
1000
,
0010
0110
0100
0110
,
0001
1000
0100
0010
,
0200
0010
0010
0310
,
0010
0001
0100
0010
,
0200
0010
0010
0310
,
1000
0100
0010
0001
,
0100
0010
1000
0001
,
0200
0301
0002
1003
,
1000
0001
0010
1001
,
0100
0000
0000
0000
;

//---------------dance-single - ----------------
#NOTES:
     dance-single:
     :
     Medium:
     6:
     0.402,0.418,0.168,0.419,0.000,239.000,18.000,45.000,0.000,0.000:
0000
0000
0000
0000
,
0000
0000
0000
0000
,
2000
3002
2003
3002
,
1003
0110
1001
0110
,
0002
2003
3002
0203
,
0310
0110
1001
0110
,
2000
3200
0320
0032
,
1003
1001
0110
1001
,
0010
1000
0100
0010
,
0001
0100
0001
0000
1000
0000
0200
0000
,
1300
0010
0100
0001
,
1000
0100
1000
0000
0002
0000
0013
0000
,
0100
0000
1000
0000
0001
0100
0001
0000
,
1000
0010
0100
0001
,
2000
0000
0010
0000
3010
0100
0002
0000
,
1000
1000
1003
1001
,
0001
0100
0010
1000
,
0001
0100
0001
0000
0000
1000
0100
0000
,
1000
0001
0010
0001
,
1000
0010
1000
0000
0000
0000
0001
0000
,
2000
3010
0200
0301
,
0020
0130
2000
3001
,
0200
0320
2030
3002
,
0013
0000
0100
0000
1000
0010
1000
0001
,
1000
0010
0100
0001
,
0010
0001
0010
0000
0000
0100
1000
0000
,
0000
0001
0100
0010
,
1000
0001
0100
0000
0000
0000
0010
0000
,
2000
3100
0002
0103
,
2000
3010
0002
0013
,
0200
2300
3002
0023
,
0130
0000
1000
0000
0001
0010
0001
1000
,
0001
0000
0100
0000
0010
1000
0010
1000
,
0000
0002
0203
0320
,
1030
0000
0100
0000
0010
0001
0010
0001
,
0000
2000
3200
0320
,
0031
0100
0001
0000
1000
0000
0010
0000
,
0100
0001
0100
0000
0010
0000
1000
0000
,
0100
0000
0010
0000
0001
0000
1000
0100
,
1000
0000
0001
0100
0001
0000
1001
0000
,
1000
0000
0010
0000
0100
0001
0100
0010
,
0000
2000
3002
0023
,
0130
0000
1000
0000
0001
0100
0010
0100
,
0000
0002
2003
3200
,
0310
0001
0100
0010
,
1000
0001
0100
0010
,
1000
0000
0100
0000
1000
0000
0001
0010
,
0001
0000
0100
0010
0100
0000
1001
0000
,
1000
0000
0100
0000
0010
0100
0010
0001
,
0000
1010
0101
1001
,
0100
0000
0010
0000
1000
0001
0010
0001
,
0000
1100
0011
1001
,
1000
0010
0100
0001
,
0010
0100
1000
0001
,
0100
0000
0010
0000
1000
0000
0001
0010
,
0001
0000
1000
0100
1000
0000
0002
0000
,
0003
0000
0000
0000
;

//---------------dance-double - ----------------
#NOTES:
     dance-double:
     :
     Hard:
     8:
     0.541,0.468,0.466,0.336,0.140,320.000,50.000,36.000,0.000,0.000:
00000000
00000000
00000000
00000000
,
00000000
00000000
00000000
00000000
,
00010000
00000000
00001000
00010000
00001000
00100000
01000000
10000000
,
00010000
02010000
03002000
00023000
,
00030100
00000000
00001000
00000010
00001000
00000001
00000100
00000010
,
00010000
00012000
00203000
00320000
,
10030000
00000000
00000000
00100000
01000000
00000000
00100000
00000000
10000000
00010000
00000000
00000000
00100000
00000000
00001000
00000000
,
00010000
00002100
00003020
00000230
,
00000301
00000100
00000010
00001000
00000010
00010000
00001000
00100000
,
00001000
00110000
01100000
11000000
,
10000000
01000000
00100000
00010000
00100000
00001000
01000000
00010000
,
01000000
00011000
00010100
00001100
,
00001000
00000010
00000100
00000001
00001000
00000001
00000010
00000100
,
00000010
00000011
00001100
00010100
,
00011000
00000000
00000000
00001000
00000000
00000000
01001000
00000000
00000000
00000000
01000000
00010000
00000000
01000000
00100000
00000000
,
10000000
01010000
01001000
01010000
,
02000000
00010000
00001000
03010000
,
01000000
00010000
00100000
00001000
00000000
00010000
00000100
00001000
,
00000020
00001000
00010000
00001030
,
00000010
00000000
00000100
00000000
00000001
00000000
00000000
00000000
00000000
00000010
00000000
00000000
00001100
00000000
00000000
00000000
,
00000100
00010000
00001000
00000000
00001000
01000000
00100000
00000000
,
10000000
01000000
00100000
00010000
01000000
00000000
00100000
00000000
,
10000000
00000000
00000000
00100000
01000000
00000000
00010000
00000000
00100000
00001000
00000000
00000000
00010000
00000000
00000100
00000000
,
00010000
00001100
00000110
00000011
,
00000001
00000100
00000010
00001000
00000010
00010000
00001000
01000000
,
00010000
00100000
01000000
10000000
00000000
00010000
01000000
01000000
,
00100000
10000000
00010000
01000000
00010000
00100000
00001000
00010000
,
00000010
00000000
00001000
00000000
00000010
00000000
00000000
00000000
00000000
00001000
00000000
00000000
00000101
00000000
00000000
00000000
,
00000001
00000000
00000000
00000001
00001000
00000000
00000000
00001000
00000100
00000000
00000000
00000100
00010000
00000000
00000000
00010000
,
00000010
00000100
00000001
00000100
00000010
00001000
00000100
00010000
,
00001000
00000000
00000000
00001000
01000000
00000000
00000000
01000000
00010000
00000000
00000000
00010000
00200000
00000000
00000000
00000000
,
00000000
01300000
10000000
00000000
00000000
00000000
00011000
00000000
,
00010000
00000100
00001000
00000100
00010000
00000100
00001000
00000010
,
00000100
00000102
00002003
00003020
,
00000130
00000001
00001000
00000001
00000010
00000001
00000100
00000010
,
00001000
00001020
00020030
00032000
,
01003000
00010000
00100000
00010000
10000000
00010000
01000000
00200000
,
00000000
10300000
02010000
00000000
03002000
00000000
00013000
00000000
,
00011000
00000000
00000000
00010000
00000000
00000000
00010100
00000000
00000000
00000000
00000100
00001000
00000000
00000100
00000010
00000000
,
00000001
00000000
00000000
00000010
00000000
00000000
00000001
00000000
00001000
00000000
00000000
00000000
00000110
00000000
00000000
00000000
,
00000010
00010000
00001000
00000100
00001000
00010000
00100000
10000000
,
01000000
20010000
30200000
02300000
,
03010000
00100000
00001000
00010000
00100000
00010000
00001000
00000100
,
00000010
00002010
00003002
00000203
,
00000310
00001000
00000010
00000100
00001000
00000100
00000010
00020000
,
00000000
00031000
00210000
00000000
02300000
00000000
13000000
00000000
,
01010000
00000000
00000000
01000000
00000000
00000000
01001000
00000000
00000000
00000000
00010000
00001000
00000000
00100000
00001000
00000000
,
00010000
00000000
00000000
00000100
00000000
00001000
00000100
00000000
00000010
00000000
00000000
00000000
00001001
00000000
00000000
00000000
,
00000011
00000000
00000110
00000000
00001100
00000100
00010000
00001000
,
01000000
02010000
03200000
10300000
,
01010000
00000000
01001000
00000000
00011000
00010000
00000100
00001000
,
00000010
00002010
00003002
00001003
,
00001010
00000010
00010000
00000000
00011000
00010000
00001000
00100000
,
00010000
02100000
23000000
30010000
,
01010000
00000000
00000000
01000000
00000000
00000000
01100000
00000000
00000000
00000000
00100000
10000000
00000000
00100000
01000000
00000000
,
00010000
00000000
00000000
00100000
00000000
00001000
00010000
00000000
00011000
00000000
00000000
00000000
00010100
00000000
00000000
00000000
;

//---------------dance-double - ----------------
#NOTES:
     dance-double:
     :
     Easy:
     4:
     0.262,0.338,0.028,0.270,0.000,165.000,3.000,29.000,0.000,0.000:
00000000
00000000
00000000
00000000
,
00000000
00000000
00000000
00000000
,
00100000
01000000
00100000
01000000
,
00002000
00000000
00000000
00003000
,
00001000
00010000
00001000
00010000
,
00000020
00000000
00000000
00000030
,
00001000
00000001
00001000
00000001
,
00000200
00000000
00000000
00000300
,
00000010
00001000
00000010
00000100
,
00000001
00000000
00001000
00000000
,
00000100
00001000
00000100
00010000
,
00001000
00000000
00010000
00000000
,
00001000
00010000
00001000
01000000
,
00100000
00000000
01000000
00000000
,
00100000
10000000
00200000
00000000
,
00000000
01300000
01000000
01000000
,
00010000
00100000
00001000
00010000
,
00000100
00001000
00000000
00000010
,
00000100
00000001
00001000
00000100
,
00000010
00000001
00000000
00001000
,
00000020
00000230
00000320
00000230
,
00000301
00001000
00000100
00010000
,
00002000
00023000
00032000
00023000
,
00030100
00001000
00001000
00001000
,
00000010
00001000
00000010
00000000
,
00010000
00000000
00001000
00000000
,
01000000
00010000
01000000
00000000
,
00001000
00000000
00100000
00000000
,
00020000
20030000
30020000
20030000
,
30100000
01000000
00010000
00100000
,
00002000
00023000
00032000
00023000
,
00030100
00000100
00000000
00000100
,
00000010
00000001
00000010
00000001
,
00001000
00000000
00000100
00000000
,
00000010
00000100
00001000
00000100
,
00010000
00000000
00001000
00000000
,
00100000
00010000
01000000
00100000
,
10000000
00000000
00010000
00000000
,
10000000
01000000
00200000
00000000
,
00320000
00000000
10030000
10010000
,
00010000
01000000
00001000
00010000
,
00000200
00000000
00000000
00000300
,
00001000
00000100
00010000
00001000
,
02000000
00000000
00000000
03000000
,
00010000
00100000
01000000
10000000
,
00020000
00000000
00000000
00030000
,
00100000
00001000
00020000
00000000
,
00030200
00000000
00001300
00001001
,
00001000
00000010
00001000
00000000
,
00000001
00000100
00000100
00000100
,
00000010
00001000
00000010
00000000
,
00010000
00001000
00001000
00001000
,
00100000
00010000
00100000
00000000
,
00010000
01000000
01000000
01000000
,
00100000
00000000
20000000
00000000
,
30020000
00000000
01030000
10010000
;

//---------------dance-double - ----------------
#NOTES:
     dance-double:
     :
     Medium:
     6:
     0.385,0.416,0.130,0.457,0.000,226.000,14.000,49.000,0.000,0.000:
00000000
00000000
00000000
00000000
,
00000000
00000000
00000000
00000000
,
00000010
00000000
00001000
00000000
00000010
00000000
00000100
00000001
,
00000200
00000000
00000000
00000300
,
00000010
00000000
00001000
00000000
00000010
00000000
00010000
00001000
,
00020000
00000000
00000000
00030000
,
00001000
00000000
01000000
00000000
00001000
00000000
00100000
00010000
,
00200000
00000000
00000000
00300000
,
00010000
00000000
10000000
00000000
01000000
00000000
10000000
00100000
,
20000000
00010000
00010000
30010000
,
10000000
00000000
00100000
00000000
01000000
00000000
00001000
00010000
,
00002000
00010000
00010000
00013000
,
00001000
00000000
00010000
00000000
00000100
00000000
00001000
00000010
,
00002000
00000001
00000001
00003001
,
00001000
00000010
00000110
00000001
,
00001000
00000101
00001001
00001100
,
00000100
00010000
00001000
01000000
,
00100000
10000000
00100000
10000000
00000000
00000000
00010000
00000000
,
01000000
00100000
10000000
01000000
,
00100000
00010000
00100000
00000000
00001000
00000000
00011000
00000000
,
00020000
00030200
00002300
00003200
,
00010300
00001000
01000000
00010000
,
00200000
00320000
02030000
03200000
,
10300000
11000000
10010000
01010000
,
00010000
01000000
00100000
00000000
,
10000000
00000000
00010000
01000000
00000000
01000000
00010000
00000000
,
00100000
00001000
00010000
00000000
,
00000100
00000010
00000001
00000000
00001000
00000000
00001001
00000000
,
00000002
00000203
00000320
00000230
,
00000310
00001000
00000100
00010000
,
00002000
00023000
00030200
00002300
,
00003001
00001000
00000000
00000001
,
00000100
00000000
00000010
00001000
00000010
00000000
00001000
00000000
,
00000100
00000020
00000032
00000023
,
00000130
00000000
00001000
00000000
00000100
00001000
00000100
00000000
,
00010000
00002000
00203000
00320000
,
01030000
00000000
00100000
00000000
10000000
00010000
10000000
00000000
,
00100000
02000000
03020000
00230000
,
00310000
10000000
11000000
01000000
,
00100000
00001000
00010000
00011000
,
00010000
00000000
00000100
00000000
00001000
00000010
00000100
00000000
,
00000001
00002000
00003200
00002300
,
00003010
00000000
00000100
00000000
00000010
00001000
00000100
00000000
,
00010000
00002000
00203000
00320000
,
01030000
00000000
00010000
00000000
00100000
01000000
10000000
00000000
,
01000000
00200000
00302000
00203000
,
00310000
10000000
00100000
01100000
,
00100000
10000000
00010000
01100000
,
10000000
00000000
00010000
00000000
00100000
00001000
00100000
00001000
,
00010000
00000200
00002300
00003200
,
00000310
00000000
00000001
00000000
00001000
00000100
00001000
00000100
,
00000010
00000002
00002003
00003200
,
00010300
00000000
00001000
00000000
00100000
00010000
00100000
00010000
,
01000000
00200000
20300000
30020000
,
10030000
00100000
10000000
00010000
,
00100000
00001000
00010000
00011000
;
