#TITLE:Radical Faith;
#SUBTITLE:;
#ARTIST:TaQ;
#TITLETRANSLIT:;
#SUBTITLETRANSLIT:;
#ARTISTTRANSLIT:;
#CREDIT:;
#BANNER:Radical Faith.png;
#BACKGROUND:Radical Faith-bg.png;
#LYRICSPATH:;
#CDTITLE:./CDTITLES/DANCE DANCE REVOLUTION 5TH MIX.PNG;
#MUSIC:Radical Faith.mp3;
#OFFSET:-0.067;
#SAMPLESTART:8.430;
#SAMPLELENGTH:12.000;
#SELECTABLE:YES;
#BPMS:0.000=114.000;
#STOPS:;
#BGCHANGES:;
// cache tags:
#FIRSTBEAT:6.000;
#LASTBEAT:191.000;
#SONGFILENAME:Songs/Techno/Radical Faith/Radical Faith.sm;
#HASMUSIC:1;
#HASBANNER:1;
#MUSICLENGTH:101.067;
// end cache tags

//---------------dance-single - ----------------
#NOTES:
     dance-single:
     :
     Easy:
     4:
     0.252,0.260,0.000,0.000,0.000,178.000,0.000,0.000,0.000,0.000:
0000
0000
0000
0000
,
0000
0000
0000
0000
,
1000
0000
0010
0000
0100
0000
0001
0001
,
0000
0000
0000
0000
0000
0000
1000
1000
,
1000
0000
0001
0000
1000
0001
1000
0001
,
1000
0000
0001
0001
,
0100
0000
0010
0000
0100
0010
0100
0010
,
0100
0000
0001
1000
,
0010
1000
0001
0100
,
0010
1000
0001
0001
,
1000
0010
0100
0001
,
1000
0010
0100
0100
,
0001
0000
0000
0000
0000
1000
0001
0000
,
0100
0000
0010
0100
,
0010
0000
0000
0100
,
0010
0000
0000
0000
0000
0000
0100
0010
,
1000
0000
1000
0000
0001
0001
0001
0001
,
0100
0100
0100
0010
,
1000
0001
0010
0010
,
0001
0000
0100
0000
0010
0000
1000
1000
,
0010
0000
0000
0000
0010
0100
0010
0000
,
0001
0000
1000
1000
,
0010
0000
0100
0001
,
1000
0000
1000
1000
,
0010
0000
0000
0010
,
0100
0000
0000
0100
,
0001
0000
0000
0001
,
1000
0000
0000
0000
1000
0001
1000
0001
,
1000
0000
0000
0000
0000
0000
0001
1000
,
0001
0000
0100
0100
,
0010
0000
0000
0000
0000
0000
0100
0010
,
0100
0001
1000
0000
,
0010
0000
0010
0000
0010
0100
0010
0000
,
1000
0001
1000
0010
,
0100
0000
0100
0000
0100
0010
0100
0000
,
0001
1000
0001
0100
,
0010
0000
1000
0000
0010
1000
0010
0000
,
0100
0000
0001
0000
0100
0001
0100
0000
,
0010
0000
0100
0000
0010
1000
0010
0000
,
0100
0000
0100
0000
0001
1000
0001
0000
,
0010
0000
0000
0000
0001
0001
0001
0000
,
1000
0000
0000
0000
0100
0100
0100
0000
,
0010
0001
1000
0100
,
0010
0000
0000
0000
0001
1000
0001
0000
,
0100
0001
1000
0010
,
1000
0100
0010
0001
,
0010
0100
1000
0001
,
0100
0000
0100
0000
0001
1000
0001
0000
;

//---------------dance-single - ----------------
#NOTES:
     dance-single:
     :
     Medium:
     6:
     0.379,0.401,0.049,0.000,0.005,263.000,5.000,0.000,0.000,0.000:
0000
0000
0000
0000
,
0000
0000
0000
0000
,
1000
0010
0100
0000
0001
0001
1000
0001
,
0100
0000
0000
0000
0000
0010
0110
0110
,
0100
0000
0001
0000
1000
0010
0100
0000
,
0001
0000
0100
0010
1000
0001
1000
0000
,
0010
0000
0010
0100
0001
0100
0001
0000
,
1000
0000
1000
0000
1000
0100
1000
0100
,
1000
0000
0010
0000
0100
0001
0100
0001
,
1000
0000
1000
0010
1000
0010
0100
0000
,
0001
0000
0100
0000
0010
1000
0100
0000
,
0010
0000
0010
0001
1000
0100
1000
0000
,
0001
0000
0000
0000
0000
0000
1100
1100
,
1000
0000
0010
0000
0100
0000
0001
1000
,
0001
1000
0000
0000
0010
0010
0010
0100
,
0001
0000
0001
0000
0001
0000
0001
1000
,
0010
0100
0010
0000
1000
0010
0100
0001
,
1000
0000
1000
0000
0100
0010
0001
0000
,
0100
0000
0010
1000
0010
0000
0100
0100
,
0001
0000
0001
1000
0010
0000
0010
0010
,
0100
0000
0010
1000
1000
0001
0001
0001
,
1000
0000
0000
0000
1000
1000
1000
0001
,
0100
0000
0100
0010
1000
0010
0100
0001
,
1000
0000
1000
1000
0010
0000
0100
0101
,
0000
1000
1000
0000
0010
0000
0100
0100
,
0000
0001
0001
0000
1000
0000
0100
0000
,
0010
0000
0000
0000
0010
0000
0100
0100
,
1000
0000
0000
0000
0001
1000
0001
0000
,
0100
0000
0100
0001
1000
0010
1000
0010
,
0100
0000
0100
0000
0010
1000
0001
0000
,
0010
0000
0010
0001
1000
0100
1000
0100
,
0010
0000
0010
0000
0100
1000
0001
0000
,
0100
0010
0100
0010
1000
0010
1000
0010
,
0100
0001
0100
0001
0010
0001
0010
0001
,
1000
0100
0010
0001
1000
0100
0010
0001
,
1000
0000
1000
0000
1000
0000
0001
0001
,
0100
0000
0000
0000
0001
0100
0010
1000
,
0001
0000
0000
0000
0010
0001
1000
0100
,
1000
0010
0100
0000
1000
0010
0100
0000
,
0001
0000
0001
0000
0001
0100
0001
0000
,
1000
0010
0100
0001
1000
0000
0000
0000
,
1000
0010
0100
0001
1000
0000
0000
0000
,
1000
0100
0010
0001
1000
0000
0000
0000
,
1000
0100
0010
0001
1000
0100
0010
0001
,
0100
0000
0100
0000
0001
0100
1000
0100
,
0001
0000
0001
0000
1000
0010
1000
0000
,
0001
0100
0010
0000
0010
1000
0100
1000
,
0001
0000
0000
0000
0001
0000
1000
0000
0010
0000
0100
0001
0000
0000
0000
0000
;

//---------------dance-single - ----------------
#NOTES:
     dance-single:
     :
     Hard:
     8:
     0.523,0.495,0.099,0.000,0.267,360.000,10.000,0.000,0.000,0.000:
0000
0000
0000
0000
,
0000
0000
0000
0000
,
0100
0000
0001
0000
1000
0100
0000
0000
1000
0000
1000
0000
0010
0000
0100
0000
,
0001
1000
0001
1000
0001
0001
0011
1001
,
0100
0000
0010
0000
0100
0001
0000
0001
1000
0000
1000
0000
1000
0000
1000
0000
,
0010
0000
0100
0000
0010
1000
0000
1000
0001
0000
0001
0000
0100
0000
0001
0000
,
1000
0000
0010
0000
0100
0001
0000
0001
1000
0000
0010
0000
1000
0000
1000
0000
,
0010
0000
0100
0000
0001
1000
0000
1000
0010
0000
0000
0000
0001
0000
1001
0000
,
1000
0000
0010
0000
0100
0000
0001
0000
0001
0000
1000
0000
0100
1000
0100
1000
,
0100
0000
0010
0000
0001
0000
0100
0000
0001
0100
0001
0100
0001
0000
0000
0000
,
1000
0000
0010
0000
0100
0000
0010
0000
1000
0010
1000
0010
0100
0000
0010
0000
,
1000
0000
0000
0000
0001
0100
0001
0000
1000
0000
1000
0000
1000
0000
0000
0000
,
0010
0000
0100
0000
0001
1000
0000
0001
1000
0000
0010
0000
0100
0000
0100
0000
,
0001
0000
0001
0000
0001
1000
0000
0010
1000
0000
0000
0000
0001
0000
0001
0000
,
0000
0100
0000
0010
0000
1000
0000
0010
,
0000
1000
0000
0001
0100
0010
0100
0010
,
1000
0010
0100
0001
0001
1000
0010
0010
,
0100
0001
0100
0001
1000
1000
0010
0100
,
0001
0001
0100
0000
0001
0100
1000
0100
,
0010
0100
0001
0000
1000
0001
0100
0000
,
0010
0000
0100
0000
0010
0000
0000
1000
0001
0000
0100
0000
0001
0000
0010
0000
,
0001
0000
0001
0000
0100
0000
0000
0010
1000
0000
0001
0000
1000
0000
1000
0000
,
0010
0000
0100
0010
1000
0001
0100
0001
,
1000
0010
1000
0000
0010
0000
0010
1010
,
0100
0000
0001
0001
0010
0001
0100
0000
,
0001
0100
0001
0010
0001
1000
0100
1000
,
0010
0110
0000
1000
,
0010
0100
0001
0100
0010
1000
1000
0000
,
0010
1000
0001
0100
0010
1000
1000
1000
,
0001
1000
0100
0010
0001
0100
0100
0100
,
0010
0100
0010
1000
0001
0010
0010
0010
,
0001
1000
0000
0000
0001
0100
0000
0000
0001
1000
0001
0100
0001
1000
0001
0100
,
0010
0000
0100
0000
0010
1000
0000
1000
0001
0000
0001
0000
0001
0000
0001
0000
,
0100
0000
0010
0000
0100
0001
0000
0001
1000
0000
1000
0000
0010
0000
1000
0000
,
0001
0000
0100
0000
0010
1000
0000
1000
0001
0000
0100
0000
0001
0000
0001
0000
,
0100
0000
0010
0000
1000
0001
0000
0001
0100
0000
0000
0000
1000
0000
1001
0000
,
0001
0000
0100
0000
0010
0000
1000
0000
1000
0000
0001
0000
0010
0001
0010
0001
,
0010
0000
0100
0000
1000
0000
0010
0000
1000
0010
1000
0010
1000
0000
0000
0000
,
0001
0000
0100
0000
0010
0000
0100
0000
0001
0100
0001
0100
0010
0000
0100
0000
,
0001
0000
0000
0000
1000
0010
1000
0000
0001
0000
0001
0000
0001
0000
0000
0000
,
0100
0000
0000
0000
0000
0000
0000
0000
1000
0100
0001
0100
1000
0100
0001
0100
,
1000
0000
0000
0000
0000
0000
0000
0000
0010
0001
0100
0001
0010
0001
0100
0001
,
0010
0000
0000
0000
0001
0000
1000
0010
,
0100
0000
0100
0000
0100
0001
1000
0010
,
0100
0001
0100
0000
0010
1010
0110
0000
,
0001
1000
0100
0000
1000
1010
1001
0000
,
1000
0010
0100
0001
0010
0100
1000
0001
,
0100
0000
0100
0000
0100
0010
0100
0010
0100
0000
0001
1000
0000
0000
0000
0000
;

//---------------dance-double - ----------------
#NOTES:
     dance-double:
     :
     Easy:
     3:
     0.245,0.236,0.000,0.000,0.000,173.000,0.000,0.000,0.000,0.000:
00000000
00000000
00000000
00000000
,
00000000
00000000
00000000
00000000
,
00010000
00000000
00000010
00001000
,
00000001
00000000
00000100
00000100
,
00000010
00001000
00010000
01000000
,
00100000
00100000
10000000
01000000
,
00100000
00001000
00010000
01000000
,
10000000
10000000
00100000
00001000
,
00000010
00001000
00000100
00001000
,
00000001
00000001
00000100
00000010
,
00010000
00010000
00001000
00010000
,
00100000
01000000
00010000
10000000
,
00100000
00000000
00000000
00000000
00000000
00000000
00001000
00000010
,
00000100
00000000
00000000
00000001
,
00001000
00000000
00100000
01000000
,
00010000
10000000
00100000
00100000
,
01000000
00000000
00001000
00001000
,
00010000
00000010
00001000
00000010
,
00000100
00000100
00000001
00001000
,
00000010
00000000
00001000
00100000
,
01000000
01000000
00010000
00100000
,
00001000
00100000
00001000
01000000
,
00010000
00100000
00001000
00010000
,
00000010
00000010
00001000
00000100
,
00000001
00000000
00001000
00010000
,
01000000
00000000
00100000
00001000
,
00000010
00000000
00000010
00001000
,
00000001
00001000
00000010
00000100
,
00000010
00010000
00001000
01000000
,
00100000
01000000
00100000
10000000
,
00010000
01000000
00001000
00010000
,
00000010
00000000
00000010
00000000
00000000
00000000
00000100
00000100
,
00000010
00010000
00001000
01000000
,
00010000
10000000
00100000
01000000
,
00100000
00010000
00001000
00000100
,
00000010
00000010
00000001
00001000
,
00000010
00001000
00010000
01000000
,
00100000
10000000
00010000
01000000
,
00100000
10000000
00100000
01000000
,
00010000
00010000
01000000
00001000
,
00010000
00000010
00001000
00000001
,
00000100
00000100
00000010
00001000
,
00000100
00010000
00001000
00100000
,
00010000
00000000
01000000
00000000
00100000
00000000
10000000
10000000
,
00010000
01000000
00001000
00010000
,
00000010
00001000
00000100
00001000
,
00000001
00000001
00000100
00000010
,
00001000
00000000
01000000
00010000
;

//---------------dance-double - ----------------
#NOTES:
     dance-double:
     :
     Medium:
     6:
     0.366,0.495,0.000,0.000,0.035,259.000,0.000,0.000,0.000,0.000:
00000000
00000000
00000000
00000000
,
00000000
00000000
00000000
00000000
,
10000000
01000000
00010000
00000000
00001000
00000000
00001000
00000000
,
00000010
00000000
00000001
00000000
00001000
00000100
00000001
00000000
,
00000100
00000000
00001000
00000000
00010000
00000000
01000000
00100000
,
10000000
00000000
00010000
00000000
01000000
00100000
10000000
00000000
,
00010000
01000000
00001000
00000100
,
00000010
00000000
00001000
00000000
00000001
00000001
00000100
00000001
,
00001000
00000000
00000010
00010000
00001000
01000000
00010000
01000000
,
00100000
00100000
10000000
10000000
,
00010000
00000000
01000000
00001000
00010000
00000000
00010000
00000010
,
00000100
00000000
00000100
00000000
00000001
00000000
00001000
00000010
,
00000100
00000000
00000000
00000000
00000010
00001000
00010000
00000000
,
01000000
00000000
00000000
00000000
01000000
00100000
01000000
00100000
,
10000000
10000000
00000000
00000000
00000000
00001000
00010000
00000000
,
00000010
00000000
00001000
00000000
00000010
00000010
00000100
00000001
,
00001000
00000010
00000100
00000000
00001000
00000001
00000100
00000100
,
00000010
00000000
00010000
00000000
00001000
00100000
00010000
00000000
,
01000000
00010000
10000000
00100000
,
01000000
00000000
01000000
00010000
10000000
00000000
10000000
00100000
,
01000000
00010000
01000000
00010000
10000000
00100000
10000000
00100000
,
01000000
00001000
01000000
00001000
00010000
00000000
00010000
00001000
,
00010000
00000010
00000100
00000010
00001000
00000000
00001000
00000001
,
00000100
00000000
00000010
00000000
00001000
00000000
00000000
00000000
00000001
00000000
00001000
00000001
00000000
00000000
00000000
00000000
,
00000100
00000000
00000000
00000000
00000100
00010000
01000000
00000000
,
01000000
00000000
00000000
00000000
01000000
00010000
00000100
00000000
,
00000001
00000000
00001000
00000000
,
00000010
00001000
00010000
01000000
,
00010000
00000000
01000000
00000000
00010000
01000000
10000000
01000000
,
00010000
00100000
00001000
00010000
,
00000100
00000000
00000100
00000000
00001000
00000100
00000001
00000100
,
00001000
00000010
00000100
00000001
,
00001000
00000000
00000100
00000000
00010000
00001000
00010000
00001000
,
01000000
00001000
00100000
00000000
00010000
00000000
00010000
00000000
,
10000000
00000000
00100000
00000000
01000000
00001000
01000000
00001000
,
00010000
00000010
00000100
00000001
00001000
00000000
00001000
00000010
,
00000100
00000001
00000100
00000000
00000010
00001000
00010000
00001000
,
00000010
00010000
01000000
01000000
,
00100000
10000000
00010000
01000000
00100000
00100000
10000000
00010000
,
01000000
00000000
01000000
00000000
00100000
00000000
00000000
00000000
10000000
00000000
00010000
10000000
00000000
00000000
00000000
00000000
,
00100000
00000000
00100000
00000000
00100000
00010000
00001000
00000010
,
00000100
00000000
00000100
00000000
00001000
00000001
00001000
00000000
,
00000010
00000000
00010000
00001000
00010000
00000000
01000000
01000000
,
10000000
00000000
10000000
00000000
10000000
00100000
01000000
00010000
,
01000000
00001000
00010000
00000010
00000100
00000100
00000001
00000001
,
00001000
00000000
00000100
00000000
00001000
00000000
00000010
00000000
00000100
00000001
00000100
00000001
00000100
00000001
00000100
00000001
,
00000100
00000000
00000000
00000010
00010000
00001000
01000000
00100000
,
10000000
00000000
00000000
00000000
10000000
00000000
00100000
00000000
01000000
00000000
00010000
10000000
00000000
00000000
00000000
00000000
;

//---------------dance-double - ----------------
#NOTES:
     dance-double:
     :
     Hard:
     8:
     0.560,0.542,0.000,0.000,0.678,396.000,0.000,0.000,0.000,0.000:
00000000
00000000
00000000
00000000
,
00000000
00000000
00000000
00000000
00000000
00000000
00000000
00000000
00100000
00000000
10000000
01000000
10000000
01000000
10000000
00000000
,
00010000
00000000
01000000
00000000
00010000
10000000
00000000
00000000
00010000
00100000
00010000
00100000
00010000
00000000
10000000
00000000
,
00000000
01000000
00000000
00010000
00000000
00001000
00000000
00000010
,
00000001
00000000
00001000
00000000
00000010
00000100
00000000
00000000
00001000
00000000
00010000
00000000
01000000
00000000
10000000
00000000
,
00010000
00000000
01000000
00000000
00100000
10000000
00000000
00000000
00010000
00000000
01000000
00000000
00001000
00000000
00010000
00000000
,
00000010
00000000
00000001
00000000
00000010
00001000
00000000
00000000
00000100
00000000
00001000
00000000
00000010
00000000
00000100
00000000
,
00001000
00000000
00010000
00000000
01000000
10000000
00000000
00000000
00010000
00000000
01000000
00000000
10000000
00000000
01000000
00000000
,
00100000
00000000
00010000
00000000
10000000
01000000
00000000
00000000
00010000
00000000
00001000
00000000
00000010
00000000
00000001
00000000
,
00001000
00000000
00001000
00000000
00000100
00010000
00000000
00000000
00001000
00000000
00100000
00000000
00001000
00000000
00000100
00000000
,
00000001
00000000
00000010
00000000
00000100
00001000
00000000
00000000
00000010
00000000
00010000
00000000
00001000
00000000
01000000
00000000
,
00100000
00000000
10000000
00000000
01000000
00100000
00000000
00000000
00010000
00000000
01000000
00000000
00001000
00000000
00000100
00000000
,
00000001
00000000
00000010
00000000
00000100
00001000
00000000
00000000
00000001
00000000
00000001
00000000
00000001
00000000
00000001
00000000
,
00000100
00000000
00000010
00000000
00001000
00000100
00000000
00000000
00010000
00000000
00010000
00000000
00010000
00000000
00010000
00000000
,
00001000
00000000
00100000
00000000
00010000
01000000
00000000
00000000
00100000
00000000
00100000
00000000
00100000
00000000
00100000
00000000
,
10000000
01000000
10000000
00000000
00010000
01000000
00010000
00000000
00100000
00001000
00010000
00001000
00010000
00001000
01000000
00000000
,
00010000
00000000
10000000
00000000
00100000
01000000
00000000
00000000
00010000
00000000
00100000
00000000
00001000
00000000
00010000
00001000
,
00010000
00000000
00000010
00000000
00001000
00000100
00000000
00000000
00000010
00000000
00000001
00000000
00000100
00000000
00000010
00000000
,
00001000
00000000
00000100
00000000
00010000
00001000
00000000
00000000
00100000
00000000
10000000
00000000
00100000
00000000
00010000
01000000
,
00010000
00000000
00100000
00000000
00001000
00010000
00000000
00000000
00000100
00000000
00000010
00000000
00000001
00000000
00001000
00000000
,
00000010
00000000
00000100
00000000
00000010
00000100
00000000
00000000
00001000
00000000
00010000
00000000
01000000
00000000
10000000
00010000
,
10000000
00000000
01000000
00000000
00100000
00010000
00000000
00000000
01000000
00000000
00001000
00000000
00010000
00000000
00000010
00000000
,
00001000
00000000
00000001
00000000
00000010
00000100
00000000
00000000
00001000
00000000
00000010
00000000
00000100
00000000
00000010
00001000
,
00000010
00000000
00010000
00000000
00001000
00010000
00000000
00000000
00000010
00000000
00000100
00000000
00001000
00000000
00010000
00000000
,
01000000
00000000
00000000
01000000
10000000
01000000
00000000
00100000
00000000
00001000
00000000
00010000
00000000
00000100
00000000
00000000
,
00000010
00000000
00000000
00000001
00000100
00000001
00000000
00000010
00000000
00001000
00000000
00010000
00000000
00100000
00000000
00000000
,
10000000
00000000
00000000
00010000
00100000
00010000
00000000
01000000
00000000
00001000
00000000
00010000
00000000
00000010
00000000
00000000
,
00000100
00000000
00000000
00000001
00000010
00000001
00000000
00001000
00000000
00000100
00000000
00010000
00000000
00001000
00000000
00000000
,
00100000
00000000
00000000
00010000
10000000
00010000
00000000
01000000
00000000
00100000
00000000
10000000
00000000
01000000
00000000
00000000
,
00100000
00000000
00000000
00001000
00010000
00001000
00000000
00000010
00000000
00000001
00000000
00000100
00000000
00000010
00000000
00000000
,
00001000
00000000
00000000
00000100
00000010
00000100
00000000
00001000
00000000
00000010
00000000
00010000
00000000
00001000
00000000
00000000
,
00100000
00010000
00000000
00000000
01000000
00100000
00000000
00000000
10000000
01000000
00000000
00000000
00010000
00001000
00000000
00000000
,
00000010
00000000
00000001
00000000
00000100
00000010
00000000
00000010
00000000
00001000
00000100
00001000
00000100
00001000
00000100
00000000
,
00010000
00000000
00001000
00000000
01000000
00100000
00000000
00100000
00000000
10000000
01000000
10000000
01000000
10000000
01000000
00000000
,
00100000
00000000
00010000
00000000
01000000
00001000
00000000
00001000
00000000
00100000
00010000
00100000
00010000
00100000
00010000
00000000
,
01000000
00000000
00001000
00000000
00010000
00000010
00000000
00000010
00000000
00001000
00000100
00001000
00000100
00001000
00000100
00000000
,
00000010
00000000
00000001
00000000
00000100
00000010
00000000
00000010
00000000
00001000
00000100
00010000
00000100
00001000
00000100
00000000
,
00010000
00000000
00001000
00000000
00100000
00010000
00000000
00010000
00000000
10000000
00100000
01000000
00100000
10000000
00100000
00000000
,
01000000
00000000
00010000
00000000
00100000
00001000
00000000
00001000
00000000
00010000
00000100
00001000
00000100
00010000
00000100
00000000
,
00001000
00000000
00000001
00000000
00000100
00000010
00000000
00000010
00000000
00001000
00000001
00000000
00000000
00000000
00000000
00000000
,
00000010
00000100
00000000
00000000
00010000
00001000
00000000
01000000
00000000
00100000
10000000
00000000
01000000
00000000
00000000
00000000
,
00100000
00010000
00000000
00000000
01000000
00001000
00000000
00010000
00000000
00000010
00001000
00000000
00000100
00000000
00000000
00000000
,
00000010
00000001
00000000
00000000
00000100
00000010
00000000
00001000
00000000
00000100
00010000
00000000
00001000
00000000
00000000
00000000
,
00100000
00010000
00000000
00000000
10000000
00100000
00000000
00000000
01000000
00000000
00010000
00000000
00100000
00000000
01000000
00000000
,
00010000
00000000
00001000
00000000
00000100
00000001
00000000
00000000
00000010
00000000
00000100
00001000
00000000
00000000
00000000
00000000
,
00000010
00000000
00010000
00000000
00001000
01000000
00000000
00000000
00100000
00000000
10000000
00000000
01000000
00000000
00100000
00000000
,
00001000
00000000
00000100
00000000
00000001
00000010
00000100
00000000
,
00001000
00000000
00000010
00000000
00010000
00001000
00000000
00100000
00000000
00010000
10000000
00000000
00000000
00000000
00000000
00000000
;

//---------------dance-single - beginner----------------
#NOTES:
     dance-single:
     beginner:
     Beginner:
     1:
     0.146,0.188,0.089,0.000,0.000,94.000,9.000,0.000,0.000,0.000:
0000
0000
0000
0000
,
0000
0000
0000
0001
,
0001
0000
0000
1000
,
1000
0000
0000
0000
,
0000
0001
0000
1000
,
0000
0001
0000
1000
,
0000
0010
0000
0100
,
0000
0100
0100
0100
,
0000
1000
0000
0001
,
0000
1000
0000
0001
,
0000
0010
0000
0100
,
0000
0100
0100
0100
,
0100
0000
0000
0000
,
0110
0000
0000
0000
,
0001
0001
0000
0000
,
0010
0010
0010
0010
,
0000
0000
0000
0000
,
0100
0100
0000
0000
,
0001
0001
0000
0000
,
1000
1000
1000
1000
,
1000
1000
0000
0000
,
0100
0100
0000
0000
,
1000
1000
0000
0000
,
0001
0001
0001
0001
,
0001
0000
1000
0000
,
0001
0000
0100
0000
,
0001
0000
1000
0000
,
0001
0000
0100
0000
,
1000
0000
0001
0000
,
1000
0000
0100
0000
,
1000
0000
0001
0000
,
1000
0000
0100
0000
,
1001
0000
0000
0001
,
0001
0000
0000
0110
,
0110
0000
0000
1000
,
1000
0000
0000
1001
,
1001
0000
0000
1000
,
1000
0000
0000
0110
,
0110
0000
0000
0001
,
0001
0000
0000
1001
,
0000
0000
0000
0000
,
1000
1000
0000
0000
,
0001
0001
0000
0000
,
1000
1000
0000
0000
,
0001
0000
1000
0000
,
0010
0000
0100
0000
,
1000
0000
0001
0000
,
0010
0000
0100
0000
;
