#TITLE:Tues Foutu;
#SUBTITLE:(Tournamix Edit);
#ARTIST:In-Grid;
#TITLETRANSLIT:;
#SUBTITLETRANSLIT:;
#ARTISTTRANSLIT:;
#CREDIT:;
#BANNER:Tues Foutu (Tournamix Edit) BN.png;
#BACKGROUND:Tues Foutu (Tournamix Edit) BG.png;
#LYRICSPATH:;
#CDTITLE:tuesfuotu-CDTitle.png;
#MUSIC:Tues Foutu (Tournamix Edit).mp3;
#OFFSET:-0.249;
#SAMPLESTART:61.985;
#SAMPLELENGTH:18.896;
#SELECTABLE:YES;
#BPMS:0.000=132.000;
#STOPS:;
#BGCHANGES:;
// cache tags:
#FIRSTBEAT:4.000;
#LASTBEAT:229.500;
#SONGFILENAME:Songs/DDI/Tues Foutu (Tournamix Edit)/Tues Foutu (Tournamix Edit).sm;
#HASMUSIC:1;
#HASBANNER:1;
#MUSICLENGTH:106.448;
// end cache tags

//---------------dance-single - ----------------
#NOTES:
     dance-single:
     :
     Easy:
     4:
     0.255,0.268,0.254,0.132,0.000,149.000,27.000,14.000,0.000,0.000:  // measure 1
0000
0000
0000
0000
,  // measure 2
1001
0000
0000
0000
,  // measure 3
0110
0000
0000
0000
,  // measure 4
2200
0000
0000
3300
,  // measure 5
0202
0000
0000
0303
,  // measure 6
0220
0000
0000
0330
,  // measure 7
2002
0000
0000
3003
,  // measure 8
0220
0000
0000
0330
,  // measure 9
2002
0000
0003
3000
,  // measure 10
0220
0000
0330
0000
,  // measure 11
0000
0000
0000
0000
,  // measure 12
1000
0100
0001
0000
,  // measure 13
0100
0010
1000
0000
,  // measure 14
0100
0001
0100
0000
,  // measure 15
0010
0100
0010
0000
,  // measure 16
1000
0100
1000
0000
,  // measure 17
0001
0100
0001
0000
,  // measure 18
0010
0100
0010
0000
,  // measure 19
1000
0001
1000
0000
,  // measure 20
0100
0000
0010
0000
,  // measure 21
0001
0000
1000
0000
,  // measure 22
0100
0000
0010
0000
,  // measure 23
0001
0000
1000
0000
,  // measure 24
0100
0010
0001
0100
,  // measure 25
1000
0100
0001
0010
,  // measure 26
0100
0000
0001
0000
,  // measure 27
1000
0000
0010
0000
,  // measure 28
0100
0001
0100
0010
,  // measure 29
1000
0100
0001
0100
,  // measure 30
0010
0000
1000
0000
,  // measure 31
0001
0000
1000
0000
,  // measure 32
0010
0001
0100
0010
,  // measure 33
1000
0001
0100
0010
,  // measure 34
1000
0000
0001
0000
,  // measure 35
1000
0000
0000
0000
,  // measure 36
0110
0000
1001
0000
,  // measure 37
0110
0000
0101
0000
,  // measure 38
1010
0000
1100
0000
,  // measure 39
0101
0000
0011
0000
,  // measure 40
1010
0000
1100
0000
,  // measure 41
1100
0000
0101
0000
,  // measure 42
0110
0000
0110
0000
,  // measure 43
1100
0000
1001
0000
,  // measure 44
0100
0010
0001
1000
,  // measure 45
0100
1000
0010
0001
,  // measure 46
0100
0010
1000
0100
,  // measure 47
0001
0010
1000
1000
,  // measure 48
0100
0001
0010
0001
,  // measure 49
0001
0010
0100
1000
,  // measure 50
0010
0100
0100
0001
,  // measure 51
0010
0100
0100
1000
,  // measure 52
0010
0001
1000
0010
,  // measure 53
0100
0001
0010
1000
,  // measure 54
0100
1000
0100
0010
,  // measure 55
0001
0010
0001
0100
,  // measure 56
0010
1000
0001
0100
,  // measure 57
0010
1001
0010
0100
,  // measure 58
1001
0000
0000
0000
;

//---------------dance-single - ----------------
#NOTES:
     dance-single:
     :
     Medium:
     6:
     0.463,0.509,0.216,0.028,0.000,319.000,23.000,3.000,0.000,0.000:  // measure 1
0000
0000
0000
0000
,  // measure 2
0000
0000
0000
0000
,  // measure 3
0000
0000
0010
1000
,  // measure 4
1001
0000
0000
0000
,  // measure 5
0100
0000
0001
0101
0000
0000
0000
0000
,  // measure 6
0000
0000
0000
0000
,  // measure 7
0000
0000
0000
0000
0020
0000
1000
0001
,  // measure 8
1030
0000
0000
0000
,  // measure 9
0110
0000
0000
1001
0000
0000
0000
0000
,  // measure 10
0110
2002
0000
0000
0000
0000
0000
0000
,  // measure 11
3003
0000
0000
0000
,  // measure 12
0010
1000
0001
0000
0001
0100
1000
0000
,  // measure 13
1000
0010
0001
0000
0001
0010
1000
0000
,  // measure 14
1000
0100
0001
0000
0001
0100
1000
0000
,  // measure 15
1000
0010
0001
0000
0001
0010
1000
0000
,  // measure 16
1000
0100
0001
0000
0001
0100
1000
0000
,  // measure 17
1000
0100
0001
0000
0001
0100
1000
0000
,  // measure 18
1000
0010
0001
0000
0001
0010
1000
0000
,  // measure 19
1000
0010
0001
0100
1000
0010
0001
0100
,  // measure 20
1000
0000
1000
0010
0001
0100
0010
1000
,  // measure 21
0000
1000
0100
0001
0010
1000
0100
1000
,  // measure 22
0000
1000
0100
1000
0000
0100
1000
0100
,  // measure 23
0000
0100
0001
0010
0100
0010
0001
0100
,  // measure 24
0010
0000
0010
0001
0010
0001
0100
0010
,  // measure 25
0000
0010
0100
0001
0100
1000
0010
0100
,  // measure 26
0000
0001
0010
1000
0000
0001
0010
0100
,  // measure 27
0000
0010
0001
0100
0000
0100
0010
0001
,  // measure 28
1000
0000
1000
0010
0100
0001
0010
0100
,  // measure 29
0000
0100
0010
1000
0100
1000
0010
1000
,  // measure 30
0000
0001
0100
0010
0000
0010
1000
0100
,  // measure 31
0000
1000
0010
0001
0000
0100
0010
1000
,  // measure 32
0100
0100
0010
0001
0100
0010
0100
0100
,  // measure 33
0000
0010
1000
0100
0001
0100
1000
1000
,  // measure 34
1000
0000
0010
0001
0100
0010
1000
0100
,  // measure 35
1001
0000
0000
0000
,  // measure 36
0101
0010
1000
0100
1100
0010
0001
0100
,  // measure 37
0010
1000
0010
0100
0001
0010
0001
0001
,  // measure 38
0011
0010
1000
0100
0100
0010
0001
0100
,  // measure 39
0010
1000
0100
1000
0100
1000
0100
0100
,  // measure 40
1100
1000
0100
0001
0100
0010
0100
0001
,  // measure 41
0100
0010
1000
0100
1000
1000
0100
0001
,  // measure 42
0100
0001
0010
1000
1010
0100
0001
0100
,  // measure 43
0101
0010
1000
0100
0110
0000
0000
0000
,  // measure 44
1001
0000
0010
1000
0100
0001
0100
1000
,  // measure 45
0010
0001
0100
0010
1000
0100
0001
1000
,  // measure 46
1010
0000
0100
0001
0100
0001
0010
1000
,  // measure 47
1010
0001
0100
0010
0101
0010
1000
0100
,  // measure 48
0100
0000
0010
0001
0100
1000
0010
0001
,  // measure 49
0000
0001
0010
0010
1000
0100
0100
0001
,  // measure 50
0001
0010
1000
1000
0100
0100
0001
0001
,  // measure 51
0010
0000
1000
0100
0001
0100
1000
0000
,  // measure 52
0010
0001
0001
0000
1000
0010
0100
0001
,  // measure 53
0100
0010
1000
0100
0001
0100
1000
0000
,  // measure 54
1000
0000
0001
0010
1000
0100
0001
0010
,  // measure 55
0100
0000
0010
0001
0100
0000
0000
0000
,  // measure 56
1001
0010
1001
0010
,  // measure 57
1001
0010
1001
0010
,  // measure 58
1001
0000
0000
0000
;

//---------------dance-single - ----------------
#NOTES:
     dance-single:
     :
     Hard:
     8:
     0.581,0.539,0.658,0.122,0.075,350.000,70.000,13.000,0.000,0.000:  // measure 1
0000
0000
0000
0000
,  // measure 2
2002
0000
0000
3000
0020
0000
0000
0003
,  // measure 3
0200
0000
0000
0030
1300
1000
0010
0000
,  // measure 4
1001
1000
0010
0100
,  // measure 5
0101
0010
1000
0100
,  // measure 6
1001
0010
1000
0001
,  // measure 7
1000
0000
0000
0010
,  // measure 8
1000
0001
0100
0010
,  // measure 9
0010
0100
0001
0001
,  // measure 10
1000
0010
0100
1000
,  // measure 11
1001
0000
0110
0000
1001
0100
0010
0000
,  // measure 12
1001
0010
1010
1000
0001
0100
0110
0010
,  // measure 13
1000
0010
0110
0010
1001
0000
0000
0000
,  // measure 14
0010
0011
0001
1000
0010
0110
0100
0001
,  // measure 15
0100
0110
0100
1001
0000
0000
0000
0000
,  // measure 16
1001
0010
1010
1000
0001
0100
0110
0010
,  // measure 17
1000
0010
0110
0010
1001
0000
0000
0000
,  // measure 18
0010
0011
0001
1000
0010
0110
0100
0001
,  // measure 19
0100
0110
0100
1001
0000
0000
1010
0100
,  // measure 20
0001
0000
0100
0010
1000
0010
0110
1000
,  // measure 21
0010
0001
0101
0100
0010
1000
0010
0100
,  // measure 22
0110
1000
0010
0110
0000
1000
0010
0101
,  // measure 23
0000
0010
0100
0000
0110
1000
0010
0100
,  // measure 24
0001
0100
0010
1000
0000
1000
0010
0100
,  // measure 25
0001
0010
0100
0010
1010
0010
0100
0101
,  // measure 26
0000
0010
1000
1010
0000
0010
0100
0101
,  // measure 27
0000
0010
1000
1010
0000
0010
0100
0001
,  // measure 28
0100
0010
0001
0100
1010
0000
0110
0000
,  // measure 29
0001
0110
0000
1000
0010
0100
0001
0100
,  // measure 30
0010
0100
0010
1000
0010
0100
0001
0100
,  // measure 31
0001
0010
0010
0100
0001
0100
0010
0100
,  // measure 32
0010
1000
0010
1000
0010
0100
0001
0100
,  // measure 33
0100
0010
0100
0010
1000
1000
0010
1010
,  // measure 34
0000
0001
0100
0101
0000
1001
0000
0110
,  // measure 35
0000
1001
0000
0110
1001
0000
1010
0000
,  // measure 36
1000
0010
0000
0000
1000
0010
0000
0000
1000
0000
0010
0000
1010
0000
0000
0000
,  // measure 37
1000
0000
0010
0000
1000
0010
0000
1000
0000
0000
0000
0000
0000
0000
0000
0000
,  // measure 38
0001
0100
0000
0000
0001
0100
0000
0000
0001
0000
0100
0000
0101
0000
0000
0000
,  // measure 39
0001
0000
0100
0000
0001
0100
0000
0001
0000
0000
0000
0000
0000
0000
0000
0000
,  // measure 40
1000
0010
0000
0000
1000
0010
0000
0000
1000
0000
0010
0000
1010
0000
0000
0000
,  // measure 41
1000
0000
0010
0000
1000
0010
0000
1000
0000
0000
0000
0000
0000
0000
0000
0000
,  // measure 42
0100
0001
0000
0000
0100
0001
0000
0000
0100
0000
0100
0000
1001
0000
0000
0000
,  // measure 43
0100
0000
0001
0000
0010
0010
0000
0100
0000
0000
1000
0000
0010
0000
0001
0000
,  // measure 44
0220
0000
0330
0001
0100
0010
1010
1000
,  // measure 45
0100
0001
0101
0010
0100
0010
1010
0100
,  // measure 46
0001
0100
0110
1000
0010
0100
0001
0100
,  // measure 47
0010
1000
0010
0100
0101
1000
0010
0100
,  // measure 48
0110
0001
0100
0010
1010
0100
0010
0220
,  // measure 49
0000
0330
0010
1000
1010
0100
0001
0101
,  // measure 50
0100
0010
1000
0010
1010
1000
0010
0100
,  // measure 51
0100
0001
0100
0001
0010
1000
0010
0100
,  // measure 52
0101
0000
0010
0100
0001
0100
0010
1000
,  // measure 53
0010
0010
0010
0001
0100
0010
2000
0000
,  // measure 54
3000
0010
0100
0001
0010
1000
0010
0100
,  // measure 55
0001
0010
0001
0010
0010
0000
0010
1000
,  // measure 56
0220
0000
0330
0001
0100
0010
1000
1010
,  // measure 57
0000
0001
0100
0010
1010
0001
0101
0220
,  // measure 58
0000
0000
0000
0330
0000
0000
0000
0000
;
