#TITLE:Go Beyond!!;
#SUBTITLE:;
#ARTIST:Ryu☆ vs. Sota;
#TITLETRANSLIT:;
#SUBTITLETRANSLIT:;
#ARTISTTRANSLIT:;
#CREDIT:;
#BANNER:gobeyondbn.png;
#BACKGROUND:gobeyondbg.png;
#LYRICSPATH:;
#CDTITLE:ddrencore.png;
#MUSIC:Go Beyond!!.mp3;
#OFFSET:-0.096;
#SAMPLESTART:20.340;
#SAMPLELENGTH:13.000;
#SELECTABLE:YES;
#DISPLAYBPM:200.000;
#BPMS:0.000=200.000,100.000=100.000,156.000=200.000,284.000=100.000;
#STOPS:;
#BGCHANGES:0.000=Go Beyond!!.avi=1.000=1=1=0,
376.000=Go Beyond BG.png=1.000=0=0=1,
99999=-nosongbg-=1.000=0=0=0 // don't automatically add -songbackground-
;
// cache tags:
#FIRSTBEAT:4.000;
#LASTBEAT:304.000;
#SONGFILENAME:Songs/Encore/Go Beyond!/GoBeyond.sm;
#HASMUSIC:1;
#HASBANNER:1;
#MUSICLENGTH:117.114;
// end cache tags

//---------------dance-single - ----------------
#NOTES:
     dance-single:
     :
     Easy:
     4:
     0.367,0.422,0.205,0.410,0.000,229.000,24.000,48.000,0.000,0.000:
0000
0000
0000
0000
,
1000
0001
1000
0001
,
0100
0010
0110
0000
,
0010
0100
0010
1000
,
0001
0100
1001
0000
,
1000
0100
0001
0100
,
1000
0010
1001
0000
,
0010
0100
0001
1000
,
0100
0010
0001
0100
,
0110
0010
1000
0001
,
0100
1000
0100
0001
,
1001
0100
0010
0100
,
0110
0000
0000
1000
0000
0001
0000
0000
,
1000
0100
0010
0100
,
1000
0001
0010
0100
,
0010
0001
0100
0010
,
2000
3002
0203
0320
,
1030
0100
0010
0001
,
0010
0100
1000
0010
,
0100
0001
0100
0010
,
1000
0100
0010
0100
,
1001
1001
1001
0000
,
1001
0000
0000
1000
0000
0001
0000
0000
,
0110
0010
0000
1000
,
0000
0000
0010
0100
,
0001
0001
1000
1000
,
0200
0000
0000
0310
,
0001
0001
0100
0100
,
2000
0000
0000
3010
,
1000
1000
0001
0001
,
0200
0000
0000
0310
,
1000
1000
0100
0100
,
0002
0000
0000
1003
,
2000
0000
0000
3010
,
0020
0000
0000
1030
,
0100
0100
0001
0001
,
2000
0000
0000
3000
,
0000
0000
0000
0000
0220
0000
0000
0330
,
0000
2002
3003
0000
,
1001
1000
0001
1000
,
1001
0001
1000
0001
,
0101
0001
0100
0001
,
1010
1000
0100
0000
,
0110
0010
0100
0010
,
1100
1000
0001
0010
,
0011
0001
1000
0001
,
1002
1000
1000
1003
,
0010
0100
0001
0010
,
0100
1000
0100
0001
,
0010
0001
0100
1000
,
0010
0001
0100
0001
,
0010
1000
0001
0100
,
0010
0001
0010
0100
,
0001
1000
0100
1000
,
0010
1001
1001
1001
,
0020
0000
0230
0000
,
0302
0000
0023
0000
,
0230
1000
0000
1000
,
0000
1000
2300
0000
,
3020
0000
0032
0000
,
0023
0000
2030
0000
,
3002
0010
0000
0010
,
0000
0010
0000
0010
,
2003
0000
3020
0000
,
0230
0000
0320
0000
,
2030
0001
0000
0001
,
0000
0001
3002
0000
,
2003
0000
3020
0000
,
0032
0000
0203
0000
,
2300
0000
0010
0000
,
0100
0000
3002
0000
,
0203
0000
0000
0320
,
2030
0000
0000
3020
,
0230
0302
2003
3200
,
0020
0000
0000
0000
,
0000
0000
0000
0000
,
0330
0000
0000
0000
;

//---------------dance-single - ----------------
#NOTES:
     dance-single:
     :
     Medium:
     7:
     0.475,0.487,0.213,0.427,0.000,314.000,25.000,50.000,0.000,0.000:
0000
0000
0000
0000
,
1000
0000
0001
0010
0001
0000
0100
0000
,
1010
0101
1010
0000
,
0010
0000
0100
0001
0100
0000
0010
0000
,
1010
1100
1010
0000
,
1000
0000
0100
0010
0100
0000
1000
0000
,
0011
1100
0011
0000
,
0001
0000
1000
0100
1000
0000
0001
0000
,
0011
0101
0011
1100
,
0110
0000
1000
0000
0001
0100
0000
0010
,
0000
1000
0000
0010
0000
0001
0010
0000
,
1000
0000
0100
0000
0010
0001
0010
0000
,
0001
0100
0000
0010
0000
0100
0000
0000
,
0001
0000
0010
0000
0100
1000
0000
0100
,
0000
0010
0000
0100
0000
1000
0001
0000
,
0100
0000
0010
0000
1000
0100
1000
0000
,
0001
0000
0100
0010
0100
0010
0100
0010
,
0100
1001
0001
1001
,
0010
0001
0000
0100
0000
1000
0100
0000
,
0001
0000
0010
0100
0010
0100
0010
0100
,
0000
0110
0000
1001
0000
0110
0000
0000
,
1001
0000
0101
0000
0001
1000
0000
0100
,
1000
0100
0000
0010
0000
0001
0100
0000
,
0010
0100
0002
0000
0003
0000
2000
0000
,
3000
0000
2000
3002
,
0103
0010
0100
0001
,
0020
0000
0000
0031
,
0010
1000
0010
0001
,
0200
0000
0000
0310
,
1000
0001
0010
0100
,
0020
0000
0000
0031
,
0100
0001
0010
0100
,
2000
0000
0000
3020
,
0200
0000
0330
0200
,
0002
0000
0303
0001
,
0010
0100
0010
0001
,
1000
0000
0000
0000
,
0000
0000
0000
0000
0100
0001
0000
0010
,
0000
0000
0001
0010
0000
0020
0000
0030
,
0001
0100
0001
0000
1000
0010
1000
0000
,
0001
0100
0010
1000
0100
0010
0001
0000
,
1000
0100
1000
0000
0001
0010
0001
0000
,
1000
0100
0010
0001
0010
0100
1000
0000
,
0010
0100
0001
0000
0010
0100
1000
0000
,
0001
1000
0100
1000
0001
1000
0100
0000
,
0100
0010
0001
0000
0001
0100
0010
0000
,
1000
0100
0010
0001
0100
0010
1000
0100
,
0010
0000
0001
0000
1000
0010
1000
0001
,
0010
0000
0001
0000
0001
0010
0100
1000
,
0010
0000
0010
0000
1000
0010
0100
0001
,
0010
0000
0001
0000
1000
0100
1000
0010
,
0100
0000
0010
0000
0010
0100
0001
0010
,
0001
0000
0100
0000
0001
1000
0100
0010
,
0002
2003
3020
0230
,
0300
0101
1010
1001
,
2000
0100
3200
0010
,
0320
0001
0032
1000
,
2003
0010
0010
0010
,
0010
0010
3020
0100
,
0230
0001
0302
0010
,
0023
0100
0230
1000
,
2300
0010
0010
0010
,
0010
0100
0001
0010
,
3200
1000
2300
0010
,
3020
0100
0230
0001
,
0302
1000
1000
1000
,
1000
1000
2003
0000
,
3100
0000
0010
0000
0001
0100
0000
0010
,
0100
0001
0000
0010
0000
0110
0000
2000
,
0000
3020
0230
0000
,
0320
2030
3002
0023
,
0230
0000
0000
0320
,
0032
0000
0000
0203
,
0320
0032
0203
2300
,
3020
0000
0000
0000
,
0000
0000
0000
0000
,
0030
0000
0000
0000
;

//---------------dance-single - ----------------
#NOTES:
     dance-single:
     :
     Hard:
     9:
     0.617,0.616,0.487,0.504,0.017,390.000,57.000,59.000,0.000,0.000:
0000
0000
0000
0000
,
1000
1000
0100
0010
0001
0001
1000
0100
,
0010
0000
0000
0001
0000
0000
1000
0000
1010
0000
0000
0000
0000
0000
0000
0000
,
0010
0010
0100
0001
0010
0100
1000
1000
,
0001
0000
0000
0100
0000
0000
0010
0000
0110
0000
0000
0000
0000
0000
0000
0000
,
0100
0100
0001
0010
1000
0010
0001
0001
,
1000
0000
0000
0010
0000
0000
0100
0000
0101
0000
0000
0000
0000
0000
0000
0000
,
0001
0001
0010
0100
0001
0100
1000
1000
,
0001
0000
0000
0100
0000
0000
0010
0000
1000
0000
1000
0000
0001
0000
0001
0000
,
1001
0000
0101
0000
1000
0100
0000
0010
,
0001
0100
0000
0010
0000
1000
1000
0000
,
0110
0000
0110
0000
0010
1000
0100
0010
,
0001
0101
0000
1010
0000
1100
0000
0100
,
0010
0000
0001
0000
0001
1000
0000
0010
,
0100
0001
0000
1001
0000
0100
0100
0000
,
1100
0000
0101
0000
0001
0100
0010
1000
,
0100
0100
0010
0001
0010
0100
1000
1000
,
0010
0010
0100
0001
0010
0100
0010
0010
,
0001
0110
0001
0101
,
0010
0010
0100
0001
0010
0001
1000
1000
,
0000
0100
0000
1001
0000
0101
0000
0000
,
1001
0000
0101
0000
0110
1010
0000
0001
,
0100
0010
0000
1000
0000
0001
1001
0001
,
1000
1000
0020
0000
0030
0000
2000
0000
,
3000
0000
0000
0000
0001
0000
1000
0001
,
0200
0320
2030
3200
,
0320
0000
0000
0032
,
0203
0320
2030
3002
,
2003
0000
0000
3010
,
0110
0101
1001
1100
,
0110
0000
0000
0011
,
0101
1010
1100
1001
,
0110
0000
0000
2100
,
0002
0000
0000
0000
0000
3003
0201
0000
,
0020
0000
0000
0000
0000
0330
0002
0000
,
0203
2300
3200
0302
,
0023
0000
0000
0000
,
0000
0000
0000
0030
1001
1000
0000
0010
,
0000
0000
1000
0010
0000
1000
1000
1000
,
0001
0010
0100
1000
0010
0100
1000
0001
,
0010
0100
0001
0010
1000
0010
0001
1000
,
0010
0001
0010
1000
0010
0100
0001
0010
,
1000
0001
0100
1000
0010
0100
0010
0001
,
0010
0100
0010
1000
0100
0010
0001
0100
,
0010
1000
0010
0001
0010
0100
0001
0010
,
0001
1000
0100
0001
1000
0001
0100
1000
,
0001
0010
0100
1000
0001
0100
0010
1000
,
0001
0100
0001
0010
0001
1000
0001
0010
,
0001
1000
0010
1000
0001
1000
0100
1000
,
0010
0100
0010
1000
0010
0001
0010
1000
,
0010
0100
0001
0100
1000
0100
0001
0100
,
0010
1000
0100
0010
0001
0010
1000
0010
,
0001
0100
1000
0100
0001
1000
0010
0001
,
0010
1000
0100
0001
0100
1000
0001
0100
,
0010
1000
0010
0100
0001
0100
0010
1000
,
2001
3010
1020
0130
,
0210
0000
0301
0000
0012
0000
1003
0010
,
2010
0001
0010
0100
,
0001
0000
3010
0000
0210
0000
0301
0010
,
0012
1003
2010
3100
,
0120
0031
0012
0103
,
0210
1000
0001
0010
,
0302
2003
3020
0230
,
0302
0000
1003
0001
0201
0000
0301
1000
,
1200
0000
0310
0001
0102
0000
1003
0010
,
0210
1000
0010
0001
,
1000
0000
0301
0000
0210
0000
0310
0100
,
1001
0000
0101
0000
0010
0010
0000
0100
,
0001
0010
0000
1100
0000
0011
0000
0001
,
0001
1000
0200
0000
0310
0010
0002
0000
,
0203
0320
2030
3002
,
0203
0000
0000
0000
0000
0300
2010
0000
,
0020
0000
0000
0000
0000
3030
2000
0000
,
3200
0302
0203
2300
,
3020
0000
0000
0000
,
0000
0000
0000
0000
,
0030
0000
0000
0000
;

//---------------dance-single - ----------------
#NOTES:
     dance-single:
     :
     Beginner:
     3:
     0.227,0.379,0.248,0.043,0.000,152.000,29.000,5.000,0.000,0.000:
0000
0000
0000
0000
,
1000
1000
1000
0000
,
2000
0000
3000
0000
,
0001
0001
0001
0000
,
0002
0000
0003
0000
,
1000
1000
1000
0000
,
2000
0000
3000
0000
,
0010
0010
0010
0000
,
0020
0000
0000
0030
,
0000
1000
0000
1000
,
0000
0001
0000
0001
,
0000
1000
0000
1001
,
1001
0000
0000
0000
,
1001
1001
0000
1000
,
0000
0010
0000
0010
,
0000
0100
0000
0100
,
0002
0000
0000
0000
,
0003
1000
0000
1000
,
0000
0001
0000
0001
,
0000
0010
0000
0010
,
0000
0001
0000
1000
,
1000
1000
0000
0001
,
0001
0001
0000
0000
,
0000
1001
0000
0110
,
0000
0000
1000
1000
,
1000
0000
0000
0000
,
0010
0000
0000
0000
,
0100
0000
0000
0000
,
0010
0000
0000
0000
,
0100
0000
0000
0000
,
0001
0000
0000
0000
,
1000
0000
0000
0000
,
0001
0000
0000
1000
,
1000
0000
0000
0001
,
0001
0000
0000
1000
,
1000
0000
0000
0000
,
1001
0000
0000
0000
,
0000
0000
0110
0000
,
0000
0000
0000
0000
,
1000
1000
1000
0000
,
0001
0001
0001
0000
,
1000
1000
1000
0000
,
0010
0010
0010
0000
,
0100
0100
0100
0000
,
0010
0010
0010
0000
,
0100
0100
0100
0000
,
0001
0001
0001
0000
,
0010
0010
0010
0000
,
0100
0100
0100
0000
,
1000
1000
1000
0000
,
0001
0001
0001
0000
,
1000
1000
1000
0000
,
0010
0010
0010
0000
,
0001
0001
0001
0000
,
0100
0100
0100
0000
,
1001
0000
1000
0000
,
0110
0000
0010
0000
,
1001
0000
1000
0000
,
0001
0000
1000
0000
,
1001
0000
0001
0000
,
1001
0000
0100
0000
,
1001
0000
0001
0000
,
0110
0110
0110
0000
,
1001
0000
1001
0000
,
1001
0000
1001
0000
,
1001
0000
0000
0000
,
0000
0000
0110
0000
,
0110
0000
0110
0000
,
0110
0000
0110
0000
,
0110
0000
0000
0000
,
0010
0010
0010
0000
,
1001
0000
0000
1000
,
1000
0000
0000
0001
,
0001
0001
1000
1000
,
1000
0000
0000
0000
;

//---------------dance-double - ----------------
#NOTES:
     dance-double:
     :
     Easy:
     5:
     0.355,0.453,0.171,0.410,0.000,223.000,20.000,48.000,0.000,0.000:
00000000
00000000
00000000
00000000
,
10000000
01000000
00100000
00010000
,
01000000
00100000
00011000
00000000
,
00001000
00000100
00000010
00000001
,
00000010
00000100
00011000
00000000
,
01000000
00010000
00100000
00001000
,
00010000
00000100
00001100
00000000
,
00000010
00001000
00000100
00010000
,
00001000
01000000
01010000
00000000
,
10000000
01000000
00010000
01000000
,
10000000
00010000
10000000
00010000
,
10000000
00010000
01000000
00001000
,
00010000
00000100
00001000
00000001
,
00000100
00001000
00000100
00000001
,
00000100
00001000
00000100
00000001
,
00001000
00001000
00000100
00010000
,
00001000
00100000
01000000
10000000
,
10010000
10000000
01000000
01000000
,
00100000
00100000
01000000
01000000
,
00100000
00100000
00001000
00001000
,
00010000
00001000
00010000
00011000
,
00000010
00000010
00001000
00001000
,
00000100
00000100
00000010
00000010
,
00000001
00000001
00000100
00000100
,
00000010
00000010
00001000
00011000
,
00020000
00032000
02003000
03200000
,
20300000
00000000
30000000
02000000
,
03200000
00320000
02030000
03002000
,
00020000
00000000
00033000
00002000
,
00003200
00000302
00002003
00003020
,
00000230
00000000
00000300
00000002
,
00002003
00003200
00020300
00032000
,
00020000
00000000
00033000
00010000
,
20020000
30030000
00000000
00010000
,
00022000
00033000
00000000
00001000
,
00000002
00002003
00003200
00020300
,
00002000
00000000
00033000
00000000
,
00000000
00000000
00200000
00000000
,
00000000
00300000
00000000
00000000
,
10000000
01000000
10000000
01000000
,
00100000
00010000
00100000
00001000
,
00010000
00001000
00010000
00000100
,
00001000
00000100
00001000
00000001
,
00001000
00000010
00001000
00000010
,
00010000
00001000
00010000
00001000
,
01000000
00010000
01000000
00010000
,
10000000
00100000
10000000
00100000
,
01000000
00010000
01000000
00010000
,
00100000
00001000
00100000
00001000
,
00010000
00001000
00010000
00001000
,
00010000
00000100
00010000
00000100
,
00001000
00000001
00001000
00000001
,
00000100
00000010
00000100
00000010
,
00001000
00000100
00010000
00001000
,
01000000
00010000
10000000
00100000
,
20000000
00000000
32000000
00000000
,
03020000
00000000
02030000
00000000
,
03200000
00000000
00000000
00000000
,
00000000
00300000
00002000
00000000
,
00023000
00000000
00030200
00000000
,
00002300
00000000
00003002
00000000
,
00000203
00000000
00000000
00000000
,
00000000
00000300
00010000
00000000
,
00011000
00000000
00010100
00000000
,
00011000
00000000
01001000
00000000
,
10010000
00000000
00000000
00000000
,
00000000
00000000
00110000
00000000
,
00011000
00000000
00001100
00000000
,
00001001
00000000
00001100
00000000
,
00022000
00000000
00000000
00000000
,
00033000
00000000
00010000
00000000
,
10000000
00000000
00000000
01000000
,
00010000
00000000
00000000
00001000
,
00010000
00001000
01000000
00020000
,
20000000
00000000
00000000
00000000
,
00000000
00000000
00000000
30030000
;

//---------------dance-double - ----------------
#NOTES:
     dance-double:
     :
     Medium:
     7:
     0.451,0.485,0.154,0.307,0.000,316.000,18.000,36.000,0.000,0.000:
00000000
00000000
00000000
00000000
,
00010000
00001000
01000000
00000000
00001000
00010000
00000100
00000000
,
00010000
01000000
10000000
00000000
,
00100000
10000000
01000000
00000000
00100000
00010000
01000000
00000000
,
00001000
00010000
00000100
00000000
,
00000010
00000001
00001000
00000000
00000010
00001000
00000001
00000000
,
00000100
00001000
00010000
00010000
,
00001000
01000000
00010000
00000000
00100000
01000000
10000000
00000000
,
00100000
01000000
00001000
00010000
,
00011000
00010100
00001000
00000100
,
00000010
00000100
00001000
00000001
,
00000100
00000010
00010000
00001000
,
00010000
00001000
00000000
00010000
00000000
01000000
00000000
10000000
,
00100000
01000000
00010000
10000000
,
01000000
00010000
00001000
00000100
,
00000001
00001000
00000100
00000010
,
00000001
00000100
00000010
00001000
00000001
00000100
00000010
00001000
,
00000100
00010000
00001000
00100000
,
00010000
00000000
10000000
00000000
01000000
00100000
01000000
00000000
,
10000000
00010000
01000000
00100000
,
10000000
01000000
00010000
00001000
,
00000100
00000000
00000001
00000000
00001000
00000100
00000000
00000010
,
00000001
00001000
00000000
00000010
00000000
00010000
00000000
00001000
,
00001000
00010000
00002000
00000000
00013000
01000000
20000000
00000000
,
30100000
00010000
00001000
00000100
,
00000002
00002003
00003200
00000320
,
00000032
00000000
00000000
00000203
,
00000320
00020030
00032000
02003000
,
03200000
00000000
00000000
01300000
,
01001000
00011000
00010100
00001100
,
00000120
00000000
00000030
00000001
,
00000010
00000100
00010000
00002000
,
00020000
00000000
00033000
01000000
,
20020000
00000000
30030000
01000000
,
00022000
00000000
00033000
00000100
,
00000020
00000032
00000203
00000320
,
00002030
00000000
00003000
00000000
,
00000000
00000000
00000000
00000000
00000000
00001000
00000000
00010000
,
00000000
00000000
00001000
00010000
00001000
01000000
00100000
10000000
,
01000000
00100000
00010000
00000000
01000000
00100000
10000000
00000000
,
00010000
01000000
00001000
00000000
00010000
00000000
00000100
00000000
,
00000010
00000001
00001000
00000000
00000010
00001000
00000100
00000000
,
00001000
00000001
00000100
00000000
00000010
00000000
00010000
00000000
,
00001000
01000000
00100000
00000000
10000000
00010000
01000000
00000000
,
00100000
10000000
00010000
00000000
01000000
00000000
00001000
00000000
,
00010000
00001000
00010000
00000000
00000100
00000010
00000001
00000000
,
00000200
00000320
00020030
00032000
,
01003000
00010000
10000000
00000000
01000000
00100000
00010000
00000000
,
10000000
01000000
00100000
00010000
00100000
01000000
10000000
00000000
,
00010000
01000000
00001000
00000000
00010000
00000100
00001000
00000000
,
00000010
00000100
00000001
00001000
00000100
00000010
00000001
00000000
,
00001000
00000100
00010000
00000000
00001000
01000000
00010000
00000000
,
01000000
00100000
10000000
01000000
00100000
00010000
10000000
00000000
,
01000000
00100000
00010000
00000000
01000000
00100000
10000000
00000000
,
10010000
01010000
01001000
00011000
,
00010100
00000000
00001000
00000000
,
00000110
00000000
00000001
00000000
,
00001000
00010000
01000000
10000000
,
00100000
10000000
01000000
00010000
,
00011000
00000000
00000100
00000000
,
00001000
00000000
00000001
00000000
,
00000010
00000100
00010000
00002000
,
00020000
00000000
00033000
00000000
,
00001000
00000000
01000000
00100000
10000000
00000000
01000000
00100000
,
00010000
00000000
10000000
01000000
00010000
00000000
00001000
00000100
,
00000001
00000000
00001000
00000001
00000100
00000000
00000010
00000000
,
00000100
00000010
00001000
00000100
,
00000010
00000000
00000001
00000000
00001000
00000010
00000000
00010000
,
00001000
00010000
00000000
00001000
00000000
01000000
00000000
00100000
,
10000000
10000000
01000000
00000000
00100000
00100000
00010000
00000000
,
01000000
00001000
00010000
00001000
,
00022000
00000000
00033000
00000100
,
00000220
00000000
00000330
00000001
,
00000010
00001000
00010000
00100000
,
20000000
00000000
00000000
00000000
,
00000000
00000000
00000000
30000000
;

//---------------dance-double - ----------------
#NOTES:
     dance-double:
     :
     Hard:
     9:
     0.553,0.584,0.282,0.324,0.017,382.000,33.000,38.000,0.000,0.000:
00000000
00000000
00000000
00000000
,
10000000
10000000
01000000
00100000
00010000
00010000
01000000
00001000
,
00011000
00000000
00000000
00010100
00000000
00000000
00001000
00000000
00000100
00000000
00000000
00000000
00000000
00000000
00000000
00000000
,
00000010
00000010
00000001
00001000
00000100
00000100
00010000
00001000
,
00011000
00000000
00000000
01001000
00000000
00000000
00010000
00000000
00100000
00000000
00000000
00000000
00000000
00000000
00000000
00000000
,
01000000
01000000
10000000
00100000
00010000
00001000
00000100
00000001
,
00000011
00000000
00000000
00001001
00000000
00000000
00000100
00000000
00001000
00000000
00000000
00000000
00000000
00000000
00000000
00000000
,
00010000
00010000
00001000
01000000
00010000
00100000
00001000
00010000
,
00001000
00000000
00000000
00000100
00000000
00000000
00000001
00000000
00001000
00000000
00001000
00000000
00000100
00000000
00000010
00000000
,
00001001
00000000
00000101
00000000
00000001
00000100
00000000
00000010
,
00001000
00010000
00000000
00001000
00000000
00100000
00000000
01000000
,
10000000
00000000
01000000
00000000
00100000
01000000
10000000
00010000
,
01010000
00010000
00000000
00011000
00000000
00001100
00000000
00001001
,
00000010
00000000
00000001
00000000
00000010
00000100
00000000
00000100
,
00001000
00010000
00000000
01000000
00000000
10000000
00000000
00100000
,
01000000
00000000
00010000
00000000
10000000
01000000
00100000
00010000
,
10000000
10000000
01000000
00100000
00010000
01000000
00100000
00100000
,
01000000
01000000
00001000
00010000
00001000
00000100
00001000
00100000
,
00001000
00011000
00010100
00011000
,
00010000
01000000
00010000
00000010
00001000
00000001
00000100
00000010
,
00001000
00000100
00000000
00000110
00000000
00001001
00000000
00000100
,
00010000
00000000
01000000
00000000
10000000
11000000
00000000
00100000
,
00010000
01000000
00000000
00001000
00000000
00011000
00000000
00000000
,
00010000
00010000
00000100
00000000
00000010
00000010
00000001
00000000
,
00000100
00001000
00010000
01000000
,
20000000
32000000
23000000
30200000
,
02300000
00000000
00000000
03020000
,
00230000
02300000
03020000
00032000
,
00003200
00000000
00000000
00000310
,
00001001
00000100
00010000
00001000
,
00022000
00000000
00033000
00000100
,
00010000
01000000
00100000
00002000
,
00020000
00000000
00033000
00000100
,
00000020
00000000
00000030
00000001
,
00002000
00000000
00003000
00010000
,
01000000
10000000
01000000
00020000
,
00002000
00000000
00000000
00033000
,
00000000
00000000
00010000
00000000
,
00001000
00000000
00010000
00000000
00001000
00010000
00001000
00010000
,
00001000
01000000
00010000
00100000
00001000
00010000
00000100
00001000
,
00000010
00010000
00001000
01000000
00100000
00010000
00001000
00000100
,
00000010
00010000
00001000
01000000
00010000
00100000
00001000
00010000
,
00000100
00001000
00000010
00001000
00000100
00010000
00001000
01000000
,
00001000
00010000
00001000
01000000
00010000
00100000
01000000
00001000
,
00010000
00001000
00010000
00000100
00010000
00000010
00001000
00000100
,
00010000
00001000
00100000
00010000
01000000
00001000
00010000
00001000
,
00011000
01001000
00011000
00010100
,
00000010
00000001
00001000
00000100
00000010
00000001
00001000
00000100
,
00010000
00001000
01000000
00100000
10000000
01000000
00100000
00010000
,
10000000
00100000
01000000
00010000
01000000
00001000
00010000
00000100
,
00001000
00000100
00000010
00000001
00001000
00000100
00000000
00000000
,
00000001
00000100
00001000
00010000
00100000
10000000
01000000
00000000
,
00010000
00001000
00000100
00000001
00000010
00000100
00001000
00000000
,
00000001
00000100
00000001
00000000
00001000
00000100
00001000
00000000
,
00000100
00010000
00001000
00000000
00011000
00000000
01010000
00000000
,
20000000
31000000
00020000
00031000
,
00000200
00000000
00000301
00000000
00000020
00000000
00001030
00010000
,
00200000
10300000
01000000
10000000
,
00100000
00000000
01000000
00000000
00001000
00000000
00010000
00000100
,
00002000
00003001
00000200
00000310
,
00020000
00031000
02000000
00010000
,
00100000
10000000
00100000
03010000
,
02000000
03002000
00023000
00032000
,
01003000
00000000
00100000
10000000
01000000
00000000
00010000
00001000
,
00000100
00000000
00000010
00001000
00000100
00000000
00000001
00000100
,
00001000
00010000
01000000
10000000
,
00010000
01000000
00100000
10000000
,
01010000
00000000
01001000
00000000
00011000
00000100
00000000
00000010
,
00000001
00001000
00000000
00000100
00000000
00000010
00000000
00001000
,
00010000
00010000
00002000
00000000
01003000
01000000
00200000
00000000
,
10300000
01000000
00100000
00010000
,
02010000
00001000
03001000
00010000
,
00001200
00010000
00010300
00001000
,
00100000
00001000
00010000
00000100
,
00022000
00000000
00000000
00000000
,
00000000
00000000
00000000
00000000
,
00033000
00000000
00000000
00000000
;

//---------------dance-double - Copied from----------------
#NOTES:
     dance-double:
     Copied from:
     Edit:
     9:
     0.553,0.584,0.282,0.324,0.017,382.000,33.000,38.000,0.000,0.000:
00000000
00000000
00000000
00000000
,
10000000
10000000
01000000
00100000
00010000
00010000
01000000
00001000
,
00011000
00000000
00000000
00010100
00000000
00000000
00001000
00000000
00000100
00000000
00000000
00000000
00000000
00000000
00000000
00000000
,
00000010
00000010
00000001
00001000
00000100
00000100
00010000
00001000
,
00011000
00000000
00000000
01001000
00000000
00000000
00010000
00000000
00100000
00000000
00000000
00000000
00000000
00000000
00000000
00000000
,
01000000
01000000
10000000
00100000
00010000
00001000
00000100
00000001
,
00000011
00000000
00000000
00001001
00000000
00000000
00000100
00000000
00001000
00000000
00000000
00000000
00000000
00000000
00000000
00000000
,
00010000
00010000
00001000
01000000
00010000
00100000
00001000
00010000
,
00001000
00000000
00000000
00000100
00000000
00000000
00000001
00000000
00001000
00000000
00001000
00000000
00000100
00000000
00000010
00000000
,
00001001
00000000
00000101
00000000
00000001
00000100
00000000
00000010
,
00001000
00010000
00000000
00001000
00000000
00100000
00000000
01000000
,
10000000
00000000
01000000
00000000
00100000
01000000
10000000
00010000
,
01010000
00010000
00000000
00011000
00000000
00001100
00000000
00001001
,
00000010
00000000
00000001
00000000
00000010
00000100
00000000
00000100
,
00001000
00010000
00000000
01000000
00000000
10000000
00000000
00100000
,
01000000
00000000
00010000
00000000
10000000
01000000
00100000
00010000
,
10000000
10000000
01000000
00100000
00010000
01000000
00100000
00100000
,
01000000
01000000
00001000
00010000
00001000
00000100
00001000
00100000
,
00001000
00011000
00010100
00011000
,
00010000
01000000
00010000
00000010
00001000
00000001
00000100
00000010
,
00001000
00000100
00000000
00000110
00000000
00001001
00000000
00000100
,
00010000
00000000
01000000
00000000
10000000
11000000
00000000
00100000
,
00010000
01000000
00000000
00001000
00000000
00011000
00000000
00000000
,
00010000
00010000
00000100
00000000
00000010
00000010
00000001
00000000
,
00000100
00001000
00010000
01000000
,
20000000
32000000
23000000
30200000
,
02300000
00000000
00000000
03020000
,
00230000
02300000
03020000
00032000
,
00003200
00000000
00000000
00000310
,
00001001
00000100
00010000
00001000
,
00022000
00000000
00033000
00000100
,
00010000
01000000
00100000
00002000
,
00020000
00000000
00033000
00000100
,
00000020
00000000
00000030
00000001
,
00002000
00000000
00003000
00010000
,
01000000
10000000
01000000
00020000
,
00002000
00000000
00000000
00033000
,
00000000
00000000
00010000
00000000
,
00001000
00000000
00010000
00000000
00001000
00010000
00001000
00010000
,
00001000
01000000
00010000
00100000
00001000
00010000
00000100
00001000
,
00000010
00010000
00001000
01000000
00100000
00010000
00001000
00000100
,
00000010
00010000
00001000
01000000
00010000
00100000
00001000
00010000
,
00000100
00001000
00000010
00001000
00000100
00010000
00001000
01000000
,
00001000
00010000
00001000
01000000
00010000
00100000
01000000
00001000
,
00010000
00001000
00010000
00000100
00010000
00000010
00001000
00000100
,
00010000
00001000
00100000
00010000
01000000
00001000
00010000
00001000
,
00011000
01001000
00011000
00010100
,
00000010
00000001
00001000
00000100
00000010
00000001
00001000
00000100
,
00010000
00001000
01000000
00100000
10000000
01000000
00100000
00010000
,
10000000
00100000
01000000
00010000
01000000
00001000
00010000
00000100
,
00001000
00000100
00000010
00000001
00001000
00000100
00000000
00000000
,
00000001
00000100
00001000
00010000
00100000
10000000
01000000
00000000
,
00010000
00001000
00000100
00000001
00000010
00000100
00001000
00000000
,
00000001
00000100
00000001
00000000
00001000
00000100
00001000
00000000
,
00000100
00010000
00001000
00000000
00011000
00000000
01010000
00000000
,
20000000
31000000
00020000
00031000
,
00000200
00000000
00000301
00000000
00000020
00000000
00001030
00010000
,
00200000
10300000
01000000
10000000
,
00100000
00000000
01000000
00000000
00001000
00000000
00010000
00000100
,
00002000
00003001
00000200
00000310
,
00020000
00031000
02000000
00010000
,
00100000
10000000
00100000
03010000
,
02000000
03002000
00023000
00032000
,
01003000
00000000
00100000
10000000
01000000
00000000
00010000
00001000
,
00000100
00000000
00000010
00001000
00000100
00000000
00000001
00000100
,
00001000
00010000
01000000
10000000
,
00010000
01000000
00100000
10000000
,
01010000
00000000
01001000
00000000
00011000
00000100
00000000
00000010
,
00000001
00001000
00000000
00000100
00000000
00000010
00000000
00001000
,
00010000
00010000
00002000
00000000
01003000
01000000
00200000
00000000
,
10300000
01000000
00100000
00010000
,
02010000
00001000
03001000
00010000
,
00001200
00010000
00010300
00001000
,
00100000
00001000
00010000
00000100
,
00022000
00000000
00000000
00000000
,
00000000
00000000
00000000
00000000
,
00033000
00000000
00000000
00000000
;
