#TITLE:Exploration Of Space;
#SUBTITLE:(Bootleg Dance Mix);
#ARTIST:Cosmic Gate feat. Manox;
#TITLETRANSLIT:;
#SUBTITLETRANSLIT:;
#ARTISTTRANSLIT:;
#CREDIT:;
#BANNER:Exploration Of Space (Bootleg Dance Mix)-bn.png;
#BACKGROUND:Exploration Of Space (Bootleg Dance Mix)-bg.png;
#LYRICSPATH:Exploration Of Space (Bootleg Dance Mix).lrc;
#CDTITLE:sporktitles3.png;
#MUSIC:Exploration Of Space (Bootleg Dance Mix).mp3;
#OFFSET:-0.048;
#SAMPLESTART:62.536;
#SAMPLELENGTH:13.481;
#SELECTABLE:YES;
#BPMS:0.000=141.999,44.000=70.999,46.000=141.998,78.000=70.999,94.000=141.998,103.000=70.999,104.000=141.998,106.000=70.999,107.000=141.998,116.000=283.996,124.000=567.992,140.000=70.999,142.000=283.996,270.000=141.999;
#STOPS:;
#BGCHANGES:;
// cache tags:
#FIRSTBEAT:16.000;
#LASTBEAT:304.000;
#SONGFILENAME:Songs/DDI/Exploration Of Space (Bootleg Dance Mix)/Exploration Of Space (Bootleg Dance Mix).sm;
#HASMUSIC:1;
#HASBANNER:1;
#MUSICLENGTH:104.889;
// end cache tags

//---------------dance-single - ----------------
#NOTES:
     dance-single:
     :
     Beginner:
     3:
     0.184,0.326,0.114,0.095,0.000,113.000,12.000,10.000,0.000,0.000:
0000
0000
0000
0000
,
0000
0000
0000
0000
,
0000
0000
0000
0000
,
0000
0000
0000
0000
,
0001
0000
1000
0000
,
0001
0000
0100
0000
,
0010
0000
0100
0000
,
2002
0000
0000
3003
,
1000
0000
0100
0000
,
1000
0000
0001
0000
,
0100
0000
0010
0000
,
0110
0000
1001
0000
,
1000
0000
0010
0000
,
0100
0000
0001
0000
,
1000
0000
0100
0000
,
0010
0000
1001
0000
,
1000
0000
0010
0000
,
0100
0000
1001
0000
,
0001
0000
0100
0000
,
0010
0000
1000
1000
,
2000
0000
3010
0010
,
0020
0000
0130
0100
,
0200
0000
0301
0001
,
0002
0000
1003
0000
,
0100
0000
1000
0000
,
0100
0000
1001
0000
,
0000
1001
0000
0000
,
1000
0000
0010
0000
,
0100
0000
0001
0000
,
1000
0000
0001
0000
,
1000
0000
0001
0000
,
0100
0000
0000
0000
,
0000
0000
0000
0000
,
0010
0000
0000
0000
,
0000
0000
0000
0000
,
1001
0000
1000
0000
,
0000
0000
0100
0000
,
0000
0000
1000
0000
,
0000
0000
0001
0000
,
0001
0000
0001
0000
,
0000
0000
0100
0000
,
0000
0000
0010
0000
,
0000
0000
1001
0000
,
0000
0000
1000
0000
,
0000
0000
0001
0000
,
0000
0000
1000
0000
,
0000
0000
0100
0000
,
0100
0000
0100
0000
,
0000
0000
0010
0000
,
0000
0000
0001
0000
,
0000
0000
1000
1000
,
1000
0000
0001
0000
,
0000
0000
0100
0000
,
0000
0000
0010
0000
,
0000
0000
1000
0000
,
0001
0000
1000
0000
,
0000
0000
0010
0000
,
0000
0000
0100
0000
,
0000
0000
1001
0000
,
0000
0000
0001
0000
,
0000
0000
1000
0000
,
0000
0000
0100
0000
,
0000
0000
0010
0000
,
0100
0000
1000
0000
,
0000
0000
0001
0000
,
0000
0000
2002
0000
,
0000
0000
0000
0000
,
3003
0000
1000
0000
,
0010
0000
1000
0000
,
0010
0000
0100
0000
,
0001
0000
0100
0000
,
0001
0000
1000
0000
,
0100
0000
0010
0000
,
0001
0000
1000
0000
,
0010
0000
0100
0000
,
0001
0000
2002
0000
,
3003
0000
0000
0000
;

//---------------dance-single - ----------------
#NOTES:
     dance-single:
     :
     Easy:
     6:
     0.321,0.435,0.162,0.267,0.000,191.000,17.000,28.000,0.000,0.000:
0000
0000
0000
0000
,
0000
0000
0000
0000
,
0000
0000
0000
0000
,
0000
0000
0000
0000
,
0001
1000
0100
0100
,
1000
0001
0010
0010
,
0001
0100
0010
1000
,
2002
0000
0000
3003
,
1000
0100
0010
0001
,
1000
0010
1000
1000
,
0001
0010
0100
1000
,
2002
0000
0000
3003
1001
0000
1000
0000
,
0010
0100
0001
0010
,
0100
0100
1001
0010
,
0100
0001
0010
0001
,
1000
1000
1001
0100
,
0001
1000
0010
0100
,
0001
1000
0001
0000
1100
0000
0001
0000
,
1000
0100
1000
0010
,
0100
0010
0100
0000
0020
0000
0000
0000
,
0130
0001
0100
0010
2000
0000
0000
0000
,
3001
1001
0200
0000
,
0310
1000
0010
0100
0002
0000
0000
0000
,
1003
0110
1000
0100
,
0010
0000
0001
0100
,
0010
0000
1000
0200
,
0300
1000
0002
0003
,
1000
0010
1000
0001
,
1000
0010
1000
0001
,
0100
0000
0010
0000
,
0100
0000
0010
0000
,
0100
0000
0000
0000
,
0100
0000
0000
0000
,
0100
0000
0000
0000
,
0100
0000
0000
0000
,
2002
0000
3003
0110
1000
0000
0000
0000
,
0100
0000
1000
0000
,
0001
0000
0200
0000
,
0000
0000
0320
0000
,
0000
0000
0130
0000
,
0001
0000
0100
0000
,
0010
0000
2000
0000
,
0000
0000
3001
0000
,
1001
0000
1000
0000
,
0010
0000
0100
0000
,
0001
0000
2000
0000
,
0000
0000
3002
0000
,
0000
0000
0013
0000
,
0100
0000
0010
0000
,
0001
0000
2000
0000
,
0000
0000
0002
0000
,
0000
3003
0001
0100
,
0001
0000
1000
0000
,
0010
0000
0200
0000
,
0000
0000
0320
0000
,
0000
0000
1030
0001
,
1000
0000
0001
0000
,
0100
0000
0020
0000
,
0000
0000
0130
0000
,
1001
0000
1000
0010
,
1000
0000
0001
0000
,
0010
0000
0200
0000
,
0000
0000
0320
0000
,
0000
0000
0031
1000
,
0001
0000
0100
0000
,
0010
0000
2000
0000
,
0001
0000
3001
0000
,
0200
0000
0310
1000
,
0010
1000
0001
0100
,
0001
0100
0010
1000
,
0001
0100
0010
1000
,
0100
0010
1001
0000
,
0110
0000
1001
0000
,
0110
0000
1000
0100
,
0010
0000
0001
0000
1000
0001
1000
0000
,
0001
1000
0001
0000
2002
0000
0000
0000
,
3003
0000
0000
0000
;

//---------------dance-single - ----------------
#NOTES:
     dance-single:
     :
     Medium:
     8:
     0.473,0.725,0.133,0.286,0.091,303.000,14.000,30.000,0.000,0.000:
0000
0000
0000
0000
,
0000
0000
0000
0000
,
0000
0000
0000
0000
,
0000
0000
0000
0000
,
1000
0000
0010
0000
1000
0001
0100
0000
,
0001
0000
0100
0000
0001
1000
0010
0000
,
0100
0010
1000
0000
0001
0010
0100
0000
,
2002
0000
0000
3003
,
1000
0000
0100
0000
0001
0100
1000
0000
,
0010
0100
0001
0100
0010
1000
0001
0000
,
0010
0000
0001
0000
0100
0010
1000
0000
,
0002
0000
0000
0000
0000
0000
1000
1000
1003
0000
0000
0000
0010
0000
0000
0000
,
0100
0001
1000
0000
0100
0000
1000
0000
,
0010
0100
0001
0000
1000
0000
0100
0000
,
0010
0100
1000
0000
0001
0100
0010
0000
,
1000
0001
0100
0000
0001
0000
0010
0000
,
0001
0100
0010
0000
1000
0100
0010
0001
,
0010
0100
1000
0000
0001
0000
1000
0000
,
0010
1000
0001
0000
1000
0010
0100
0000
,
0001
0000
0010
0000
0100
0000
0000
0000
1000
0100
1000
0000
0001
0000
0100
0010
,
0000
0010
0000
0010
0000
1000
0010
0000
0100
0001
0100
0000
0001
0000
0010
0100
,
0000
0100
0000
0100
1000
0000
0001
0000
0001
0100
0001
0000
1000
0000
0010
0100
,
0000
0100
0000
0100
0000
0001
0100
0000
0010
1000
0010
0000
1000
0000
0001
0010
,
0000
0010
0000
0010
0100
0000
1000
0000
0001
0000
0100
0000
0010
0000
0000
0000
,
1000
0000
1001
0000
1000
0100
0010
0000
,
0001
0000
1001
0000
0010
0100
0002
0000
,
1003
0000
0010
1000
0200
0000
1300
0000
,
0001
0100
0001
0000
0100
0010
0100
0000
,
0010
1000
0010
0000
1000
0001
1000
0000
,
0001
0010
0100
1000
,
0001
0010
0100
1000
,
0001
0000
0000
0000
,
1000
0000
0000
0000
,
0001
0000
0000
0000
,
1000
0000
0000
0000
,
2002
0000
3003
0110
1000
0000
0100
0000
,
1000
0000
0001
0100
,
0010
2000
0000
3002
,
0000
2003
0000
3010
,
0100
0000
0001
0010
,
0001
0000
1000
0010
,
0100
0002
0000
2003
,
0000
3010
1000
0100
,
0001
0100
1000
0010
,
1000
0000
0100
0010
,
0001
2000
0000
3020
,
0000
0230
0000
0301
,
1000
0000
0001
0010
,
0001
0000
0100
0010
,
1000
0002
0000
2003
,
0000
3010
1000
0001
,
1001
1001
0001
0100
,
0010
0000
1000
0100
,
0010
0002
0000
2003
,
0000
3020
0000
0130
,
0001
0010
1000
0010
,
0001
0000
0100
0010
,
1000
0200
0000
0320
,
0000
0130
1000
0010
,
1001
1001
0100
0001
,
0010
0000
0100
1000
,
0010
0200
0000
0320
,
0000
2030
0000
3001
,
0010
0100
1000
0010
,
0100
0000
0001
1000
,
0010
0200
0000
0320
,
0000
0130
0001
0010
,
0200
0000
1300
0010
,
0100
0001
0010
0000
0100
0000
1000
0000
,
0010
1000
0001
0000
0100
0000
0010
0000
,
1000
0100
0010
0000
0001
0000
1000
0000
,
0010
0100
0001
0000
1000
0100
0000
1000
,
0000
0001
0100
0000
0010
0100
0000
0001
,
0000
1000
0100
0000
0010
0100
1000
0000
,
0010
0100
0001
0000
1001
0000
0101
0000
,
1010
0110
2002
0000
,
3003
0000
0000
0000
;

//---------------dance-single - ----------------
#NOTES:
     dance-single:
     :
     Hard:
     10:
     0.840,1.000,0.591,0.419,0.567,511.000,62.000,44.000,0.000,0.000:
0000
0000
0000
0000
,
0000
0000
0000
0000
,
0000
0000
0000
0000
,
0000
0000
0000
0000
,
1000
0000
0010
0000
0100
0001
0010
0100
,
1000
0000
0001
0000
0100
0010
1000
0000
,
0001
0010
0001
0010
0100
1000
0010
0100
,
2002
0000
0000
3003
,
1010
0000
0000
0000
0101
0000
0001
1000
0100
1000
0010
0000
0100
0000
0000
0000
,
0001
0000
1000
0100
0000
1000
0000
0010
0000
0100
0001
0010
0100
0000
1000
0000
,
0101
0000
0000
0000
1010
0000
1000
0001
0000
0100
0010
1000
0010
0000
0100
0001
,
0010
0000
0100
1000
0000
0010
0000
0100
0001
0000
1000
0000
0001
0000
1001
0000
1001
0000
0000
0000
0000
0000
0000
0000
0110
0000
0000
0000
0000
0000
0000
0000
,
1000
0000
0100
0000
0010
0000
0001
0000
1000
0000
0010
0100
0000
0001
0000
0010
,
0000
0100
1000
0100
0010
0000
0001
0000
1001
0000
0000
0000
0110
0000
0000
0000
,
0100
0000
0001
0000
1000
0000
0010
0000
0100
0000
0001
1000
0000
0010
0000
0100
,
0001
0000
1000
0000
0100
0000
0110
0000
1001
0000
0000
0000
0011
0000
0100
1000
,
0100
0010
0001
0000
1000
0000
0010
0100
0001
0000
1000
0010
0000
0100
0000
0001
,
0000
0010
0100
1000
0100
0000
0000
0000
1001
0000
0000
0000
0101
0000
0001
1000
,
0000
0010
0100
0001
1000
0000
0100
0010
0100
0000
1000
0001
0000
0000
0100
0010
,
0100
0000
0000
0000
0001
0000
1000
0000
0000
0000
0000
0000
0100
0000
0000
0000
1000
0100
0010
0001
1000
0000
0000
0010
0100
0000
0001
0000
1000
0000
1010
0000
,
0000
0000
0101
0000
0000
0000
0011
0000
0000
0000
0100
1000
0100
0010
0001
1000
0010
0100
0010
1000
0100
0000
0000
1000
0001
0000
0010
0000
0100
0000
0110
0000
,
0000
0000
1001
0000
0000
0000
0110
0000
1001
0000
0100
0000
0010
0000
1001
0000
1000
0010
1000
0001
0100
0000
0000
0010
1000
0000
0001
0000
0100
0000
0110
0000
,
0000
0000
1010
0000
0000
0000
1001
0000
0000
0000
0001
0010
0001
0100
0010
1000
0100
0010
0100
1000
0010
0000
0000
1000
0001
0000
0100
0000
0010
0000
1001
0000
,
0000
0110
0000
1010
0101
0010
0100
1001
1000
0010
0100
0001
1000
0000
0000
0100
,
0010
0000
0001
0000
1000
0000
0110
0000
0001
0010
0100
1000
0001
0000
0000
0100
,
0010
0000
1000
0000
0001
0000
0110
0000
1000
0100
0010
0001
2000
0010
0010
0000
,
3001
0000
0100
0000
0001
0010
0100
1000
0002
0100
0100
0000
0013
0000
0001
0000
,
1000
0010
0100
0001
2000
0000
0001
0000
3001
0100
0010
1000
0002
0000
1000
0000
,
1003
0010
1000
0010
0100
0001
0100
0001
1000
0100
1000
0100
0010
0001
0010
0001
,
1000
0100
0010
0100
1000
0010
0100
0010
,
1000
0001
0010
0001
1000
0100
0010
0001
,
1000
0000
0001
0000
,
0100
0000
0001
0000
,
1000
0000
0010
0000
,
0100
0000
0001
0000
,
0220
0000
0000
0000
0000
0330
1001
0000
1000
0000
0100
0000
1000
0000
0001
0000
,
0100
0000
0010
1000
0001
0000
0010
0000
,
0100
0000
0220
0000
0000
0330
2002
0000
,
0000
3003
0220
0000
0000
0330
0010
1000
,
0010
0100
0001
0010
0001
0100
0001
1000
,
0010
0000
0100
0001
1000
0000
0010
0000
,
0100
0000
2002
0000
0000
3003
0220
0000
,
0000
0330
0001
1000
0010
0000
0100
0000
,
0110
0000
1001
0000
1000
0100
1000
0010
,
0100
0000
0001
0010
0100
0000
1000
0000
,
0010
0000
0220
0000
0000
0330
2002
0000
,
0000
3003
0202
0000
0000
0303
0001
1000
,
0010
0100
0001
1000
0010
0100
0010
1000
,
0001
0000
0010
0100
1000
0000
0010
0000
,
0100
0000
0220
0000
0000
0330
2002
0000
,
0000
3003
0010
0000
1000
0000
0001
0000
,
1100
0000
1001
0000
0100
0010
1000
0001
,
0010
0000
0100
1000
0001
0000
0010
0000
,
0100
0000
2100
0000
0100
3000
0200
0010
,
0000
0300
0020
0001
0000
0030
0001
0100
,
0001
0010
0100
1000
0010
0100
0001
1000
,
0001
0000
0010
0100
1000
0000
0010
0000
,
0100
0000
2020
0000
0000
3030
0220
0000
,
0000
0330
0010
1000
0001
0000
0011
0000
,
0110
0000
1100
0000
0001
0100
0010
1000
,
0001
0000
1000
0010
0100
0000
0001
0000
,
0010
0000
0012
0000
0010
0003
0020
0100
,
0000
0030
0200
1000
0000
0300
1000
0010
,
1000
0001
0100
0010
1000
0100
0010
0001
,
0010
0000
0001
0100
0010
0000
1000
0000
,
0001
0000
0220
0000
0000
0330
2200
0000
,
0000
3300
0001
1000
0010
0000
0100
0000
,
0001
0000
0010
0000
0001
0100
1000
0100
,
0001
0100
1000
0100
1000
0010
0001
0010
,
1000
0010
0001
0010
0001
0100
0010
0100
,
0001
0100
0010
0100
1000
0010
0100
0010
,
1000
0010
0100
0010
1000
0001
0000
0110
,
0000
1010
1000
0001
0101
0100
0010
1000
,
0001
0000
0010
0000
0100
0000
1000
0000
0001
0100
0001
0100
0010
1000
0010
1000
,
0001
0010
0001
0010
0100
1000
0100
1000
0010
0000
0100
0000
0001
0000
0010
0000
,
1000
0000
0010
0000
0001
1000
0100
0000
2002
0000
0000
0000
0000
0000
0000
0000
,
3003
0000
0000
0000
;

//---------------dance-double - ----------------
#NOTES:
     dance-double:
     :
     Easy:
     7:
     0.362,0.507,0.257,0.257,0.000,212.000,27.000,27.000,0.000,0.000:
00000000
00000000
00000000
00000000
,
00000000
00000000
00000000
00000000
,
00000000
00000000
00000000
00000000
,
00000000
00000000
00000000
00000000
,
10000000
01000000
00100000
00100000
,
00010000
01000000
00001000
00001000
,
00010000
00000010
00000100
00000001
,
00002002
00000000
00000000
00003003
,
00001001
00000001
00000100
00000100
,
00000010
00001000
00000100
00000100
,
00010000
00001000
01000000
01000000
,
20020000
00000000
30030000
01100000
10010000
00000000
10000000
00000000
,
01000000
00100000
00010000
01000000
,
00001000
00001000
00011000
00010000
,
00000100
00001000
00000010
00000100
,
00000001
00000001
00001001
00001000
,
00000010
00000000
00000100
00000000
00000001
00001000
00000001
00000000
,
00001000
00000010
00001000
00000000
00000101
00000000
00000010
00000000
,
00001000
00000000
00000100
00000000
00010000
00001000
00010000
00000000
,
00001000
00010000
00001000
00000000
00020000
00000000
00000000
00000000
,
00031000
01000000
00010000
00100000
02000000
00000000
00000000
00000000
,
13000000
00000000
01010000
00010000
20000000
00000000
00000000
00000000
,
30100000
01000000
00010000
00100000
00002000
00000000
00000000
00000000
,
00013000
00000000
00010100
00000100
00001000
00000000
00000010
00000000
,
00000200
00000000
00000310
00001000
,
00000002
00000000
00000013
00000200
,
00000300
00010000
00002000
00003000
,
00100000
10010000
01000000
10010000
,
00010000
01100000
10000000
01100000
,
01000000
00000000
00010000
00000000
,
00100000
00000000
00001000
00000000
,
00010000
00000000
00000000
00000000
,
00010000
00000000
00000000
00000000
,
00010000
00000000
00000000
00000000
,
00010000
00000000
00000000
00000000
,
00022000
00000000
00033000
00011000
00010000
00000000
00000000
00000000
,
00000100
00000000
00001000
00000010
,
00000100
00000002
00000000
00000000
,
00000000
00000000
00002003
00000000
,
00000000
00000000
00003001
00000000
,
00000100
00000000
00000010
00001000
,
00000010
00000100
00000000
00000001
,
00000000
00000000
00001001
00000000
,
00000110
00000000
00001000
00000000
,
00000100
00000000
00010000
00001000
,
01000000
00200000
00000000
00000000
,
00000000
00000000
02300000
00000000
,
00000000
00000000
03010000
00000000
,
10000000
00000000
01000000
00100000
,
01000000
00000000
00000000
00000000
,
10010000
00000000
00000000
00000000
,
00011000
00000000
00010000
00001000
,
00010000
00000000
00000100
00000000
,
00001000
00000020
00000000
00000000
,
00000000
00000230
00000000
00000001
,
00000001
00000300
00000001
00001000
,
00000001
00000000
00001000
00000000
,
00000010
00020000
00000000
00000000
,
00031000
00000000
00010000
00001000
,
01000000
00010000
10000000
01000000
,
10000000
00000000
01000000
00000000
,
00100000
00020000
00000000
00000000
,
00000000
20030000
00000000
00100000
,
00100000
30000000
00100000
10000000
,
00010000
00000000
00100000
00000000
,
00001000
00000000
00020000
00000000
,
00000000
00000000
00031000
00010000
,
00000200
00000000
00001300
00000100
,
00000010
00000100
00001000
00000001
,
00000100
00000001
00001000
00000010
,
00010000
00000010
00001000
00000100
,
00001100
00010100
00010000
00001000
,
01000000
00010000
00100000
01000000
,
10000000
00010000
01100000
01100000
,
10010000
00000000
10010000
00000000
10000000
00100000
01000000
00000000
,
01000000
00010000
00100000
00000000
00022000
00000000
00000000
00000000
,
00033000
00000000
00000000
00000000
;

//---------------dance-double - ----------------
#NOTES:
     dance-double:
     :
     Medium:
     9:
     0.475,0.761,0.124,0.286,0.100,306.000,13.000,30.000,0.000,0.000:
00000000
00000000
00000000
00000000
,
00000000
00000000
00000000
00000000
,
00000000
00000000
00000000
00000000
,
00000000
00000000
00000000
00000000
,
00000100
00000000
00001000
00000000
00000010
00000100
00000001
00000000
,
00001000
00000000
00000010
00000000
00010000
00001000
00010000
00000000
,
01000000
10000000
00100000
00000000
01000000
00010000
00100000
00000000
,
20020000
00000000
00000000
30030000
,
10000000
00000000
00100000
00000000
01000000
00010000
00100000
00000000
,
01000000
10000000
01000000
00100000
00010000
01000000
00001000
00000000
,
00010000
00000000
00000100
00000000
00001000
00000010
00000100
00000000
,
00000002
00000000
00000000
00000000
00000000
00000000
00000010
00000010
00000013
00000000
00000000
00000000
00001001
00000000
00000000
00000000
,
00000001
00000100
00000010
00000000
00001000
00000000
00000100
00000000
,
00010000
00001000
01000000
00000000
00100000
00000000
10010000
00000000
,
10000000
00100000
01000000
00000000
00010000
00100000
01000000
10000000
,
00100000
01000000
00010000
00000000
10000000
00000000
11000000
00000000
,
00100000
01000000
10000000
00000000
00100000
01000000
00010000
00100000
,
00010000
01000000
00001000
00000000
00010000
00000000
00011000
00000000
,
00010000
00000100
00001000
00000000
00000010
00000100
00000001
00000000
,
00001000
00000000
00000100
00000000
00000010
00000000
00000000
00000000
00000001
00000100
00000001
00000000
00001000
00000000
00000010
00000100
,
00000000
00000100
00000000
00000100
00000000
00000010
00001000
00000000
00000100
00010000
00000100
00000000
00010000
00000000
00001000
00100000
,
00000000
00100000
00000000
00100000
00010000
00100000
01000000
00000000
10000000
00010000
10000000
00000000
00100000
00000000
01000000
00010000
,
00000000
00010000
00000000
00010000
00000000
00100000
00001000
00000000
00010000
00001000
00010000
00000000
00000100
00000000
00001000
00000010
,
00000000
00000010
00000000
00000010
00000100
00000001
00000100
00000000
00000001
00000000
00001000
00000000
00000100
00000000
00000000
00000000
,
00000010
00000000
00001001
00000000
00000100
00001000
00000010
00000000
,
00010000
00000000
00011000
00000000
00001000
00100000
00020000
00000000
,
01030000
00000000
00100000
10000000
02000000
00000000
03100000
00000000
,
00010000
01000000
00100000
00000000
01000000
00100000
10000000
00000000
,
00100000
10000000
00010000
00000000
10000000
00010000
01000000
00000000
,
00100000
10000000
00100000
10000000
,
00010000
01000000
00010000
01000000
,
00001000
00000000
00000000
00000000
,
00010000
00000000
00000000
00000000
,
00001000
00000000
00000000
00000000
,
00010000
00000000
00000000
00000000
,
00022000
00000000
00033000
00011000
00010000
00000000
00000100
00000000
,
00001000
00000000
00000010
00000000
,
00000100
00000002
00000000
00002003
,
00000000
00003002
00000000
00000103
,
00000010
00000000
00001000
00000100
,
00001000
00000000
00000010
00000000
,
00010000
00002000
00000000
00023000
,
00000000
00031000
01000000
00001000
,
01000000
00010000
10000000
01000000
,
10000000
00000000
00100000
00000000
,
01000000
00020000
00000000
00230000
,
00000000
00320000
00000000
01030000
,
00001000
00000000
00010000
00000100
,
00010000
00000000
00001000
00000000
,
00010000
00000200
00000000
00002300
,
00000000
00003010
00000100
00000000
,
00001001
00000000
00000001
00000100
,
00000010
00001000
00000100
00010000
,
00001000
00020000
00000000
00032000
,
00000000
00023000
00000000
00031000
,
01000000
00100000
10000000
00010000
,
00100000
01000000
00100000
00010000
,
10000000
00200000
00000000
02300000
,
00000000
03100000
10000000
00010000
,
00100000
00100000
00010000
01000000
,
00001000
00010000
00000100
00000010
,
00000100
00002000
00000000
00003002
,
00000000
00000203
00000000
00000310
,
00000100
00000001
00001000
00000100
,
00000010
00000100
00001000
00000010
,
00010000
00002000
00000000
00023000
,
00000000
00031000
00100000
00010000
,
02000000
00000000
03100000
10000000
,
00100000
01000000
00010000
00000000
00100000
00000000
01000000
00000000
,
00100000
00001000
00010000
00000000
00001000
00000000
01000000
00000000
,
00100000
10000000
00010000
00000000
00100000
00000000
00001000
00000000
,
00011000
00000000
00010100
00000000
00000100
00001000
00000000
00000010
,
00000000
00000100
00000001
00000000
00000010
00000100
00000000
00001000
,
00000000
00000010
00010000
00000000
00001000
00010000
00000100
00000000
,
00001000
00000010
00000100
00000000
00000001
00000010
00000100
00001000
,
00000100
00010000
00001000
00000000
00022000
00000000
00000000
00000000
,
00033000
00000000
00000000
00000000
;

//---------------dance-double - ----------------
#NOTES:
     dance-double:
     :
     Hard:
     10:
     0.821,1.000,0.591,0.381,0.534,501.000,62.000,40.000,0.000,0.000:
00000000
00000000
00000000
00000000
,
00000000
00000000
00000000
00000000
,
00000000
00000000
00000000
00000000
,
00000000
00000000
00000000
00000000
,
00011000
00000000
00000100
00000000
00001000
00000010
00000100
00000000
,
00000001
00000010
00000100
00001000
00000010
00010000
00001000
00000000
,
00010000
01000000
10000000
01000000
00100000
00001000
00010000
00000100
,
00002200
00000000
00000000
00003300
,
00001100
00000000
00000000
00000000
00001001
00000000
00000001
00000100
00000010
00000000
00001000
00000000
00000100
00000000
00000000
00000000
,
00010000
00000000
00000100
00001000
00000000
00000010
00000000
00000100
00000000
00000001
00001000
00000001
00000100
00000000
00000000
00000000
,
00000110
00000000
00000000
00000000
00001010
00000000
00001000
00000100
00000000
00010000
00001000
00010000
00000010
00000000
00000100
00000000
,
00000001
00000000
00001000
00000100
00000000
00000010
00000000
00000100
00001000
00000000
00000010
00000000
00010000
00000000
00011000
00000000
00011000
00000000
00000000
00000000
00000000
00000000
00000000
00000000
01001000
00000000
00000000
00000000
00000000
00000000
00000000
00000000
,
00010000
00000000
00100000
00000000
01000000
00000000
10000000
00000000
00010000
00000000
01000000
00100000
00000000
10000000
00000000
01000000
,
00000000
00100000
00010000
00100000
00001000
00000000
00000000
00000000
00011000
00000000
00000000
00000000
00010100
00000000
00000000
00000000
,
00001000
00000000
00000010
00000000
00000100
00000000
00000001
00000000
00001000
00000000
00000010
00000100
00000000
00000001
00000000
00001000
,
00000100
00010000
00000010
00001010
00000101
00000000
00001001
00001000
,
00000010
00000000
00010000
00000000
00001000
00000000
00000000
00000000
00100000
00000000
00010000
01000000
00000000
00100000
00000000
10000000
,
00000000
00010000
00100000
01000000
10000000
00000000
00000000
00000000
00110000
00000000
00000000
00000000
10010000
00000000
10000000
00100000
,
00000000
01000000
00010000
00100000
00001000
00000000
00010000
00000000
00000100
00000000
00001000
00000010
00000000
00000000
00000100
00000001
,
00000100
00000000
00000000
00000000
00000010
00000000
00001000
00000000
00000000
00000000
00000000
00000000
00000001
00000000
00000000
00000000
00000010
00000100
00000010
00000100
00000010
00000000
00000000
00000001
00000100
00000000
00000010
00000000
00001000
00000000
00001100
00000000
,
00000000
00000000
00010100
00000000
00000000
00000000
00011000
00000000
00000000
00000000
00001000
00010000
00001000
01000000
00100000
10000000
00010000
00100000
00010000
00100000
00010000
00000000
00000000
01000000
00100000
00000000
10000000
00000000
01000000
00000000
01100000
00000000
,
00000000
00000000
00110000
00000000
00000000
00000000
00101000
00000000
00001000
00000000
00010000
00000000
00011000
00000000
00010100
00000000
00001000
00000010
00001000
00000010
00001000
00000000
00000000
00000010
00000100
00000000
00000001
00000000
00001000
00000000
00001010
00000000
,
00000000
00000000
00000110
00000000
00000000
00000000
00000101
00000000
00000000
00000000
00000001
00000100
00000001
00001000
00000010
00010000
00001000
00100000
00001000
00100000
00001000
00000000
00000000
00100000
00010000
00000000
01000000
00000000
00100000
00000000
10100000
00000000
,
00000000
10010000
00000000
01010000
00100000
10000000
10010000
01100000
10000000
01000000
00100000
00010000
10000000
00000000
00000000
00100000
,
01000000
00000000
00010000
00000000
00100000
00000000
00001000
00000000
00010000
00000100
00001000
00000010
00000100
00000000
00000000
00000010
,
00001000
00000000
00000001
00000000
00000010
00000000
00000100
00000000
00000010
00000001
00001000
00000010
00000200
00000001
00000001
00000000
,
00000301
00000000
00001000
00000000
00000010
00001000
00000100
00010000
00002000
00010000
00010000
00000000
00013000
00000000
00001000
00000000
,
01000000
00010000
00100000
01000000
20000000
00000000
00010000
00000000
30010000
01000000
00100000
10000000
00020000
00000000
10000000
00000000
,
10030000
00100000
10000000
00100000
01000000
00010000
01000000
00010000
00100000
00001000
00100000
00001000
00010000
00000100
00010000
00000100
,
00001000
00000010
00000100
00000001
00001000
00000010
00000100
00000001
,
00001000
00000100
00010000
00001000
01000000
00010000
00100000
00001000
,
00010000
00000000
00000100
00000000
,
00010000
00000000
00001000
00000000
,
01000000
00000000
00001000
00000000
,
00010000
00000000
00000010
00000000
,
00022000
00000000
00033000
00101000
00010000
01000000
00100000
10000000
,
00010000
00000000
10000000
00100000
01000000
00000000
00010000
00000000
,
00100000
00000000
02200000
00000000
00000000
03300000
20020000
00000000
,
00000000
30030000
00202000
00000000
00000000
00303000
00001000
00010000
,
00001000
00010000
00000100
00001000
00000010
00000100
00000001
00001000
,
00000001
00000000
00000010
00000100
00001000
00000000
00000010
00000000
,
00000100
00000000
00000220
00000000
00000000
00000330
00002002
00000000
,
00000000
00003003
00000010
00000000
00000110
00000000
00001010
00000000
,
00001001
00000000
00000101
00000000
00000001
00000100
00000010
00001000
,
00000100
00000000
00000010
00000100
00001000
00000000
00000010
00000000
,
00010000
00000000
00022000
00000000
00000000
00033000
00020200
00000000
,
00000000
00030300
00002200
00000000
00000000
00003300
00001000
00000010
,
00001000
00000010
00010000
00001000
01000000
00010000
00100000
00010000
,
00100000
00000000
01000000
10000000
00100000
00000000
01000000
00000000
,
00010000
00000000
20020000
00000000
00000000
30030000
02200000
00000000
,
00000000
03300000
10000000
00000000
01010000
00000000
01100000
00000000
,
10100000
00000000
10010000
00000000
10000000
01000000
00100000
00010000
,
10000000
00000000
00100000
10000000
00010000
00000000
00100000
00000000
,
00001000
00000000
00021000
00000000
00000000
00030000
00000200
00001000
,
00000000
00000300
00002000
00000010
00000000
00003000
00000010
00000100
,
00000010
00000100
00000001
00001000
00000100
00010000
00000010
00001000
,
00000010
00000000
00000100
00000001
00000010
00000000
00000100
00000000
,
00001000
00000000
00002001
00000000
00000000
00003000
00000002
00000100
,
00000000
00000003
00000100
00000010
00001000
00000000
00001010
00000000
,
00001001
00000000
00000101
00000000
00001000
00000010
00001000
00000100
,
00010000
00000000
00001000
01000000
00010000
00000000
00100000
00000000
,
01000000
00000000
21000000
00000000
00000000
30000000
00020000
00100000
,
00000000
00030000
00200000
01000000
00000000
00300000
01000000
10000000
,
01000000
10000000
00100000
01000000
00010000
00100000
00001000
00010000
,
00001000
00000000
01000000
00010000
00100000
00000000
01000000
00000000
,
10000000
00000000
10200000
00000000
00000000
00300000
20000000
00010000
,
00000000
30000000
00010000
01000000
00100000
00000000
10100000
00000000
,
10000000
00000000
00010000
00000000
00100000
00001000
00100000
00001000
,
00010000
00000100
00010000
00000100
00001000
00000010
00001000
00000010
,
00000100
00000001
00000100
00000001
00001000
00000010
00010000
00001000
,
01000000
00100000
10000000
01000000
00100000
00001000
00010000
00000100
,
00000010
00000001
00001000
00000010
00000100
00000001
00000000
00000110
,
00000000
00001000
00000010
00000100
00000001
00000010
00001000
00000010
,
00000001
00000000
00000100
00000000
00000010
00000000
00010000
00000000
00001000
00010000
00001000
00010000
00000100
00001000
00000100
00001000
,
00000010
00001000
00000010
00001000
00000100
00010000
00000100
00010000
00001000
00000000
01000000
00000000
00100000
00000000
10000000
00000000
,
01000000
00100000
01000000
10000000
20020000
00000000
00000000
00000000
,
30030000
00000000
00000000
00000000
;
