#TITLE:Abyss;
#SUBTITLE:;
#ARTIST:dj TAKA;
#TITLETRANSLIT:;
#SUBTITLETRANSLIT:;
#ARTISTTRANSLIT:;
#CREDIT:;
#BANNER:Abyss.png;
#BACKGROUND:Abyss-bg.png;
#LYRICSPATH:;
#CDTITLE:./CDTITLES/BEATMANIA IIDX.PNG;
#MUSIC:Abyss.mp3;
#OFFSET:-0.055;
#SAMPLESTART:71.010;
#SAMPLELENGTH:12.000;
#SELECTABLE:YES;
#BPMS:0.000=142.000,128.000=20.290,129.000=142.000;
#STOPS:;
#BGCHANGES:;
// cache tags:
#FIRSTBEAT:16.000;
#LASTBEAT:225.000;
#SONGFILENAME:Songs/Techno/Abyss/Abyss.sm;
#HASMUSIC:1;
#HASBANNER:1;
#MUSICLENGTH:99.999;
// end cache tags

//---------------dance-single - ----------------
#NOTES:
     dance-single:
     :
     Easy:
     2:
     0.244,0.281,0.030,0.000,0.000,168.000,3.000,0.000,0.000,0.000:
0000
0000
0000
0000
,
0000
0000
0000
0000
,
0000
0000
0000
0000
,
0000
0000
0000
0000
,
1000
0000
1000
0000
,
1000
0000
1000
0000
,
0001
0000
0100
0000
,
1000
0000
0100
0100
,
1001
0100
1000
1000
,
0001
1000
0001
0001
,
1000
0001
1000
1000
,
0001
1000
0001
1000
,
0010
0100
0010
0100
,
0001
1000
0001
1000
,
0010
0100
0001
1000
,
0010
1000
0100
0001
,
0010
0010
0010
0010
,
1000
0100
0100
0100
,
1000
1000
0001
0001
,
0010
0100
0100
0100
,
1000
1000
0001
0100
,
1000
0100
0001
0100
,
1000
0100
1000
1000
,
0001
0001
1000
1000
,
0010
0100
1000
0100
,
0010
0100
0001
0100
,
1000
0001
0010
0100
,
0001
1000
0010
0100
,
0001
0001
0001
0001
,
0010
0100
0100
0100
,
1000
0000
1000
0000
,
1000
0001
1000
0001
,
1000
0000
0100
0000
,
1000
0000
0100
0000
,
1000
0000
0100
0000
,
0100
0000
0001
0000
,
0100
0000
1000
0000
,
0000
0000
1000
0000
,
0000
0000
1000
0000
,
0000
0000
1000
0001
,
1000
1001
1000
1000
,
1000
1000
0001
1000
,
0001
1000
0010
0010
,
0100
0100
0001
1000
,
0001
1000
0001
0100
,
1000
0100
0001
0100
,
1000
0100
0001
0000
,
0001
0000
0001
1000
,
0001
1001
1000
0000
,
1000
0000
1000
0000
,
1000
0001
0100
0000
,
0100
0000
0100
0000
,
0100
0001
0010
0001
,
0000
1000
0000
0001
,
0000
1000
0000
0001
,
0000
1000
0000
0001
,
0000
0100
0000
0000
;

//---------------dance-single - ----------------
#NOTES:
     dance-single:
     :
     Medium:
     5:
     0.360,0.394,0.180,0.000,0.000,234.000,18.000,0.000,0.000,0.000:
0000
0000
0000
0000
,
0000
0000
0000
0000
,
0000
0000
0000
0000
,
0000
0000
0000
0000
,
1000
0000
0100
0000
,
1000
0001
1000
0001
,
0100
0000
0100
0000
,
0001
0000
0001
0001
,
1001
0000
0100
0000
1000
1000
1000
0000
,
0001
0000
1000
0000
0100
0100
0100
0000
,
1000
0000
0010
0000
0001
0001
0001
0000
,
1000
0000
0100
0000
0010
0010
0010
0000
,
0010
0000
0001
0000
0100
0100
0100
0000
,
0001
0000
0100
0000
1000
1000
1000
0000
,
1000
0000
0100
0000
0001
0001
0001
0000
,
1000
0000
0001
0000
1000
1000
1000
0000
,
1001
0000
0100
0000
0001
1000
0100
0000
,
0010
0000
1000
0000
0001
1000
0100
0000
,
0010
0000
0001
0000
1000
0001
0100
0000
,
1000
0000
0100
0000
0010
0001
0100
0000
,
0001
0000
0010
0000
0100
1000
0001
0000
,
1000
0000
0001
0000
0010
0100
1000
0000
,
0001
0000
0100
0000
0010
1000
0100
0000
,
1000
0001
1000
1000
,
0010
0000
1001
0000
0001
1000
0100
0000
,
1000
0000
0101
0000
1000
0100
0010
0000
,
0001
0000
1100
0000
0001
0010
0100
0000
,
1000
0000
1001
0000
0010
1000
0001
0000
,
0100
0000
0110
0000
1000
0010
0100
0000
,
0001
0000
1010
0000
0001
0100
0010
0000
,
1000
0000
0101
0000
0001
1000
0100
0000
,
1000
1000
1000
1000
,
1000
0000
1000
0001
,
0100
0000
0001
0010
,
0100
0000
1000
0001
,
0100
0000
1000
0100
,
0010
0001
1001
0000
,
1000
1000
0100
0000
,
0001
0001
0100
0000
,
1000
0000
0000
0000
1000
0001
1000
0001
,
1000
0001
1000
0000
0010
0000
1001
0000
,
0100
0100
0100
0000
0001
0000
0110
0000
,
1000
1000
1000
0000
1000
0000
0101
0000
,
0010
0010
0010
0000
0001
0000
1001
0000
,
0100
0100
0100
0000
1000
0000
0001
0000
,
1000
0100
0010
0000
0001
0000
0100
0000
,
1000
0100
0001
0000
1000
0000
1100
0000
,
0001
0000
0101
0000
1000
0001
1000
0001
,
1000
0001
0100
0000
1001
0000
0100
0000
,
0001
1000
0100
0000
1001
0000
0100
0000
,
1000
0001
0100
0000
1000
1000
1000
0000
,
0001
0001
0001
0000
0010
0000
0010
0000
,
0100
0100
0100
0000
1000
0000
1000
0000
,
1000
1000
0001
0001
,
0001
0001
1000
0000
,
0001
0000
1000
1000
,
0100
0100
0000
0000
;

//---------------dance-single - ----------------
#NOTES:
     dance-single:
     :
     Hard:
     7:
     0.443,0.478,0.010,0.000,0.120,309.000,1.000,0.000,0.000,0.000:
0000
0000
0000
0000
,
0000
0000
0000
0000
,
0000
0000
0000
0000
,
0000
0000
0000
0000
,
0001
0000
1000
0000
,
0010
1000
0001
0100
,
0010
1000
0001
0100
0010
1000
0100
1000
,
0001
0001
0001
0001
0001
0001
0001
0001
,
0100
0000
0000
0001
1000
0000
0000
0000
0010
0000
1000
0000
0100
0000
0000
0000
,
0001
0000
0000
1000
0100
0000
0000
0000
0010
0000
0001
0000
0100
0000
0000
0000
,
0010
0000
0000
0001
0100
0000
0000
0000
1000
0000
0100
0000
1000
0000
0000
0000
,
0100
0000
0000
0010
0001
0000
0000
0000
0001
0000
1000
0000
0100
0000
0000
0000
,
1000
0000
0000
0001
0010
0000
0000
0000
0100
0000
1000
0000
0001
0000
0000
0000
,
0100
0000
0000
0010
1000
0000
0000
0000
0001
0000
0010
0000
0100
0000
0000
0000
,
0001
0000
0000
1000
0100
0000
0000
0000
0010
0000
0001
0000
1000
0000
0000
0000
,
0010
1000
0100
0010
0001
0100
0010
1000
,
0001
0000
0000
1000
0100
0000
0000
0000
0010
0000
0000
0001
1000
0000
0000
0000
,
0001
0000
0000
0001
0100
0000
0000
0000
1000
0000
0000
1000
0100
0000
0000
0000
,
0010
0000
0000
0001
1000
0000
0000
0000
0001
0000
0000
0001
1000
0000
0000
0000
,
0100
0000
0000
1000
0100
0000
0000
0000
0010
0000
0000
1000
0001
0000
0000
0000
,
0001
0000
0000
0010
0100
0000
0000
0000
0001
0000
0000
1000
0100
0000
0000
0000
,
0001
0000
0000
0100
0010
0000
0000
0000
1000
0000
0000
0001
0010
0000
0000
0000
,
0001
0000
0000
1000
0100
0000
0000
0000
0010
0000
0010
0000
0010
0000
0000
0000
,
0010
0100
0001
1000
0100
0100
0100
0000
,
0010
1000
0001
0100
0010
1000
0001
0100
,
0010
1000
0001
0100
0001
0100
0001
0100
,
0001
0010
0100
1000
0001
0010
0100
1000
,
0001
0010
0100
1000
0100
1000
0100
1000
,
0001
1000
0100
0010
0001
1000
0100
0010
,
0001
1000
0100
0010
0100
0010
0100
0010
,
0001
0100
0010
1000
0010
0100
0001
1000
,
0001
0100
0001
0100
0001
0100
0001
0100
,
0010
0000
1000
0001
,
0100
0100
0001
1000
,
0100
0100
1000
0010
,
0100
0100
0001
0010
,
0100
0100
1001
0000
,
0000
0000
0010
0000
,
1000
0000
0001
0100
,
1000
0000
0010
0000
1000
1000
1000
1000
,
1000
0000
1000
0000
1000
0000
1000
0000
0100
0000
0000
0010
0001
0000
0000
0000
,
0001
0000
0001
0000
0001
0000
0000
0000
1000
0000
0000
0100
1000
0000
0000
0000
,
0001
0000
0001
0000
0100
0000
0000
0000
0010
0000
0000
1000
0001
0000
0000
0000
,
1000
0000
1000
0000
0100
0000
0000
0000
0010
0000
0000
0001
0100
0000
0000
0000
,
1000
1000
1000
0000
0010
1000
0100
1000
,
0001
0100
0010
1000
0001
1000
0100
1000
,
0100
1000
0100
1000
0001
1000
0100
1000
,
0001
1000
0100
1000
0001
1000
0001
1000
,
0001
1000
0100
1000
0001
0000
0100
0000
,
1000
0100
0001
0100
,
1000
0000
0100
0000
0001
0100
1000
0100
,
0001
0100
1000
0100
0001
0001
0001
0001
,
0001
0001
0001
0001
0100
0000
0001
0000
,
1000
0001
0010
0001
,
0100
0001
0000
1000
,
0000
1000
0000
1000
,
0000
0001
0000
0000
;

//---------------dance-double - ----------------
#NOTES:
     dance-double:
     :
     Easy:
     3:
     0.263,0.394,0.130,0.000,0.000,171.000,13.000,0.000,0.000,0.000:
00000000
00000000
00000000
00000000
,
00000000
00000000
00000000
00000000
,
00000000
00000000
00000000
00000000
,
00000000
00000000
00000000
00000000
,
00000001
00000000
00000100
00000000
,
00001000
00000000
00000100
00000000
,
00001000
00000000
00010000
00000000
,
01000000
00000000
10000000
10000000
,
10010000
01000000
01000000
00010000
,
00010000
00001000
00001000
00000100
,
00000100
00000001
00000001
00000010
,
00000010
00000100
00000100
00001000
,
00000001
00000100
00000100
00001000
,
00001000
00010000
00010000
01000000
,
01000000
10000000
10000000
00100000
,
00100000
10000000
10000000
01000000
,
10000000
00010000
00001000
00000010
,
00000001
00000001
00000001
00000001
,
00000001
00001000
00010000
00100000
,
10000000
10000000
10000000
10000000
,
10000000
00010000
01000000
00001000
,
00010000
00000010
00001000
00000001
,
00000001
00001000
00000100
00010000
,
00001000
00100000
00010000
10000000
,
10000000
10000000
10000000
10000000
,
00010000
00001000
00000010
00000001
,
00000001
00000001
00000001
00000001
,
00001000
00010000
00100000
10000000
,
10000000
01000000
00010000
00001000
,
00000010
00000001
00000001
00000001
,
00000001
00000100
00001000
00010000
,
00100000
10000000
10000000
10000000
,
10000000
00000000
00001000
00000000
,
00000001
00000000
00000100
00000000
,
00000100
00000000
00001000
00000000
,
00001000
00000000
00010000
00000000
,
00010000
00000000
00100000
00000000
,
00000000
00000000
10000000
00000000
,
00000000
00000000
01000000
00000000
,
00000000
00000000
00010000
00001000
,
00001000
00001000
00000110
00000001
,
00000001
00000001
00000110
00001000
,
00001000
00001000
00011000
00100000
,
00100000
00100000
01100000
10000000
,
10000000
10000000
01100000
00010000
,
00010000
00010000
00011000
00000100
,
00000100
00000100
00000110
00000001
,
00000110
00001000
00011000
00011000
,
00011000
00011000
00100000
00000000
,
10000000
00000000
01000000
00000000
,
00010000
00000000
00001000
00000000
,
00001000
00000000
00001000
00000000
,
00001000
00000010
00000001
00000001
,
00000000
00001000
00000000
00000100
,
00000000
00010000
00000000
00001000
,
00000000
00100000
00000000
00010000
,
00000000
10000000
00000000
00000000
;

//---------------dance-double - ----------------
#NOTES:
     dance-double:
     :
     Medium:
     5:
     0.360,0.394,0.190,0.000,0.000,233.000,19.000,0.000,0.000,0.000:
00000000
00000000
00000000
00000000
,
00000000
00000000
00000000
00000000
,
00000000
00000000
00000000
00000000
,
00000000
00000000
00000000
00000000
,
10000000
00000000
01000000
00000000
,
00010000
00001000
00010000
00001000
,
00000100
00000001
00000100
00000001
,
00001000
00000100
00000001
00000100
,
00000010
00000000
00010010
00000000
00001000
00001000
00001000
00000000
,
00100000
01000000
10000000
10000000
,
01000000
00000000
00010000
00000000
00001000
00001000
00001000
00000000
,
00001000
00000100
00000001
00000001
,
00001000
00000000
00000100
00000000
00010000
00010000
00010000
00000000
,
00001000
00100000
01000000
01000000
,
10000000
00000000
00010000
00000000
00100000
00100000
00100000
00000000
,
00001000
00010000
00000100
00000100
,
00001001
00000000
00000100
00000000
00001000
00010000
01000000
00000000
,
10000000
00000000
01000000
00000000
00010000
10000000
01000000
00000000
,
00010000
00000000
00001000
00000000
00010000
00001000
00100000
00000000
,
00001000
00000000
00010000
00000000
00001000
00000010
00000001
00000000
,
00000001
00000000
00000100
00000000
00000100
00000010
00001000
00000000
,
00001000
00000000
00000100
00000000
00010000
00001000
01000000
00000000
,
00100000
00000000
10000000
00000000
10000000
01000000
00010000
00000000
,
00010000
00001000
00000100
00000100
,
00000001
00000000
00001100
00000000
00000010
00010000
00001000
00000000
,
00001000
00000000
00010100
00000000
00010000
00001000
01000000
00000000
,
00100000
00000000
10010000
00000000
00100000
10000000
01000000
00000000
,
00010000
00000000
11000000
00000000
01000000
00010000
00001000
00000000
,
00000100
00000000
00000110
00000000
00000010
00001000
00000100
00000000
,
00010000
00000000
00001100
00000000
00000010
00000001
00000100
00000000
,
00001000
00000000
01001000
00000000
00010000
00001000
00000100
00000000
,
00001000
00010000
00001000
00000100
,
00000001
00000000
00010000
00001000
,
00000100
00000000
00000001
00000010
,
00000100
00000000
00010000
00001000
,
01000000
00000000
00100000
10000000
,
01000000
00010000
00011000
00000000
,
00001000
00001000
00000100
00000000
,
00001000
00010000
01000000
00000000
,
10000000
00000000
00000000
00000000
10000000
01000000
00010000
01000000
,
10000000
00100000
01000000
00000000
00001000
00000000
00011000
00000000
,
00000010
00000100
00000100
00000000
00000001
00000000
00000110
00000000
,
00010000
00001000
00001000
00000000
00001000
00000000
00000101
00000000
,
00001000
00010000
00010000
00000000
00100000
00000000
10100000
00000000
,
00100000
00010000
00010000
00000000
00001000
00000000
01010000
00000000
,
00100000
00001000
00010000
00000000
00000010
00000000
00000100
00000000
,
00001000
00000100
00000001
00000000
00001000
00000000
00000101
00000000
,
00000010
00000000
00001100
00000000
00001000
00010000
00001000
00010000
,
00001000
00010000
01000000
00000000
10010000
00000000
01000000
00000000
,
01000000
00010000
00001000
00000000
00110000
00000000
00001000
00000000
,
00010000
00001000
00000100
00000000
00000001
00000001
00000001
00000000
,
00000100
00001000
00010000
00000000
00100000
00000000
00100000
00000000
,
10000000
10000000
10000000
00000000
01000000
00000000
00010000
00000000
,
00100000
10000000
01000000
00010000
,
00001000
00000100
00000001
00000000
,
00001000
00000000
00100000
00010000
,
00001000
00000010
00000000
00000000
;

//---------------dance-double - ----------------
#NOTES:
     dance-double:
     :
     Hard:
     7:
     0.443,0.478,0.010,0.000,0.120,309.000,1.000,0.000,0.000,0.000:
00000000
00000000
00000000
00000000
,
00000000
00000000
00000000
00000000
,
00000000
00000000
00000000
00000000
,
00000000
00000000
00000000
00000000
,
00001000
00000000
00010000
00000000
,
00100000
10000000
01000000
00010000
,
00000010
00001000
00000001
00000100
00000010
00001000
00000100
00010000
,
00001000
00100000
01000000
01000000
01000000
01000000
01000000
01000000
,
10000000
00000000
00000000
00010000
01000000
00000000
00000000
00000000
00100000
00000000
10000000
00000000
01000000
00000000
00000000
00000000
,
00001000
00000000
00000000
00100000
00010000
00000000
00000000
00000000
00001000
00000000
00010000
00000000
00000100
00000000
00000000
00000000
,
00010000
00000000
00000000
00000010
00000100
00000000
00000000
00000000
00000001
00000000
00001000
00000000
00000100
00000000
00000000
00000000
,
00010000
00000000
00000000
00001000
01000000
00000000
00000000
00000000
00001000
00000000
00010000
00000000
00000100
00000000
00000000
00000000
,
00000010
00000000
00000000
00010000
00001000
00000000
00000000
00000000
01000000
00000000
00100000
00000000
10000000
00000000
00000000
00000000
,
00010000
00000000
00000000
10000000
01000000
00000000
00000000
00000000
00100000
00000000
00001000
00000000
00010000
00000000
00000000
00000000
,
01000000
00000000
00000000
00001000
00010000
00000000
00000000
00000000
00000100
00000000
00001000
00000000
00000001
00000000
00000000
00000000
,
00000010
00001000
00000100
00010000
00001000
00100000
00010000
10000000
,
00010000
00000000
00000000
00010000
00001000
00000000
00000000
00000000
00000010
00000000
00000000
00000001
00001000
00000000
00000000
00000000
,
00000100
00000000
00000000
00010000
00001000
00000000
00000000
00000000
00001000
00000000
00000000
00000001
00000100
00000000
00000000
00000000
,
00000010
00000000
00000000
00010000
00001000
00000000
00000000
00000000
00100000
00000000
00000000
10000000
01000000
00000000
00000000
00000000
,
00010000
00000000
00000000
00001000
00100000
00000000
00000000
00000000
00001000
00000000
00000000
00000100
00000001
00000000
00000000
00000000
,
00000001
00000000
00000000
00001000
00000100
00000000
00000000
00000000
00010000
00000000
00000000
01000000
10000000
00000000
00000000
00000000
,
00010000
00000000
00000000
00100000
01000000
00000000
00000000
00000000
00010000
00000000
00000000
00001000
01000000
00000000
00000000
00000000
,
00010000
00000000
00000000
00000010
00000100
00000000
00000000
00000000
00000001
00000000
00000001
00000000
00000001
00000000
00000000
00000000
,
00000010
00000100
00001000
00000100
00010000
00001000
01000000
00000000
,
10000000
00100000
01000000
00001000
00010000
00000010
00001000
00000001
,
00001000
00000100
00000010
00000100
00000010
00000100
00000010
00000100
,
00001000
00000001
00000100
00001000
00010000
01000000
10000000
00010000
,
10000000
01000000
00100000
01000000
00100000
01000000
00100000
01000000
,
10000000
00010000
01000000
00001000
00010000
01000000
00010000
00001000
,
00000100
00000001
00000010
00000100
00001000
00000100
00001000
00000100
,
00010000
00001000
00010000
00001000
00100000
01000000
00100000
01000000
,
10000000
01000000
00100000
00001000
00010000
00000100
00001000
00000001
,
00000100
00000000
10000000
00010000
,
01000000
01000000
00010000
00001000
,
00010000
00010000
00100000
10000000
,
01000000
01000000
00010000
00001000
,
00000100
00000100
00001001
00000000
,
00000000
00000000
00000100
00000000
,
00001000
00000000
00010000
01000000
,
10000000
00000000
00010000
00000000
10000000
01000000
00100000
00010000
,
10000000
00000000
10000000
00000000
10000000
00000000
10000000
00000000
01000000
00000000
00000000
00010000
00001000
00000000
00000000
00000000
,
00001000
00000000
00001000
00000000
00000100
00000000
00000000
00000000
00000001
00000000
00000000
00001000
00000100
00000000
00000000
00000000
,
00000001
00000000
00000001
00000000
00000100
00000000
00000000
00000000
00001000
00000000
00000000
00010000
00001000
00000000
00000000
00000000
,
00001000
00000000
00001000
00000000
00000100
00000000
00000000
00000000
00010000
00000000
00000000
00010000
01000000
00000000
00000000
00000000
,
00001000
00010000
01000000
00000000
10000000
00100000
01000000
00010000
,
10000000
01000000
00010000
00001000
00000100
00000001
00000100
00000001
,
00000100
00000001
00000100
00000001
00001000
00000100
00001000
00000100
,
00100000
00010000
00100000
00010000
10000000
00010000
10000000
00010000
,
10000000
00010000
01000000
00010000
10000000
00000000
01000000
00000000
,
00001000
00010000
01000000
00010000
,
00001000
00000000
00010000
00000000
01000000
00010000
00001000
00010000
,
01000000
00010000
00001000
00000100
00000010
00000010
00000010
00000010
,
00000100
00000100
00000100
00000100
00000001
00000000
00000100
00000000
,
00001000
00000100
00010000
00001000
,
00100000
01000000
00000000
10000000
,
00000000
10000000
00000000
10000000
,
00000000
00010000
00000000
00000000
;

//---------------dance-single - beginner----------------
#NOTES:
     dance-single:
     beginner:
     Beginner:
     1:
     0.187,0.197,0.140,0.000,0.000,117.000,14.000,0.000,0.000,0.000:
0000
0000
0000
0000
,
0000
0000
0000
0000
,
0000
0000
0000
0000
,
0000
0000
0000
0000
,
1000
0000
1000
0000
,
1000
0000
1000
0000
,
0001
0000
0100
0000
,
1000
0000
0100
0000
,
1000
1000
0000
0000
,
1000
1000
0000
0000
,
0001
0001
0000
0000
,
0001
0001
0000
0000
,
1000
1000
0000
0000
,
0001
0001
0000
0000
,
1000
1000
0000
0000
,
0001
0001
0000
0000
,
0000
0010
0010
0010
,
0000
0100
0100
0100
,
0000
1000
0000
0001
,
0000
0100
0100
0100
,
0000
0010
0010
0010
,
0000
0100
0100
0100
,
0000
1000
0000
0001
,
0000
0100
0100
0100
,
0000
0100
0000
0100
,
0000
0100
0000
0100
,
0000
0001
0000
0100
,
0000
1000
0000
0100
,
0000
0001
0001
0001
,
0000
0100
0100
0100
,
0000
1000
1000
1000
,
0000
0100
0100
0100
,
0100
0000
0000
0000
,
0000
1000
0000
1001
,
0000
1000
0000
1001
,
0000
1000
0000
1001
,
0000
0001
0000
1001
,
0000
0001
0000
1001
,
0000
0001
0000
1001
,
0000
0001
0001
0001
,
0000
0010
0000
1001
,
0000
0010
0000
0100
,
0000
0010
0000
1001
,
0000
0010
0000
0010
,
0000
0010
0000
1001
,
0000
0010
0000
0100
,
0000
0010
0000
1001
,
0000
0010
0010
0010
,
0000
1000
0000
0110
,
0000
0001
0000
1000
,
0000
0001
0000
0110
,
0000
1000
0000
1000
,
0000
1000
0000
0110
,
0000
0001
0000
1000
,
0000
0001
0000
0110
,
0000
1000
0000
1000
,
1000
1000
0000
0000
;
