#TITLE:So Fabulous!;
#SUBTITLE:;
#ARTIST:HHH (ryu and dai);
#TITLETRANSLIT:;
#SUBTITLETRANSLIT:;
#ARTISTTRANSLIT:;
#CREDIT:;
#BANNER:So Fabulous!!-bn.png;
#BACKGROUND:So Fabulous!!-bg.png;
#LYRICSPATH:;
#CDTITLE:razmatitle.png;
#MUSIC:So Fabulous!!.mp3;
#OFFSET:-0.060;
#SAMPLESTART:103.080;
#SAMPLELENGTH:12.000;
#SELECTABLE:YES;
#BPMS:0.000=149.000;
#STOPS:;
#BGCHANGES:-4.000=So Fabulous!!.AVI=1.000=1=1=0,
99999=-nosongbg-=1.000=0=0=0 // don't automatically add -songbackground-
;
// cache tags:
#FIRSTBEAT:16.000;
#LASTBEAT:291.000;
#SONGFILENAME:Songs/Encore/So Fabulous!/So Fabulous!!.sm;
#HASMUSIC:1;
#HASBANNER:1;
#MUSICLENGTH:118.047;
// end cache tags

//---------------dance-single - ----------------
#NOTES:
     dance-single:
     :
     Beginner:
     2:
     0.171,0.213,0.008,0.034,0.000,136.000,1.000,4.000,0.000,0.000:
0000
0000
0000
0000
,
0000
0000
0000
0000
,
0000
0000
0000
0000
,
0000
0000
0000
0000
,
1000
0000
1000
0000
,
0001
0001
0001
0000
,
0010
0000
0010
0000
,
0100
0100
0100
0000
,
0001
0000
0001
0000
,
0010
0010
0010
0000
,
1000
0000
1000
0000
,
0100
0100
0100
0000
,
1001
0000
0000
0000
,
1000
0000
1000
0000
,
0020
0000
0030
0000
,
0001
0000
0001
0000
,
0020
0000
0030
0000
,
0100
0000
0100
0000
,
1000
0000
1000
0000
,
0001
0000
0001
0000
,
0020
0000
0030
0000
,
0200
0000
0300
0000
,
0001
0000
1000
0000
,
0100
0100
0100
0100
,
0100
0000
0000
0000
,
0000
0000
0000
0000
,
1000
0000
0100
0000
,
0001
0000
0010
0000
,
1000
0000
0001
0000
,
0100
0100
0100
0000
,
0010
0000
0100
0000
,
0001
0000
1000
1000
,
1000
0000
0010
0000
,
0100
0000
0001
0000
,
0100
0000
0010
0000
,
0100
0000
0001
0000
,
1000
0000
0010
0000
,
0100
0000
1000
1000
,
1000
0000
0001
0000
,
0010
0000
0100
0000
,
1000
0000
0001
0000
,
0100
0000
0010
0010
,
0010
0000
0000
0000
,
0000
0000
0000
0000
,
0000
0000
0000
0000
,
0000
0000
0000
0000
,
1000
1000
0000
0001
,
0000
0001
0000
0010
,
0000
0010
0000
0100
,
0100
0000
0010
0000
,
0010
0000
1000
0000
,
0100
0000
0001
0000
,
0010
0000
0100
0000
,
0001
0000
1000
0000
,
0001
0000
1000
0000
,
0001
0001
0001
0000
,
1000
0000
0100
0000
,
0010
0000
0100
0000
,
1000
0000
0001
0000
,
0100
0100
0100
0000
,
0010
0000
1000
0000
,
0100
0000
0001
0000
,
0100
0000
0001
0000
,
0010
0000
1000
1000
,
1000
0000
0001
0000
,
0100
0000
0010
0000
,
0100
0000
0001
0000
,
1000
0000
0100
0000
,
0010
0000
1000
0000
,
0001
0000
0100
0000
,
0010
0000
0100
0000
,
0001
0000
1000
1000
;

//---------------dance-single - ----------------
#NOTES:
     dance-single:
     :
     Hard:
     9:
     0.614,0.616,0.119,0.136,0.419,477.000,14.000,16.000,0.000,0.000:
0000
0000
0000
0000
,
0000
0000
0000
0000
,
0000
0000
0000
0000
,
0000
0000
0000
0000
,
1000
0100
0000
1000
0000
0100
0010
0000
0001
0000
0100
0010
0000
1000
0000
0100
,
0000
0010
0001
0200
0000
0000
0000
0300
,
0001
1000
0000
0100
0000
0010
0001
0000
0100
0000
0010
1000
0000
0100
0000
0010
,
0000
0001
0100
0020
0000
0000
0000
0030
,
1000
0100
0000
0010
0000
0001
0100
0000
0010
0000
0100
0001
0000
1000
0000
0001
,
0000
1000
0100
2000
0000
0000
0000
3000
,
0010
0100
0000
0001
0000
1000
0100
0000
0010
0000
0001
0100
0000
0010
0000
1000
,
0000
0100
0010
0200
0000
0000
0000
0300
,
2002
0000
0000
3003
,
1000
0100
0010
0000
0100
0010
0001
0000
,
1000
0010
0100
0002
0000
0000
0003
0000
,
0001
0100
0010
0000
0100
0010
1000
0000
,
0001
0100
0010
2000
0000
0000
3000
0000
,
1000
0100
0001
0000
0001
0100
1000
0000
,
0010
0000
0100
0000
0001
1000
0000
1000
0001
0000
0100
0000
0010
0000
1000
0000
,
0001
0100
0010
1000
0100
0010
0001
1000
,
0100
0010
0001
0000
0100
0100
1001
0000
,
0010
0000
0000
0000
1000
0001
0110
0000
,
0001
1000
0100
0000
1000
0001
0100
0000
,
0001
0100
1000
0100
0001
0010
1000
0010
,
0001
0100
0000
0010
0000
1000
0100
0000
0010
0000
0001
0100
0000
0010
0000
1000
,
0000
0001
0100
0020
0000
0000
0130
0000
,
0001
0100
0000
0100
0001
0000
1000
0000
0100
0000
0010
0000
0001
0000
1000
0000
,
0001
0100
0010
0200
0000
0000
0310
0000
,
1000
0100
0000
0100
1000
0000
0010
0000
0100
0000
0010
0000
1000
0000
0001
0000
,
0100
0010
1000
0200
0000
0000
0310
0000
,
0100
0001
0000
0001
0100
0000
0010
0000
1000
0000
0100
0000
0010
0000
0001
0000
,
1000
0000
0001
0000
0100
0010
0000
1000
0000
0000
0100
0000
0010
0000
0001
0000
,
1000
0010
0000
0010
1000
0000
0001
0000
0100
0000
0010
0000
1000
0000
0100
0000
,
0010
0100
1000
0002
0000
0000
1003
0000
,
0001
0000
1000
0100
0000
0100
1000
0000
0010
0000
0100
0001
0000
0001
0100
0000
,
0010
0000
1000
0001
0000
0001
1000
0000
0100
0000
0010
0000
0001
0000
0100
0000
,
0010
0000
0100
0001
0000
0001
0100
0000
0010
0000
1000
0100
0000
0100
1000
0000
,
0001
0000
0100
0010
0000
0010
0100
0000
0001
0000
1000
0000
0100
0000
0000
0000
,
0010
0000
0001
0100
0000
0100
0001
0000
1000
0000
0100
0010
0000
0010
0100
0000
,
1000
0000
0001
1000
0000
1000
0001
0000
0010
0000
0100
0000
1000
0000
0001
0000
,
0100
0000
0010
1000
0000
1000
0010
0000
0100
0000
0001
0010
0000
0010
0001
0000
,
1000
0000
0100
1000
0000
1000
0100
0000
0010
0000
0001
0000
0100
0000
0000
0000
,
2002
0000
0000
0000
,
0000
0000
0000
0000
,
3003
0000
0000
0000
,
0000
0000
0000
0000
,
1000
0100
0010
0000
0001
0100
0010
0000
,
1000
0010
0100
0001
0100
0010
1000
0100
,
0010
0001
1000
0000
0010
1000
0001
0000
,
1000
0100
0010
0001
0110
0110
1001
0000
,
0010
0100
0001
0000
0010
0100
1000
0000
,
0001
0100
1000
0100
0001
1000
0010
0100
,
0001
1000
0001
0000
1000
0001
1000
0000
,
0010
0100
0001
1000
0110
0110
1001
0000
,
1000
0100
0001
0000
1000
0100
0001
0000
,
0100
1000
0001
0100
0010
1000
0001
0000
0000
1001
0000
0000
,
1000
0000
0010
0100
0000
0100
0010
0000
1000
0000
0001
0100
0000
0100
0001
0000
,
0010
0000
0100
1000
0000
1000
0100
0000
0010
0000
0001
0000
1000
0000
0100
0000
,
0010
0000
0001
1000
0000
1000
0001
0000
0100
0000
0010
1000
0000
1000
0010
0000
,
1000
0000
0100
0010
0000
0010
0100
0000
1000
0000
0001
0000
0100
0000
0000
0000
,
1000
0100
1000
0100
0010
0100
0010
0100
,
1000
0001
0100
0010
0100
0001
1000
0100
,
0010
0001
0010
0100
1000
0001
0100
0010
,
1000
0001
0100
0010
0100
1001
1001
0000
,
0001
0000
0100
0001
0100
0000
0010
0000
1000
0000
0100
0000
0010
0000
0100
0000
,
1000
0000
0100
0010
0100
0000
0010
0000
0001
0000
0100
0000
0010
0000
1000
0000
,
0001
0000
1000
0010
1000
0000
0100
0000
1000
0000
0001
0100
0001
0000
1000
0000
,
0010
0000
0100
0001
0100
0000
0010
0000
1000
0000
0100
0000
1000
0000
0000
0000
,
0001
0000
0100
0010
0000
0010
0100
0000
0001
0000
1000
0100
0000
0100
1000
0000
,
0010
0000
0100
0001
0000
0001
0100
0000
0010
0000
1000
0000
0100
0000
0010
0000
,
0001
0000
0100
0010
0000
0010
0100
0000
0001
0000
1000
0100
0000
0100
1000
0000
,
0010
0000
0100
0001
0000
0001
0100
0000
0010
0000
0010
0000
2002
0000
0000
0000
,
0000
0000
0000
3003
;

//---------------dance-single - ----------------
#NOTES:
     dance-single:
     :
     Easy:
     4:
     0.286,0.395,0.110,0.195,0.000,200.000,13.000,23.000,0.000,0.000:
0000
0000
0000
0000
,
0000
0000
0000
0000
,
0000
0000
0000
0000
,
0000
0000
0000
0000
,
2000
0000
0000
3001
,
0002
0100
0103
0000
,
0020
0000
0000
1030
,
0200
0010
0310
0000
,
0001
1000
0001
1000
,
0100
0010
0100
0000
,
1000
0001
1000
0001
,
0100
0010
0100
0000
,
2002
0000
0000
3003
,
0100
0000
0010
0000
,
1000
0100
0100
0000
,
0010
0000
0001
0000
,
0100
0010
0010
0000
,
0100
0000
0001
0000
,
1000
1000
0001
0001
,
0010
0000
0100
0000
,
1000
0001
1001
0000
,
0100
0010
0110
0000
,
1001
0000
0110
0000
,
1001
1001
0110
0110
,
0001
1000
0001
1000
,
0010
0100
0100
0000
,
0001
0010
0001
0010
,
0001
0100
0100
0000
,
0010
1000
0010
1000
,
0010
0100
0100
0000
,
0001
1000
0001
1000
,
0010
0100
0010
0010
,
1000
0100
1000
0100
,
1000
0010
0010
0000
,
2000
0000
3002
0000
,
0103
0010
0100
0010
,
2000
0000
3200
0000
,
0310
0001
0001
1001
,
2000
0000
3020
0000
,
0130
0001
0001
1000
,
0200
0000
0320
0000
,
0031
0100
0001
1000
,
0020
0000
0000
0000
,
0030
0000
0000
0000
,
0000
0000
0000
0000
,
0000
0000
0000
0000
,
1000
0100
0000
1000
,
0000
0010
0000
0100
,
0001
0100
0000
0010
,
0000
0100
0000
1001
,
0001
0100
0000
0010
,
0000
1000
0000
0100
,
1000
0100
0000
0010
,
0000
0001
0100
0010
,
0100
0010
1000
0001
,
1000
0001
1001
0000
,
0100
0010
0100
0010
,
1000
0001
1000
1000
,
0100
0010
0100
0010
,
0001
0100
0010
0010
,
1000
0100
1000
0100
,
0010
0100
0010
0100
,
0010
0001
0010
0001
,
1000
0001
1000
0001
,
2000
0000
3020
0000
,
0130
0001
0100
0001
,
2000
0000
3200
0000
,
0310
0001
0010
0001
,
0200
0000
0320
0000
,
1030
0100
1000
0100
,
2000
0000
3002
0000
,
0103
0010
0100
0110
;

//---------------dance-single - ----------------
#NOTES:
     dance-single:
     :
     Medium:
     6:
     0.410,0.425,0.212,0.034,0.000,310.000,25.000,4.000,0.000,0.000:
0000
0000
0000
0000
,
0000
0000
0000
0000
,
0000
0000
0000
0000
,
0000
0000
0000
0000
,
1000
0010
0100
0000
0001
0100
0010
0000
,
1000
0001
1000
0001
0000
0000
0000
0000
,
1000
0100
0010
0000
0001
0010
0100
0000
,
1000
0001
1000
0001
0000
0000
0000
0000
,
0100
0010
0100
0000
0001
1000
0001
0000
,
1000
0100
1000
0010
0000
0000
0000
0000
,
0100
0001
0100
0000
0010
1000
0010
0000
,
0100
0001
0010
0100
0000
0000
0000
0000
,
2002
0000
0000
3003
,
0100
0010
1000
0100
,
0010
0001
0010
0001
0000
0000
0000
0000
,
1000
0001
0010
0100
,
1000
0001
1000
0001
0000
0000
0000
0000
,
0100
0010
1000
0001
,
0100
0010
0100
0000
0001
0000
1001
0000
,
0100
0010
0001
1000
,
0100
0010
0100
0000
0010
0000
0110
0000
,
0001
1000
0001
0000
1000
0000
1001
0000
,
1000
0001
1000
0000
0001
1000
0001
0000
,
0100
0010
0100
0000
0010
0100
0010
0000
,
1000
0100
0010
0001
,
0010
0100
1000
0100
0000
0000
1001
0000
,
0010
1000
0100
1000
,
0001
0100
0001
0100
0000
0000
0000
0000
,
0010
0100
0001
1000
,
0100
1000
0100
1000
0000
0000
0000
0000
,
0001
0100
0010
0100
,
0001
1000
0001
1000
0000
0001
0100
0010
,
0100
0001
1000
0100
,
0010
0100
0010
0100
0000
0000
0000
0000
,
1000
1100
0001
0101
,
0010
0000
1001
0000
0100
0010
0100
0010
,
0100
0110
0001
0101
,
1000
0000
1010
0000
0001
0100
0001
0000
,
1000
1010
0001
0101
,
0010
0000
1001
0000
0100
0010
0100
0010
,
0100
0110
1000
1100
,
0001
0000
0011
0000
1000
0100
0010
0000
,
2002
0000
0000
0000
,
0000
0000
0000
3003
,
0000
0000
0000
0000
,
0000
0000
0000
0000
,
1000
0100
0001
0100
,
1000
0000
0001
0000
0100
0010
0100
0010
,
0100
0001
0100
1000
,
0100
0000
0001
0000
1000
0010
1000
0000
,
0001
0010
1000
0010
,
0001
0000
1000
0000
0001
0100
0001
0100
,
0010
1000
0100
1000
,
0001
0000
0010
0000
0001
1000
0001
0000
,
1000
0010
1000
0000
0001
0100
0001
0000
,
1000
0100
0010
0001
0010
0000
1001
0000
,
0100
0010
1000
0000
0001
0100
0010
0000
,
1000
0100
0010
0000
0001
0000
1001
0000
,
0001
0100
0010
0000
1000
0100
0010
0000
,
0001
0100
0010
0000
1001
0000
0110
0000
,
1000
0010
0100
0000
0001
0100
0010
0000
,
1000
0100
0010
0000
0001
1000
0001
0000
,
0100
0010
0100
0000
0001
1000
0100
0000
,
0010
0001
1000
0000
0100
0000
0110
0000
,
0001
0000
0010
0000
0100
1000
0100
0000
,
0010
0000
0001
0000
0100
0001
0100
0000
,
0010
0000
0100
0000
0010
1000
0010
0000
,
0100
0001
0100
0000
0010
0000
1001
0000
,
0100
0000
0010
0000
0001
0010
0001
0000
,
1000
0000
0100
0000
1000
0010
1000
0000
,
0001
0000
0100
0000
0010
0100
0010
0000
,
1000
0001
1000
0000
0100
0000
1001
0000
;

//---------------dance-double - ----------------
#NOTES:
     dance-double:
     :
     Easy:
     3:
     0.205,0.216,0.042,0.008,0.000,163.000,5.000,1.000,0.000,0.000:
00000000
00000000
00000000
00000000
,
00000000
00000000
00000000
00000000
,
00000000
00000000
00000000
00000000
,
00000000
00000000
00000000
00000000
,
00000001
00000000
00000010
00000000
,
00000001
00001000
00000100
00000000
,
00010000
00000000
00001000
00000000
,
01000000
00010000
01000000
00000000
,
00100000
00000000
10000000
00000000
,
00010000
01000000
00010000
00000000
,
00100000
00000000
00001000
00000000
,
00010000
00001000
00010000
00000000
,
00011000
00000000
00000000
00000000
,
00000100
00001000
00000000
00000010
,
00000000
00000100
00000001
00000000
,
00001000
00000100
00000000
00010000
,
00000000
00001000
00100000
00000000
,
00010000
01000000
00000000
00100000
,
00000000
10000000
01000000
10000000
,
00100000
01000000
00000000
00010000
,
00000000
00001000
00010000
00000000
,
00011000
00000000
00010000
00001000
,
00010000
00000000
00000100
00000000
,
00001000
00000010
00001000
00000010
,
00000100
00000001
00000000
00001000
,
00000000
00000100
00010000
00000000
,
00001000
00000000
01000000
00000000
,
00010000
10000000
00010000
00000000
,
01000000
00000000
00100000
00000000
,
10000000
01000000
10000000
00000000
,
00010000
00000000
01000000
00000000
,
00001000
00010000
00001000
00010000
,
00000100
00000000
00001000
00000000
,
00000010
00000100
00000010
00000000
,
00001000
00000000
00000010
00000000
,
00000100
00000000
00000001
00001000
,
00000001
00000000
00001000
00000000
,
00000100
00000000
00010000
00001000
,
00010000
00000000
00001000
00000000
,
01000000
00000000
00010000
00100000
,
00010000
00000000
10000000
00000000
,
01000000
00000000
00100000
00010000
,
10010000
00000000
00000000
00000000
,
00000000
00000000
00000000
00000000
,
00000000
00000000
00000000
00000000
,
00000000
00000000
00000000
00000000
,
10000000
00100000
00000000
01000000
,
00000000
00001000
00000000
00010000
,
00001000
00010000
00000000
00000100
,
00000000
00001000
00000010
00000100
,
00000001
00001000
00000000
00000100
,
00000000
00010000
00000000
00001000
,
00100000
00010000
00000000
01000000
,
00000000
00100000
10000000
00010000
,
01000000
00000000
00100000
00000000
,
01000000
00000000
10010000
00000000
,
01000000
00000000
00100000
00000000
,
10000000
00000000
01000000
00100000
,
00010000
00000000
01000000
00000000
,
00001000
00000000
00011000
00000000
,
00000100
00000000
00001000
00000000
,
00000010
00000000
00000100
00000001
,
00000010
00000000
00001000
00000000
,
00000100
00000000
00010000
00001000
,
00010000
00000000
00000100
00000000
,
00001000
00000000
00000010
00000000
,
00000100
00000000
00000001
00000000
,
00001000
00000000
00000100
00000000
,
00010000
00001000
00010000
00000000
,
00000100
00000000
00001000
00000000
,
00000010
00000100
00000001
00000000
,
00001000
00000100
00001000
00000200
,
00000000
00000000
00000000
00000300
;

//---------------dance-double - ----------------
#NOTES:
     dance-double:
     :
     Medium:
     5:
     0.356,0.431,0.059,0.203,0.000,263.000,7.000,24.000,0.000,0.000:
00000000
00000000
00000000
00000000
,
00000000
00000000
00000000
00000000
,
00000000
00000000
00000000
00000000
,
00000000
00000000
00000000
00000000
,
10000000
00100000
01000000
00010000
,
00100000
00010000
00100000
00002000
00000000
00000000
00003000
00000000
,
00010000
00000100
00001000
00000010
,
00000100
00000001
00000100
00000020
00000000
00000000
00000030
00000000
,
00001000
00000100
00000010
00000001
,
00001000
00000000
00000100
00001000
00000100
00000000
00010000
00000000
,
00001000
01000000
00010000
00100000
,
00010000
10000000
00010000
02000000
00000000
00000000
03000000
00000000
,
10010000
00000000
00000000
00000000
,
20000000
00000000
30200000
00000000
,
01300000
00000000
00001000
00010000
00001000
00000000
00000000
00000000
,
00000200
00000000
00002300
00000000
,
00003010
00000000
00000100
00000001
00000100
00000000
00000010
00000000
,
00002000
00000000
00003200
00000000
,
00010300
00000000
00001000
00010000
00001000
00000000
01000000
00000000
,
00200000
00000000
20300000
00000000
,
31000000
00000000
00100000
00010000
00100000
00000000
01000000
00000000
,
00001000
00000000
00010000
00001000
00010000
00000000
00000100
00000000
,
00001000
00000010
00000100
00000001
,
00001000
00000000
00000100
00000000
00000010
00000001
00000010
00000001
,
00000010
00000100
00001000
00000100
,
00010000
00001000
00011000
00000000
,
01000000
00100000
10000000
01000000
,
00100000
00000000
00010000
00100000
00010000
00000000
00000000
00000000
,
01000000
00010000
00100000
00001000
,
00010000
00000000
00000100
00001000
00000100
00000000
00000000
00000000
,
00001000
00000010
00000100
00000001
,
00001000
00000000
00000100
00000010
00000100
00000000
00000010
00000000
,
00000001
00001000
00000100
00000010
,
00000001
00000100
00000010
00000110
,
00002000
00003100
00010000
00001000
,
02000000
03100000
10000000
01000000
,
00200000
00310000
01000000
00001000
,
00020000
00031000
00020000
00030200
,
00002300
00003010
00000100
00000001
,
00002000
00003100
00000010
00000001
,
00000020
00000130
00001000
00000001
,
00000100
00000000
00000010
00000000
00001000
00000100
00001000
00000000
,
00002002
00000000
00000000
00000000
,
00000000
00000000
00003003
00000000
,
00000000
00000000
00000000
00000000
,
00000000
00000000
00000000
00000000
,
00000100
00000000
00010000
00000000
00000000
00001000
01000000
00000000
,
00010000
00000000
00100000
00000000
00000000
01000000
10000000
00000000
,
00010000
00000000
01000000
00000000
00000000
00001000
00010000
00000000
,
00000100
00001000
00000010
00000100
,
00000001
00000000
00001000
00000000
00000000
00000100
00010000
00000000
,
00001000
00000000
00100000
00000000
00000000
00010000
01000000
00000000
,
00100000
00000000
10000000
00000000
00000000
01000000
00100000
00000000
,
00010000
00000000
01000000
00000000
00100000
10000000
00100000
00000000
,
01000000
00010000
01000000
00000000
00010000
00100000
00010000
00000000
,
01000000
00001000
00010000
00000000
00011000
00000000
00011000
00000000
,
00000100
00001000
00000010
00000100
,
00000001
00001000
00000100
00000010
,
00000001
00001000
00000100
00010000
,
00001000
00000000
01000000
00000000
00100000
10000000
00100000
00000000
,
01000000
00010000
00100000
00001000
,
00010000
00000100
00001000
00000010
,
00000100
00000001
00001000
00000100
,
00010000
00000000
00001000
00000000
01000000
00010000
01000000
00000000
,
00100000
10000000
01000000
10000000
,
00010000
01000000
00100000
01000000
,
00001000
00010000
00000100
00001000
,
00000010
00000000
00000100
00000000
00000001
00000010
00000001
00000000
,
00001000
00000100
00000010
00000100
,
00010000
00000000
00001000
00000000
00100000
00010000
00100000
00000000
,
00001000
00010000
00000100
00001000
,
00000100
00000000
00010000
00001000
00010000
00000000
00022000
00000000
,
00000000
00000000
00000000
00033000
;

//---------------dance-double - ----------------
#NOTES:
     dance-double:
     :
     Hard:
     9:
     0.593,0.585,0.119,0.093,0.284,465.000,14.000,11.000,0.000,0.000:
00000000
00000000
00000000
00000000
,
00000000
00000000
00000000
00000000
,
00000000
00000000
00000000
00000000
,
00000000
00000000
00000000
00000000
,
10000000
00100000
00000000
00000000
01000000
00010000
00000000
00000000
00100000
00001000
00010000
00000000
00000100
00000000
00001000
00000000
,
00000010
00000100
00000001
00000100
00000000
00000000
00000010
00000000
,
00001000
00000100
00000000
00000000
00000010
00000001
00000000
00000000
00001000
00000100
00000000
00000000
00010000
00001000
01000000
00000000
,
00010000
00100000
01000000
10000000
00000000
00000000
00010000
00000000
,
10000000
00100000
01000000
00010000
00100000
00010000
01000000
00001000
,
00010000
00000100
00000010
00000001
00000000
00000000
00000100
00000000
,
00000010
00001000
00000100
00010000
00000100
00001000
00000010
00000100
,
00001000
00000000
00000000
00010000
00000000
00000000
01000000
00000000
00000000
10000000
00000000
00000000
00010000
00000000
01000000
00000000
00010000
00000000
10000000
00000000
00000000
00000000
00000000
00000000
,
20020000
00000000
00000000
30030000
,
01000000
00100000
00000000
00100000
10000000
00000000
01000000
00000000
00100000
00000000
00010000
00000000
01000000
00000000
00001000
00000000
,
00010000
00000100
00001000
00000020
00000000
00000000
00000130
00000000
,
00000001
00001000
00000000
00001000
00000001
00000000
00000100
00000000
00000010
00000000
00001000
00000000
00000100
00000000
00000010
00000000
,
00000001
00001000
00000010
00000200
00000000
00000000
00000301
00000000
,
00001000
00000100
00000000
00000100
00010000
00000000
00001000
00000000
00100000
00000000
00010000
00000000
01000000
00000000
00010000
00000000
,
00100000
00001000
00010000
00000100
00001000
00000100
00010000
01000000
,
10000000
00100000
00000000
00100000
10000000
00000000
01000000
00000000
00100000
00000000
00010000
00000000
01000000
00000000
00100000
00000000
,
01000000
00010000
10000000
00010000
00000000
00000000
01100000
00000000
,
10010000
01000000
00100000
00010000
00000000
00000000
00110000
00000000
,
00011000
00010000
00000100
00001000
00000010
00000100
00000001
00001000
,
00000100
00000000
00000000
00010000
00000000
00000000
00001000
00000000
00000000
01000000
00000000
00000000
00010000
00000000
00100000
00000000
00010000
00000000
01000000
00000000
00000000
00100000
00000000
00000000
,
10000000
00010000
00000000
00010000
10000000
00000000
00100000
00000000
01000000
00000000
00010000
00000000
00100000
00000000
00001000
00000000
,
00010000
00000100
00001000
00000020
00000000
00000000
00000130
00000000
,
00000001
00000010
00001000
00000010
00000001
00000100
00001000
00000100
,
00000010
00010000
00001000
02000000
00000000
00000000
03010000
00000000
,
10000000
01000000
00010000
01000000
00100000
00010000
00100000
10000000
,
00100000
00010000
01000000
00200000
00000000
00000000
10300000
00000000
,
00010000
00100000
01000000
00100000
00001000
00010000
00000100
00001000
,
00000010
00000100
00000001
00000100
00001000
00000100
00000001
00001000
,
00000100
00000010
00000001
00001000
00000100
00000010
00000100
00010000
,
00001000
01000000
00100000
02000000
00000000
00000000
03010000
00000000
,
10000000
00100000
00000000
01000000
00000000
00000000
00010000
00000000
00100000
00001000
00000000
00010000
00000000
00000000
01000000
00000000
,
10000000
01000000
00000000
00100000
00000000
00000000
00010000
00000000
01000000
00000000
00001000
00000000
00010000
00000000
00000100
00000000
,
00001000
00000010
00000000
00000100
00000000
00000000
00000001
00000000
00000100
00000010
00000000
00001000
00000000
00000000
00000100
00000000
,
00000010
00000001
00000000
00000100
00000000
00000000
00000000
00000000
00000010
00000000
00000100
00000000
00001001
00000000
00000000
00000000
,
00000100
00000010
00000000
00001000
00000000
00000000
00000100
00000000
00010000
00001000
00000000
00100000
00000000
00000000
00010000
00000000
,
01000000
00100000
00000000
10000000
00000000
00000000
01000000
00000000
00100000
00000000
00010000
00000000
01000000
00000000
00100000
00000000
,
10000000
00010000
00000000
01000000
00000000
00000000
00100000
00000000
10000000
01000000
00000000
00100000
00000000
00000000
00010000
00000000
,
01000000
00001000
00000000
00010000
00000000
00000000
00000100
00000000
00001000
00000000
00000010
00000000
00000100
00000000
00000000
00000000
,
00002002
00000000
00000000
00000000
,
00000000
00000000
00000000
00003003
,
00000000
00000000
00000000
00000000
,
00000000
00000000
00000000
00000000
,
10000000
00100000
01000000
00000000
00010000
00100000
01000000
00000000
,
10000000
01000000
00010000
00000000
00001000
00000100
00000001
00000100
,
00000010
00001000
00000100
00000000
00000010
00000001
00000100
00000000
,
00000010
00001000
00000100
00010000
00001000
00011000
00011000
00000000
,
00100000
00010000
01000000
00000000
00001000
00010000
00000100
00000000
,
00001000
00000010
00000100
00000000
00000001
00001000
00000100
00000010
,
00000100
00010000
00001000
00000000
01000000
00100000
10000000
00000000
,
01000000
00010000
00100000
01000000
00010000
00011000
00011000
00000000
,
00001000
00010000
00010100
00000000
00001000
00000010
00001010
00000000
,
00000100
00000001
00001000
00000100
00000010
00000001
00000100
00000000
00000000
00000110
00000000
00000000
,
00000001
00000000
00001000
00000100
00000000
00000000
00000010
00000000
00000001
00000000
00000100
00000010
00000000
00000000
00001000
00000000
,
00000100
00000000
00010000
00001000
00000000
00010000
00001000
00000000
01000000
00000000
00100000
00000000
10000000
00000000
01000000
00000000
,
00100000
00000000
00010000
01000000
00000000
00000000
00100000
00000000
10000000
00000000
01000000
00100000
00000000
00000000
00010000
00000000
,
01000000
00000000
00001000
00010000
00000000
00000100
00001000
00000000
00000010
00000000
00000100
00000000
00000001
00000000
00000000
00000000
,
00000100
00000000
00000010
00001000
00000000
00000000
00000100
00000000
00010000
00000000
00001000
00010000
00000000
00000000
00001000
00000000
,
00100000
00000000
00010000
01000000
00000000
00100000
10000000
00000000
01000000
00000000
00100000
00000000
00010000
00000000
01000000
00000000
,
00001000
00000000
00010000
00000100
00000000
00000000
00001000
00000000
00000010
00000000
00000100
00000001
00000000
00000000
00001000
00000000
,
00000100
00000000
00000010
00000001
00000000
00000001
00000100
00000000
00000010
00000000
00001000
00000000
00000100
00000000
00000000
00000000
,
00000010
00000001
00000100
00001000
00010000
00100000
10000000
01000000
,
00010000
00001000
00000010
00000001
00000100
00000010
00001000
00000100
,
00000010
00000001
00000100
00001000
00010000
00100000
10000000
01000000
,
00100000
00010000
01000000
00100000
10000000
01000000
00100000
00000000
,
00010000
01000000
00100000
10000000
01000000
00010000
00001000
00000010
,
00000001
00000100
00000001
00001000
00000100
00000010
00000001
00001000
,
00000100
00000001
00000100
00010000
00001000
01000000
00100000
10000000
,
00010000
00000000
00000000
01000000
00000000
00000000
00100000
00000000
00000000
10000000
00000000
00000000
00010000
00000000
10000000
00000000
00010000
00000000
02000000
00000000
00000000
00000000
00000000
00000000
,
00000000
00000000
00000000
03000000
;
