#TITLE:On a boat ddi;
#SUBTITLE:;
#ARTIST:Dancing Monkeys Project;
#TITLETRANSLIT:;
#SUBTITLETRANSLIT:;
#ARTISTTRANSLIT:;
#CREDIT:Gorilla v1.1.3 (Dancing Monkeys v1.06);
#BANNER:;
#BACKGROUND:;
#LYRICSPATH:;
#CDTITLE:;
#MUSIC:On a boat ddi.mp3;
#OFFSET:-0.160;
#SAMPLESTART:40.160;
#SAMPLELENGTH:12.000;
#SELECTABLE:YES;
#BPMS:0.000=150.000;
#STOPS:;
#BGCHANGES:;
// cache tags:
#FIRSTBEAT:0.000;
#LASTBEAT:281.000;
#SONGFILENAME:Songs/Hip Hop/On a boat ddi/On a boat ddi.sm;
#HASMUSIC:1;
#HASBANNER:0;
#MUSICLENGTH:116.879;
// end cache tags

//---------------dance-single - Basic----------------
#NOTES:
     dance-single:
     Basic:
     Easy:
     3:
     0.240,0.270,0.128,0.017,0.000,179.000,15.000,2.000,0.000,0.000:
0001
0000
1000
0000
0000
0000
0100
0000
,
0000
0000
1000
0000
1000
0000
0000
0000
,
0001
0000
1000
0000
0000
0000
0000
0000
,
0000
0000
0000
0000
0001
0000
0000
0000
,
0001
0000
0000
0000
0000
0000
1000
0000
,
0000
0000
0000
0000
0001
0000
0000
0000
,
0001
0000
0000
0000
0000
0000
1000
0000
,
0000
0000
0000
0000
0001
0000
0000
0000
,
0001
0000
0000
0000
0000
0000
1000
0000
,
2000
0000
0000
0000
3000
0000
0000
0000
,
0000
0000
0001
0000
0000
0000
1000
0000
,
0000
0000
1000
0000
0000
0000
0001
0000
,
0000
0000
1000
0000
0000
0000
0001
0000
,
0000
0000
0001
0000
0000
0000
1000
0000
,
0000
0000
0001
0000
0000
0000
1000
0000
,
0000
0000
1000
0000
0000
0000
0001
0000
,
0000
0000
0001
0000
0000
0000
1000
0000
,
0000
0000
2000
0000
0000
0000
0000
0000
,
0000
0000
3000
0000
0010
0000
0100
0000
,
1000
0000
0001
0000
0100
0000
0000
0000
,
0001
0000
0101
0000
0001
0000
0000
0000
,
1000
0000
0001
0000
0100
0000
0000
0000
,
0000
0000
1000
0000
0010
0000
0100
0000
,
1100
0000
1000
0000
0100
0000
0000
0000
,
0001
0000
0101
0000
0001
0000
0000
0000
,
0001
0000
0000
0000
0010
0000
0001
0000
,
1000
0000
0001
0000
0100
0000
0000
0000
,
1100
0000
1000
0000
0100
0000
0000
0000
,
0001
0000
0101
0000
0001
0000
0000
0000
,
1100
0000
1000
0000
0100
0000
0000
0000
,
1000
0000
0011
0000
0001
0000
0000
0000
,
1000
0000
0100
0000
0001
0000
0000
0000
,
0001
0000
0101
0000
0001
0000
0000
0000
,
0001
0000
1000
0000
0010
0000
0000
0000
,
1000
0000
0011
0000
0001
0000
0000
0000
,
1100
0000
1000
0000
0100
0000
0000
0000
,
1000
0000
0010
0000
0000
0000
0000
0000
,
1000
0000
0001
0000
0100
0000
0000
0000
,
0000
0000
0001
0000
0000
0000
0010
0000
,
0001
0000
0000
0000
0100
0000
0001
0000
,
0000
0000
0001
0000
0000
0000
0010
0000
,
0001
0000
0000
0000
0100
0000
0001
0000
,
0000
0000
1000
0000
0100
0000
1000
0000
,
0001
0000
0000
0000
1000
0000
0100
0000
,
1000
0000
0100
0000
1000
0000
0000
0000
,
0001
0000
0000
0000
0010
0000
0000
0000
,
0000
0000
1000
0000
0000
0000
0001
0000
,
0001
0000
0000
0000
0010
0000
0000
0000
,
0000
0000
1000
0000
0000
0000
0001
0000
,
1000
0000
0001
0000
0100
0000
0000
0000
,
0000
0000
1000
0000
0000
0000
0001
0000
,
0001
0000
0010
0000
0001
0000
0000
0000
,
1000
0000
0010
0000
0000
0000
0000
0000
,
1000
0000
0001
0000
0100
0000
0000
0000
,
0000
0000
0101
0000
0001
0000
0001
0000
,
1000
0000
0001
0000
0100
0000
0000
0000
,
0000
0000
0101
0000
0001
0000
0001
0000
,
1000
0000
0001
0000
0100
0000
0000
0000
,
0000
0000
0101
0000
0001
0000
0001
0000
,
0000
0000
0001
0000
0000
0000
1000
0000
,
0000
0000
0001
0000
1000
0000
0001
0000
,
1000
0000
0000
0000
0100
0000
0010
0000
,
0000
0000
0001
0000
1000
0000
0001
0000
,
1000
0000
0001
0000
0100
0000
0000
0000
,
0000
0000
0101
0000
0001
0000
0001
0000
,
1000
0000
0001
0000
0100
0000
0000
0000
,
0000
0000
0101
0000
0001
0000
0001
0000
,
1000
0000
0100
0000
0001
0000
0000
0000
,
0001
0000
1000
0000
0000
0000
0100
0000
,
0001
0000
1000
0000
0000
0000
0010
0000
,
1000
0000
0010
0000
0000
0000
0000
0000
,;

//---------------dance-single - Standard----------------
#NOTES:
     dance-single:
     Standard:
     Medium:
     6:
     0.334,0.361,0.274,0.017,0.000,239.000,32.000,2.000,0.000,0.000:
0001
0000
0100
0000
0100
0000
0010
0000
,
0001
0000
0100
0000
0100
0000
0010
0000
,
0001
0000
0100
0000
0010
0000
0000
0000
,
0000
0000
0000
0000
0001
0000
1000
0000
,
0001
0000
0000
0000
0000
0000
0010
0000
,
0000
0000
0000
0000
0001
0000
1000
0000
,
0001
0000
0000
0000
0000
0000
0010
0000
,
0000
0000
0000
0000
0001
0000
1000
0000
,
0001
0000
0000
0000
0000
0000
0010
0000
,
2000
0000
0000
0000
3000
0000
0100
0000
,
0000
0000
1000
0000
0000
0000
0010
0000
,
0000
0000
1000
0000
0000
0000
0100
0000
,
0000
0000
0001
0000
0000
0000
0100
0000
,
0000
0000
0001
0000
0000
0000
0100
0000
,
0000
0000
1000
0000
0000
0000
0010
0000
,
0000
0000
0001
0000
0000
0000
0100
0000
,
0000
0000
1000
0000
0000
0000
0100
0000
,
0000
0000
0020
0000
0000
0000
0100
0000
,
0000
0000
0130
0000
0010
0000
0100
0000
,
1100
0000
1000
0000
0001
0000
0010
0000
,
0001
0000
0110
0000
0001
0000
0010
0000
,
1100
0000
1000
0000
0001
0000
0010
0000
,
0001
0000
0100
0000
0010
0000
0100
0000
,
0011
0000
1000
0000
0010
0000
1000
0000
,
0001
0000
0110
0000
0001
0000
0010
0000
,
0011
0000
0001
0000
1000
0000
0100
1000
,
1000
0010
0100
0000
0010
0000
0000
0000
,
0011
0000
1000
0000
0010
0000
1000
0000
,
0001
0000
0110
0000
0001
0000
0010
0000
,
0011
0000
1000
0000
0010
0000
1000
0000
,
0001
0000
1010
0000
0010
0000
0000
0000
,
1000
0000
0010
0000
1000
0000
0100
0010
,
0001
0000
0110
0000
0001
0000
0010
0000
,
0011
0000
0100
0000
0101
0000
1000
0000
,
0001
0000
1010
0000
0010
0000
0000
0000
,
0011
0000
1000
0000
0010
0000
1000
0000
,
0001
0000
1100
0000
1000
0000
0000
0000
,
1100
0000
1000
0000
0001
0000
0010
0000
,
1000
0000
0100
0000
0000
0000
1000
0000
,
0001
0000
0010
0000
0001
0000
1000
0000
,
1000
0000
0100
0000
0000
0000
1000
0000
,
0001
0000
0010
0000
0001
0000
1000
0000
,
1000
0000
1010
0000
0001
0000
0100
0000
,
1000
0000
0001
0000
0100
0001
0100
0000
,
0101
0000
0100
0000
1000
0000
0000
0000
,
0001
0000
0000
0000
0100
0000
0010
0000
,
0000
0000
0001
0000
0000
0000
0100
0000
,
0001
0000
0000
0000
0100
0000
0010
0000
,
0000
0000
0001
0000
0000
0000
0100
0000
,
1100
0000
1000
0000
0001
0000
0010
0000
,
0000
0000
0001
0000
0000
0000
0100
0000
,
0001
0100
0010
0000
0110
0000
1000
0000
,
0001
0000
1100
0000
1000
0000
0000
0000
,
1100
0000
1000
0000
0001
0000
0010
0000
,
1000
0000
0101
0000
1000
0000
1000
0000
,
1100
0000
1000
0000
0001
0000
0010
0000
,
1000
0000
0101
0000
1000
0000
1000
0000
,
1100
0000
1000
0000
0001
0000
0010
0000
,
1000
0000
0101
0000
1000
0000
1000
0000
,
0000
0000
1000
0000
0000
0000
0010
0000
,
1000
0000
0100
0000
1000
0000
0010
0000
,
1000
0010
0100
0000
0010
0000
0100
0000
,
1000
0000
0100
0000
1000
0000
0010
0000
,
1100
0000
1000
0000
0001
0000
0010
0000
,
1000
0000
0101
0000
1000
0000
1000
0000
,
1100
0000
1000
0000
0001
0000
0010
0000
,
1000
0000
0101
0000
1000
0000
1000
0000
,
1000
0000
0010
0000
1000
0000
0100
0010
,
0001
0000
0100
0000
0100
0000
0010
0000
,
1000
0000
0010
0000
0010
0000
0100
0000
,
1000
0000
0010
0000
0000
0000
0000
0000
,;

//---------------dance-single - Heavy----------------
#NOTES:
     dance-single:
     Heavy:
     Hard:
     7:
     0.397,0.421,0.351,0.017,0.000,282.000,41.000,2.000,0.000,0.000:
0001
0000
0100
0000
0100
0000
0001
0001
,
1000
0000
0001
0000
0001
0010
0001
0000
,
0001
0000
1000
0000
0001
0100
0000
0000
,
0000
0000
0000
0000
1000
0001
0010
0000
,
1000
0000
0000
0000
0000
0100
1000
0000
,
0000
0000
0000
0000
1000
0001
0010
0000
,
1000
0000
0000
0000
0000
0100
1000
0000
,
0000
0000
0000
0000
1000
0001
0010
0000
,
1000
0000
0000
0000
0000
0100
1000
0000
,
2000
0000
0000
0000
3000
0000
0010
0000
,
0001
0000
0010
0000
0000
0000
0100
0000
,
1000
0000
0010
0000
0000
0000
0100
0000
,
1000
0000
0100
0000
0000
0000
0010
0000
,
0001
0000
0010
0000
0000
0000
0100
0000
,
1000
0000
0100
0000
0000
0000
0010
0000
,
1000
0000
0010
0000
0000
0000
0100
0000
,
0001
0000
0100
0000
0000
0000
0010
0000
,
0000
0000
0020
0000
1000
0000
0100
0000
,
0001
0000
0030
1000
0001
0000
0010
0000
,
1001
0000
1000
0000
0010
0000
0000
0100
,
0001
0000
0101
0000
0100
0000
0010
0000
,
1001
0000
1000
0000
0010
0000
0000
0100
,
0001
0000
1010
0000
0001
0000
0010
0000
,
1001
0000
0001
0000
0010
0000
0001
1000
,
0001
0000
0101
0000
0100
0000
0010
0000
,
1010
0000
1000
0000
0100
0000
0010
0001
,
1000
0100
1000
0100
1000
0000
0000
0000
,
1001
0000
0001
0000
0010
0000
0001
1000
,
0001
0000
0101
0000
0100
0000
0010
0000
,
1001
0000
0001
0000
0010
0000
0001
1000
,
1000
0000
1010
0000
0010
0100
0000
0000
,
0110
0000
0100
0000
0001
0000
1000
0010
,
0001
0000
0101
0000
0100
0000
0010
0000
,
1010
0000
0100
0000
1001
0000
0010
0100
,
1000
0000
1010
0000
0010
0100
0000
0000
,
1001
0000
0001
0000
0010
0000
0001
1000
,
0001
0000
1100
0000
1000
0000
0000
0000
,
1001
0000
1000
0000
0010
0000
0000
0100
,
1000
0000
0010
0000
0000
0100
0010
0000
,
0001
0000
1000
0000
1100
0000
0001
0100
,
1000
0000
0010
0000
0000
0100
0010
0000
,
0001
0000
1000
0000
1100
0000
0001
0100
,
0001
0000
0011
0000
0001
0000
1000
0000
,
1010
0000
0001
1000
0010
1000
0001
0000
,
0011
0000
0100
0000
1000
0001
0000
0000
,
1000
0000
0000
0000
0010
0000
0100
0010
,
0001
0000
0010
0000
0000
0000
1000
0000
,
1000
0000
0000
0000
0010
0000
0100
0010
,
0001
0000
0010
0000
0000
0000
1000
0000
,
1001
0000
1000
0000
0010
0000
0000
0100
,
0001
0000
0010
0000
0000
0000
1000
0000
,
0001
0100
1000
0000
1010
0000
0001
0000
,
0001
0000
1100
0000
1000
0000
0000
0000
,
1001
0000
1000
0000
0010
0000
0000
0100
,
0001
0000
1100
0000
1000
0000
1000
0000
,
1001
0000
1000
0000
0010
0000
0000
0100
,
0001
0000
1100
0000
1000
0000
1000
0000
,
1001
0000
1000
0000
0010
0000
0000
0100
,
0001
0000
1100
0000
1000
0000
1000
0000
,
0001
0000
0010
0000
0000
0000
0100
0000
,
0001
0000
1001
0000
0100
0001
0100
0000
,
1100
0000
1000
0001
1000
0000
0001
0000
,
0001
0000
1001
0000
0100
0001
0100
0000
,
1001
0000
1000
0000
0010
0000
0000
0100
,
0001
0000
1100
0000
1000
0000
1000
0000
,
1001
0000
1000
0000
0010
0000
0000
0100
,
0001
0000
1100
0000
1000
0000
1000
0000
,
0110
0000
0100
0000
0001
0000
1000
0010
,
0001
0000
0100
0000
0100
0000
0001
0001
,
0001
0000
0100
0000
0100
0000
0001
0001
,
1000
0100
1000
0000
0000
0000
0000
0000
,
;
