#TITLE:AA;
#SUBTITLE:;
#ARTIST:D.J.Amuro;
#TITLETRANSLIT:;
#SUBTITLETRANSLIT:;
#ARTISTTRANSLIT:;
#CREDIT:;
#BANNER:AA.png;
#BACKGROUND:;
#LYRICSPATH:;
#CDTITLE:./CDTITLES/Beatmania IIDX.png;
#MUSIC:AA.mp3;
#OFFSET:-0.079;
#SAMPLESTART:12.500;
#SAMPLELENGTH:15.000;
#SELECTABLE:YES;
#BPMS:0.000=154.000;
#STOPS:;
#BGCHANGES:;
// cache tags:
#FIRSTBEAT:16.000;
#LASTBEAT:232.000;
#SONGFILENAME:Songs/DDI/AA/AA.sm;
#HASMUSIC:1;
#HASBANNER:1;
#MUSICLENGTH:91.436;
// end cache tags

//---------------dance-single - ----------------
#NOTES:
     dance-single:
     :
     Hard:
     9:
     0.631,0.698,0.153,0.044,0.432,386.000,14.000,4.000,0.000,0.000:  // measure 1
0000
0000
0000
0000
,  // measure 2
0000
0000
0000
0000
,  // measure 3
0000
0000
0000
0000
,  // measure 4
0000
0000
0000
0000
,  // measure 5
1000
1000
1000
1000
,  // measure 6
0001
0001
0001
0001
,  // measure 7
0100
0100
0100
0100
,  // measure 8
0010
1000
0100
0010
0001
0100
0010
0000
,  // measure 9
0001
0100
0001
0000
1001
0000
0101
0000
,  // measure 10
1000
0010
1000
0000
1001
0000
1010
0000
,  // measure 11
0001
1000
0001
0000
1001
0000
0110
0000
,  // measure 12
1000
0001
1000
0001
0010
0100
0010
0100
,  // measure 13
1000
0010
1000
0000
1001
0000
1010
0000
,  // measure 14
0001
0100
0001
0000
1001
0000
0101
0000
,  // measure 15
1000
0001
1000
0000
1001
0000
0110
0000
,  // measure 16
0001
1000
0001
1000
0100
0010
0100
0010
,  // measure 17
0001
1000
0000
0100
0000
0000
0010
0000
0001
0000
0000
1000
0000
0000
0100
0000
,  // measure 18
1000
0001
0000
0100
0000
0010
0100
0000
0001
1000
0000
0001
0000
0000
0100
0000
,  // measure 19
0001
1000
0000
0010
0000
0000
0100
0000
0001
0000
0000
1000
0000
0000
0010
0000
,  // measure 20
1000
0001
0000
0010
0000
0100
0010
0000
0001
1000
0000
0001
0000
0000
0010
0000
,  // measure 21
0001
1000
0000
0100
0000
0000
0010
0000
0001
0000
0000
1000
0000
0000
0100
0000
,  // measure 22
1000
0001
0000
0100
0000
0010
0100
0000
0001
1000
0000
0001
0000
0000
0100
0000
,  // measure 23
0001
1000
0000
0010
0000
0000
0100
0000
0001
0000
0000
1000
0000
0000
0010
0000
,  // measure 24
1000
0100
1000
0000
0001
1000
0001
0000
0010
0001
0010
0000
0100
0000
0100
0000
,  // measure 25
2002
0000
0000
3003
,  // measure 26
0100
0000
0000
0000
0000
0100
0010
0010
,  // measure 27
0010
0000
0000
0001
0000
0000
0001
0000
0000
0000
0100
0000
0000
0000
0010
0000
,  // measure 28
0010
0000
0000
0100
0000
0010
0000
0001
,  // measure 29
0000
0000
1000
0000
0000
0000
0001
0000
0000
0000
0100
0000
0000
0000
0010
0001
,  // measure 30
0010
0000
0100
0000
1000
0100
0010
0001
,  // measure 31
0000
1000
0000
1000
0000
0100
0010
0000
,  // measure 32
0001
0100
0001
0000
1000
0010
1000
0000
,  // measure 33
0010
0000
0001
0000
0010
0000
1000
0000
0010
0000
0100
0000
0001
1000
0001
0000
,  // measure 34
1000
0100
0010
0100
0001
0100
0010
0100
,  // measure 35
1000
0100
0010
0100
0001
0100
0010
0100
,  // measure 36
0010
1000
0010
0100
0010
0001
0010
0100
,  // measure 37
0010
0000
1000
0000
0010
0000
0100
0000
1000
0100
1000
0000
0001
0010
0001
0000
,  // measure 38
1000
0100
0001
0100
1000
0100
0001
0100
,  // measure 39
1000
0010
0001
0010
1000
0010
0001
0010
,  // measure 40
1000
0100
0001
0100
1000
0100
0001
0100
,  // measure 41
1000
0000
0010
0000
0001
0000
0010
0000
1000
0100
1000
0000
0001
0010
0001
0000
,  // measure 42
1000
0001
0000
0100
0000
0000
0010
0000
1000
0000
0000
0001
0000
0000
0100
0000
,  // measure 43
0001
1000
0000
0100
0000
0010
0100
0000
1000
0001
0000
1000
0000
0000
0100
0000
,  // measure 44
1000
0001
0000
0010
0000
0000
0100
0000
1000
0000
0000
0001
0000
0000
0010
0000
,  // measure 45
0001
1000
0000
0010
0000
0100
0010
0000
1000
0001
0000
1000
0000
0000
0010
0000
,  // measure 46
1000
0001
0000
0100
0000
0000
0010
0000
1000
0000
0000
0001
0000
0000
0100
0000
,  // measure 47
0001
1000
0000
0100
0000
0010
0100
0000
1000
0001
0000
1000
0000
0000
0100
0000
,  // measure 48
1000
0001
0000
0010
0000
0000
0100
0000
1000
0000
0000
0001
0000
0000
0010
0000
,  // measure 49
0001
0100
0001
0000
1000
0001
1000
0000
0010
1000
0010
0000
0100
0000
0100
0000
,  // measure 50
0001
1000
0001
0000
0100
0000
0100
0000
0001
1000
0001
0000
0010
0000
0010
0000
,  // measure 51
0001
0100
0010
1000
0100
0010
0001
0001
,  // measure 52
1000
0001
1000
0000
0100
0000
0100
0000
1000
0001
1000
0000
0010
0000
0010
0000
,  // measure 53
1000
0000
0100
0000
0010
0000
0001
0000
0100
0001
0100
0000
0010
1000
0010
0000
,  // measure 54
0100
0001
0100
0000
0010
0000
0010
0000
0100
1000
0100
0000
0010
0000
0010
0000
,  // measure 55
0100
0010
1000
0001
0010
0100
1000
0001
,  // measure 56
0010
0001
0010
0000
0100
0000
0100
0000
0010
1000
0010
0000
0100
0000
0100
0000
,  // measure 57
0010
0000
0100
0000
1000
0000
0001
0000
0100
0010
0100
0000
0001
1000
0001
0000
,  // measure 58
2002
0000
0000
0000
,  // measure 59
3003
0000
0000
0000
;

//---------------dance-double - ----------------
#NOTES:
     dance-double:
     :
     Hard:
     9:
     0.602,0.634,0.164,0.044,0.334,366.000,15.000,4.000,0.000,0.000:  // measure 1
00000000
00000000
00000000
00000000
,  // measure 2
00000000
00000000
00000000
00000000
,  // measure 3
00000000
00000000
00000000
00000000
,  // measure 4
00000000
00000000
00000000
00000000
,  // measure 5
10000000
10000000
10000000
10000000
,  // measure 6
01000000
01000000
01000000
01000000
,  // measure 7
00010000
00010000
00010000
00010000
,  // measure 8
00001000
00000010
00000001
00000010
00000100
00010000
00001000
00010000
,  // measure 9
01000000
00100000
01000000
00000000
11000000
00000000
10010000
00000000
,  // measure 10
10000000
00100000
00010000
00000000
00011000
00000000
00010100
00000000
,  // measure 11
00000100
00000010
00000001
00000000
00001001
00000000
00000101
00000000
,  // measure 12
00000100
00001000
00010000
00100000
00010000
00001000
00000100
00000001
,  // measure 13
00000100
00000010
00000100
00000000
00000101
00000000
00001001
00000000
,  // measure 14
00000001
00000010
00001000
00000000
00011000
00000000
01001000
00000000
,  // measure 15
01000000
00100000
10000000
00000000
10010000
00000000
11000000
00000000
,  // measure 16
01000000
00010000
00001000
00000010
00001000
00010000
01000000
00100000
,  // measure 17
00001000
00010000
00000000
00001000
00000000
00000000
00000100
00000000
00000010
00000000
00000000
00001000
00000000
00000000
00000100
00000000
,  // measure 18
00010000
00001000
00000000
00010000
00000000
01000000
00100000
00000000
00010000
10000000
00000000
01000000
00000000
00000000
00100000
00000000
,  // measure 19
00001000
00010000
00000000
00001000
00000000
00000000
00000010
00000000
00000100
00000000
00000000
00001000
00000000
00000000
00000010
00000000
,  // measure 20
00010000
00001000
00000000
00010000
00000000
00100000
01000000
00000000
00010000
10000000
00000000
00100000
00000000
00000000
01000000
00000000
,  // measure 21
00001000
00010000
00000000
00001000
00000000
00000000
00000100
00000000
00000010
00000000
00000000
00001000
00000000
00000000
00000100
00000000
,  // measure 22
00010000
00001000
00000000
00010000
00000000
01000000
00100000
00000000
00010000
10000000
00000000
01000000
00000000
00000000
00100000
00000000
,  // measure 23
00001000
00010000
00000000
00001000
00000000
00000000
00000010
00000000
00000100
00000000
00000000
00001000
00000000
00000000
00000010
00000000
,  // measure 24
00000100
00000001
00000100
00000000
00000010
00001000
00000010
00000000
00010000
00000100
00010000
00000000
00001000
00000000
00010000
00000000
,  // measure 25
00022000
00000000
00000000
00033000
,  // measure 26
00100000
00000000
00000000
00000000
00000000
00100000
00001000
00001000
,  // measure 27
00001000
00000000
00000000
00010000
00000000
00000000
00010000
00000000
00000000
00000000
01000000
00000000
00000000
00000000
00100000
00000000
,  // measure 28
00100000
00000000
00000000
10000000
00000000
00100000
00000000
01000000
,  // measure 29
00000000
10000000
00000000
00010000
00000000
00100000
00000000
00001000
,  // measure 30
00001000
00000000
00000000
01000000
00100000
00010000
00001000
00000000
,  // measure 31
00000000
00000100
00000000
00000100
00000000
00000010
00001000
00000000
,  // measure 32
00000001
00000100
00000001
00000000
00000010
00001000
00000010
00000000
,  // measure 33
00000010
00000100
00001000
00010000
00001000
00000000
00011000
00000000
,  // measure 34
00010000
00100000
10000000
00100000
00010000
00001000
00000100
00000001
,  // measure 35
00000100
00001000
00010000
00100000
10000000
00100000
00010000
00001000
,  // measure 36
00010000
01000000
10000000
01000000
00010000
00001000
00000010
00000001
,  // measure 37
00000010
00001000
00010000
01000000
10000000
01000000
00010000
00010000
,  // measure 38
00001000
00000100
00000001
00000100
00001000
00010000
00100000
10000000
,  // measure 39
00100000
00010000
00001000
00000100
00000001
00000100
00001000
00010000
,  // measure 40
00001000
00000010
00000001
00000010
00001000
00010000
01000000
10000000
,  // measure 41
01000000
00010000
00001000
00000010
00000001
00000010
00001000
00001000
,  // measure 42
00010000
00001000
00000000
00010000
00000000
00000000
01000000
00000000
00100000
00000000
00000000
00010000
00000000
00000000
01000000
00000000
,  // measure 43
00001000
00010000
00000000
00001000
00000000
00000100
00000010
00000000
00001000
00000001
00000000
00000100
00000000
00000000
00000010
00000000
,  // measure 44
00010000
00001000
00000000
00010000
00000000
00000000
00100000
00000000
01000000
00000000
00000000
00010000
00000000
00000000
00100000
00000000
,  // measure 45
00001000
00010000
00000000
00001000
00000000
00000010
00000100
00000000
00001000
00000001
00000000
00000010
00000000
00000000
00000100
00000000
,  // measure 46
00010000
00001000
00000000
00010000
00000000
00000000
01000000
00000000
00100000
00000000
00000000
00010000
00000000
00000000
01000000
00000000
,  // measure 47
00001000
00010000
00000000
00001000
00000000
00000100
00000010
00000000
00001000
00000001
00000000
00000100
00000000
00000000
00000010
00000000
,  // measure 48
00010000
00001000
00000000
00010000
00000000
00000000
00100000
00000000
01000000
00000000
00000000
00010000
00000000
00000000
00100000
00000000
,  // measure 49
01000000
10000000
01000000
00000000
00100000
00010000
00100000
00000000
00001000
01000000
00001000
00000000
00010000
00000000
00001000
00000000
,  // measure 50
00010000
00100000
00010000
00001000
00010000
01000000
00010000
00001000
,  // measure 51
00010000
00100000
10000000
00100000
00010000
00001000
00010000
00010000
,  // measure 52
00001000
00000010
00001000
00010000
00001000
00000100
00001000
00010000
,  // measure 53
00001000
00000010
00000001
00000010
00001000
00010000
00001000
00001000
,  // measure 54
00010000
01000000
00010000
00001000
00010000
00100000
00010000
00001000
,  // measure 55
00010000
01000000
10000000
01000000
00010000
00001000
00010000
00010000
,  // measure 56
00001000
00000100
00001000
00010000
00001000
00000010
00001000
00010000
,  // measure 57
00001000
00000100
00000001
00000100
00001000
00010000
00001000
00001000
,  // measure 58
00022000
00000000
00000000
00000000
,  // measure 59
00033000
00000000
00000000
00000000
;

//---------------dance-single - ----------------
#NOTES:
     dance-single:
     :
     Beginner:
     1:
     0.170,0.156,0.011,0.000,0.000,108.000,1.000,0.000,0.000,0.000:  // measure 1
0000
0000
0000
0000
,  // measure 2
0000
0000
0000
0000
,  // measure 3
0000
0000
0000
0000
,  // measure 4
0000
0000
0000
0000
,  // measure 5
1000
0000
1000
0000
,  // measure 6
0001
0000
0001
0000
,  // measure 7
0100
0000
0100
0000
,  // measure 8
0010
0010
0000
0001
,  // measure 9
0000
0000
0100
0000
,  // measure 10
1000
0000
1000
0000
,  // measure 11
0100
0000
1000
0000
,  // measure 12
0100
0000
1000
0000
,  // measure 13
0010
0000
0010
0000
,  // measure 14
1000
0000
1000
0000
,  // measure 15
0010
0000
1000
0000
,  // measure 16
0010
0000
1000
0000
,  // measure 17
0100
0000
1000
1000
,  // measure 18
0000
0010
0000
0001
,  // measure 19
0000
0100
0000
1000
,  // measure 20
0000
0100
0000
0001
,  // measure 21
0000
0001
0000
0010
,  // measure 22
0000
1000
0000
0100
,  // measure 23
0000
0001
0000
0100
,  // measure 24
0000
1000
0000
0001
,  // measure 25
0000
0000
0000
0000
,  // measure 26
0100
0000
0100
0000
,  // measure 27
0010
0000
0010
0000
,  // measure 28
1000
0000
1000
0000
,  // measure 29
0001
0000
0001
0000
,  // measure 30
0100
0100
0000
0000
,  // measure 31
0010
0010
0000
0000
,  // measure 32
1000
1000
0000
0001
,  // measure 33
0000
0010
0000
0100
,  // measure 34
0000
0010
0000
0001
,  // measure 35
0001
0000
0100
0000
,  // measure 36
1000
0000
0010
0000
,  // measure 37
0100
0000
0010
0000
,  // measure 38
1000
0000
0100
0000
,  // measure 39
0001
0000
0100
0000
,  // measure 40
1000
0000
0010
0000
,  // measure 41
0100
0000
0010
0000
,  // measure 42
0100
0000
1000
1000
,  // measure 43
0000
0010
0000
0001
,  // measure 44
0000
0100
0000
1000
,  // measure 45
0000
0100
0000
0001
,  // measure 46
0000
0001
0000
0010
,  // measure 47
0000
1000
0000
0100
,  // measure 48
0000
0001
0000
0100
,  // measure 49
0000
1000
0000
0001
,  // measure 50
0000
0010
0000
0001
,  // measure 51
0001
0000
0100
0000
,  // measure 52
1000
0000
0010
0000
,  // measure 53
0100
0000
0010
0000
,  // measure 54
1000
0000
0100
0000
,  // measure 55
0001
0000
0100
0000
,  // measure 56
1000
0000
0010
0000
,  // measure 57
0100
0000
0010
0000
,  // measure 58
0110
0000
0000
0000
;

//---------------dance-single - ----------------
#NOTES:
     dance-single:
     :
     Easy:
     4:
     0.325,0.381,0.197,0.044,0.000,186.000,18.000,4.000,0.000,0.000:  // measure 1
0000
0000
0000
0000
,  // measure 2
0000
0000
0000
0000
,  // measure 3
0000
0000
0000
0000
,  // measure 4
0000
0000
0000
0000
,  // measure 5
1000
0000
1000
0000
,  // measure 6
0001
0000
0001
0000
,  // measure 7
0100
0000
0100
0000
,  // measure 8
0010
0010
1000
0001
,  // measure 9
0100
0000
0100
0010
,  // measure 10
1000
0000
1000
0001
,  // measure 11
0100
0000
1000
0001
,  // measure 12
0100
0010
1000
1001
,  // measure 13
0010
0000
0010
0100
,  // measure 14
1000
0000
1000
0001
,  // measure 15
0010
0000
1000
0001
,  // measure 16
0010
0100
1000
1001
,  // measure 17
0100
0010
1000
1000
,  // measure 18
0100
0010
0001
0001
,  // measure 19
0010
0100
1000
1000
,  // measure 20
0010
0100
0001
0001
,  // measure 21
1000
0001
0010
0010
,  // measure 22
0001
1000
0100
0100
,  // measure 23
1000
0001
0100
0100
,  // measure 24
0110
1000
0110
0001
,  // measure 25
2002
0000
0000
3003
,  // measure 26
0100
0000
0100
0000
,  // measure 27
0010
0000
0010
0000
,  // measure 28
1000
0000
1000
0000
,  // measure 29
0001
0000
0001
0000
,  // measure 30
0100
0100
0000
0000
,  // measure 31
0010
0010
0000
0000
,  // measure 32
1000
1000
0001
0001
,  // measure 33
1001
0010
1001
0100
,  // measure 34
1000
0010
0100
0001
,  // measure 35
0001
0010
0100
1000
,  // measure 36
1000
0100
0010
0001
,  // measure 37
0100
1001
0010
1001
,  // measure 38
1000
0010
0100
0001
,  // measure 39
0001
0010
0100
1000
,  // measure 40
1000
0100
0010
0001
,  // measure 41
0100
1001
0010
1001
,  // measure 42
0100
0010
1000
1000
,  // measure 43
0100
0010
0001
0001
,  // measure 44
0010
0100
1000
1000
,  // measure 45
0010
0100
0001
0001
,  // measure 46
1000
0001
0010
0010
,  // measure 47
0001
1000
0100
0100
,  // measure 48
1000
0001
0100
0100
,  // measure 49
0110
1000
0110
0001
,  // measure 50
1000
0010
0100
0001
,  // measure 51
0001
0010
0100
1000
,  // measure 52
1000
0100
0010
0001
,  // measure 53
0100
1001
0010
1001
,  // measure 54
1000
0010
0100
0001
,  // measure 55
0001
0010
0100
1000
,  // measure 56
1000
0100
0010
0001
,  // measure 57
0100
1001
0010
1001
,  // measure 58
0220
0000
0000
0000
,  // measure 59
0330
0000
0000
0000
;

//---------------dance-single - ----------------
#NOTES:
     dance-single:
     :
     Medium:
     7:
     0.509,0.507,0.514,0.044,0.159,275.000,47.000,4.000,0.000,0.000:  // measure 1
0000
0000
0000
0000
,  // measure 2
0000
0000
0000
0000
,  // measure 3
0000
0000
0000
0000
,  // measure 4
0000
0000
0000
0000
,  // measure 5
1000
1000
1000
1000
,  // measure 6
0001
0001
0001
0001
,  // measure 7
0100
0100
0100
0100
,  // measure 8
0010
0000
0010
0000
1000
0100
0010
0001
,  // measure 9
1000
0100
1000
0000
1100
0000
1001
0000
,  // measure 10
0001
0100
0001
0000
0101
0000
1001
0000
,  // measure 11
1000
0001
1000
0000
0110
0000
1001
0000
,  // measure 12
1000
0010
1000
0000
0001
0100
0001
0000
,  // measure 13
1000
0010
1000
0000
1010
0000
1001
0000
,  // measure 14
0001
0010
0001
0000
0011
0000
1001
0000
,  // measure 15
1000
0001
1000
0000
0110
0000
1001
0000
,  // measure 16
1000
0100
1000
0000
0001
0010
0001
0000
,  // measure 17
0010
0000
0000
0001
0000
0000
0100
0000
0010
0000
0000
1000
0000
0000
0100
0000
,  // measure 18
0010
0000
0000
0100
0000
0000
1000
0000
0010
0000
0000
0100
0000
0000
0001
0000
,  // measure 19
0010
0000
0000
0001
0000
0000
1000
0000
0010
0000
0000
1000
0000
0000
0001
0000
,  // measure 20
0100
0000
0000
0001
0000
0000
1000
0000
0100
0000
0000
1000
0000
0000
0001
0000
,  // measure 21
0010
0000
0000
0001
0000
0000
0100
0000
0010
0000
0000
1000
0000
0000
0100
0000
,  // measure 22
0010
0000
0000
0100
0000
0000
1000
0000
0010
0000
0000
0100
0000
0000
0001
0000
,  // measure 23
0010
0000
0000
0001
0000
0000
1000
0000
0010
0000
0000
1000
0000
0000
0001
0000
,  // measure 24
1000
0100
1000
0000
0001
0010
0001
0000
,  // measure 25
2002
0000
0000
3003
,  // measure 26
0100
0000
0000
0000
0000
0100
0010
0010
,  // measure 27
0010
0000
0000
0001
0000
0000
0001
0000
0000
0000
0100
0000
0000
0000
0010
0000
,  // measure 28
0010
0000
0000
0100
0000
0010
0000
0001
,  // measure 29
0000
1000
0000
0001
0000
0100
0000
0010
,  // measure 30
1000
1000
1000
1000
,  // measure 31
0001
0001
0001
0001
,  // measure 32
0100
0010
0100
0000
0001
1000
0001
0000
,  // measure 33
0011
1001
1100
0110
,  // measure 34
0001
0010
0001
0000
1000
0100
1000
0000
,  // measure 35
1100
1001
0101
0110
,  // measure 36
1000
0010
1000
0000
0001
0100
0001
0000
,  // measure 37
0101
1001
1100
0110
,  // measure 38
0001
1000
0001
0000
0010
0100
0010
0000
,  // measure 39
0011
1100
1001
0110
,  // measure 40
1000
0001
1000
0000
0100
0010
0100
0000
,  // measure 41
0010
0001
1000
0100
0010
0000
1001
0000
,  // measure 42
0010
0000
0000
0001
0000
0000
0100
0000
0010
0000
0000
1000
0000
0000
0100
0000
,  // measure 43
0010
0000
0000
0100
0000
0000
1000
0000
0010
0000
0000
0100
0000
0000
0001
0000
,  // measure 44
0010
0000
0000
0001
0000
0000
1000
0000
0010
0000
0000
1000
0000
0000
0001
0000
,  // measure 45
0100
0000
0000
0001
0000
0000
1000
0000
0100
0000
0000
1000
0000
0000
0001
0000
,  // measure 46
0010
0000
0000
0001
0000
0000
0100
0000
0010
0000
0000
1000
0000
0000
0100
0000
,  // measure 47
0010
0000
0000
0100
0000
0000
1000
0000
0010
0000
0000
0100
0000
0000
0001
0000
,  // measure 48
0010
0000
0000
0001
0000
0000
1000
0000
0010
0000
0000
1000
0000
0000
0001
0000
,  // measure 49
1000
0100
1000
0000
0001
0010
0001
0000
,  // measure 50
0100
0010
0100
0000
0001
1000
0001
0000
,  // measure 51
0011
1001
1100
0110
,  // measure 52
0001
0010
0001
0000
1000
0100
1000
0000
,  // measure 53
1100
1001
0101
0110
,  // measure 54
1000
0010
1000
0000
0001
0100
0001
0000
,  // measure 55
0101
1001
1100
0110
,  // measure 56
0001
1000
0001
0000
0010
0100
0010
0000
,  // measure 57
0011
1100
1001
0110
,  // measure 58
2002
0000
0000
0000
,  // measure 59
3003
0000
0000
0000
;

//---------------dance-double - ----------------
#NOTES:
     dance-double:
     :
     Easy:
     4:
     0.325,0.381,0.197,0.044,0.000,186.000,18.000,4.000,0.000,0.000:  // measure 1
00000000
00000000
00000000
00000000
,  // measure 2
00000000
00000000
00000000
00000000
,  // measure 3
00000000
00000000
00000000
00000000
,  // measure 4
00000000
00000000
00000000
00000000
,  // measure 5
10000000
00000000
10000000
00000000
,  // measure 6
01000000
00000000
01000000
00000000
,  // measure 7
00010000
00000000
00010000
00000000
,  // measure 8
00001000
00000010
00000001
00001000
,  // measure 9
00000001
00000000
00000001
00000100
,  // measure 10
00001000
00000000
00001000
00010000
,  // measure 11
00100000
00000000
00100000
10000000
,  // measure 12
01000000
00100000
00010000
01010000
,  // measure 13
10000000
00000000
10000000
01000000
,  // measure 14
00010000
00000000
00010000
00001000
,  // measure 15
00000010
00000000
00000010
00000001
,  // measure 16
00000100
00000010
00001000
00001100
,  // measure 17
00000001
00000100
00001000
00001000
,  // measure 18
00010000
01000000
10000000
10000000
,  // measure 19
00100000
00010000
00001000
00001000
,  // measure 20
00000010
00000001
00001000
00001000
,  // measure 21
00000001
00000010
00001000
00001000
,  // measure 22
00010000
00100000
10000000
10000000
,  // measure 23
01000000
00010000
00001000
00001000
,  // measure 24
00000110
00000001
00000110
00001000
,  // measure 25
00022000
00000000
00000000
00033000
,  // measure 26
00100000
00000000
00100000
00000000
,  // measure 27
10000000
00000000
10000000
00000000
,  // measure 28
00100000
00000000
00100000
00000000
,  // measure 29
00010000
00000000
00010000
00000000
,  // measure 30
00001000
00001000
00000000
00000000
,  // measure 31
00000010
00000010
00000000
00000000
,  // measure 32
00000001
00000001
00001000
00001000
,  // measure 33
00001001
00000010
00001001
00000100
,  // measure 34
00000001
00000100
00001000
00010000
,  // measure 35
00010000
01000000
10000000
00100000
,  // measure 36
00100000
00010000
00001000
00010000
,  // measure 37
01000000
10010000
00100000
10010000
,  // measure 38
10000000
01000000
00010000
00001000
,  // measure 39
00001000
00000100
00000001
00000010
,  // measure 40
00000010
00001000
00010000
00001000
,  // measure 41
00000100
00001001
00000010
00001001
,  // measure 42
00000001
00000100
00001000
00001000
,  // measure 43
00010000
01000000
10000000
10000000
,  // measure 44
00100000
00010000
00001000
00001000
,  // measure 45
00000010
00000001
00001000
00001000
,  // measure 46
00000001
00000010
00001000
00001000
,  // measure 47
00010000
00100000
10000000
10000000
,  // measure 48
01000000
00010000
00001000
00001000
,  // measure 49
00000110
00000001
00000110
00001000
,  // measure 50
00000001
00000100
00001000
00010000
,  // measure 51
00010000
01000000
10000000
00100000
,  // measure 52
00100000
00010000
00001000
00010000
,  // measure 53
01000000
10010000
00100000
10010000
,  // measure 54
10000000
01000000
00010000
00001000
,  // measure 55
00001000
00000100
00000001
00000010
,  // measure 56
00000010
00001000
00010000
00001000
,  // measure 57
00000100
00001001
00000010
00001001
,  // measure 58
00000220
00000000
00000000
00000000
,  // measure 59
00000330
00000000
00000000
00000000
;

//---------------dance-double - ----------------
#NOTES:
     dance-double:
     :
     Medium:
     7:
     0.511,0.507,0.547,0.044,0.159,273.000,50.000,4.000,0.000,0.000:  // measure 1
00000000
00000000
00000000
00000000
,  // measure 2
00000000
00000000
00000000
00000000
,  // measure 3
00000000
00000000
00000000
00000000
,  // measure 4
00000000
00000000
00000000
00000000
,  // measure 5
10000000
10000000
10000000
10000000
,  // measure 6
01000000
01000000
01000000
01000000
,  // measure 7
00010000
00010000
00010000
00010000
,  // measure 8
00001000
00000000
00001000
00000000
00000010
00000001
00000010
00000100
,  // measure 9
00000010
00000001
00000010
00000000
00001001
00000000
00000101
00000000
,  // measure 10
00000100
00001000
00000100
00000000
00011000
00000000
00110000
00000000
,  // measure 11
00100000
10000000
00100000
00000000
10010000
00000000
11000000
00000000
,  // measure 12
01000000
00010000
01000000
00000000
01000000
10000000
01000000
00000000
,  // measure 13
00100000
10000000
00100000
00000000
10010000
00000000
11000000
00000000
,  // measure 14
01000000
00010000
01000000
00000000
00011000
00000000
00001010
00000000
,  // measure 15
00000010
00000001
00000010
00000000
00001001
00000000
00000101
00000000
,  // measure 16
00000100
00001000
00000100
00000000
00000100
00000001
00000100
00000000
,  // measure 17
00001000
00000000
00000000
00010000
00000000
00000000
00100000
00000000
10000000
00000000
00000000
01000000
00000000
00000000
10000000
00000000
,  // measure 18
00100000
00000000
00000000
00010000
00000000
00000000
00001000
00000000
00010000
00000000
00000000
01000000
00000000
00000000
01000000
00000000
,  // measure 19
00010000
00000000
00000000
00001000
00000000
00000000
00000010
00000000
00000001
00000000
00000000
00000100
00000000
00000000
00000001
00000000
,  // measure 20
00000010
00000000
00000000
00001000
00000000
00000000
00010000
00000000
00001000
00000000
00000000
00000100
00000000
00000000
00000100
00000000
,  // measure 21
00001000
00000000
00000000
00010000
00000000
00000000
01000000
00000000
10000000
00000000
00000000
00100000
00000000
00000000
10000000
00000000
,  // measure 22
01000000
00000000
00000000
00010000
00000000
00000000
00001000
00000000
00010000
00000000
00000000
00100000
00000000
00000000
00100000
00000000
,  // measure 23
00010000
00000000
00000000
00001000
00000000
00000000
00000100
00000000
00000001
00000000
00000000
00000010
00000000
00000000
00000001
00000000
,  // measure 24
00000100
00000010
00000100
00000000
00001000
00010000
00001000
00000000
,  // measure 25
00022000
00000000
00000000
00033000
,  // measure 26
00100000
00000000
00000000
00000000
00000000
00100000
00001000
00001000
,  // measure 27
00001000
00000000
00000000
00010000
00000000
00000000
00010000
00000000
00000000
00000000
01000000
00000000
00000000
00000000
00100000
00000000
,  // measure 28
00100000
00000000
00000000
10000000
00000000
00100000
00000000
01000000
,  // measure 29
00000000
10000000
00000000
00010000
00000000
01000000
00000000
00001000
,  // measure 30
00010000
00010000
00010000
00010000
,  // measure 31
00001000
00001000
00001000
00001000
,  // measure 32
00000010
00000001
00000010
00000000
00000100
00001000
00000100
00000000
,  // measure 33
00000011
00001001
00000110
00001100
,  // measure 34
00010000
00001000
00010000
00000000
00100000
10000000
00100000
00000000
,  // measure 35
10010000
11000000
00101000
00011000
,  // measure 36
00001000
00010000
00001000
00000000
00000010
00000001
00000010
00000000
,  // measure 37
00001001
00000101
00010010
00011000
,  // measure 38
00010000
00001000
00010000
00000000
01000000
10000000
01000000
00000000
,  // measure 39
10010000
10100000
01001000
00011000
,  // measure 40
00001000
00010000
00001000
00000000
00000100
00000001
00000100
00000000
,  // measure 41
00001001
00000011
00010100
00011000
,  // measure 42
00001000
00000000
00000000
00010000
00000000
00000000
00100000
00000000
10000000
00000000
00000000
01000000
00000000
00000000
10000000
00000000
,  // measure 43
00100000
00000000
00000000
00010000
00000000
00000000
00001000
00000000
00010000
00000000
00000000
01000000
00000000
00000000
01000000
00000000
,  // measure 44
00010000
00000000
00000000
00001000
00000000
00000000
00000010
00000000
00000001
00000000
00000000
00000100
00000000
00000000
00000001
00000000
,  // measure 45
00000010
00000000
00000000
00001000
00000000
00000000
00010000
00000000
00001000
00000000
00000000
00000100
00000000
00000000
00000100
00000000
,  // measure 46
00001000
00000000
00000000
00010000
00000000
00000000
01000000
00000000
10000000
00000000
00000000
00100000
00000000
00000000
10000000
00000000
,  // measure 47
01000000
00000000
00000000
00010000
00000000
00000000
00001000
00000000
00010000
00000000
00000000
00100000
00000000
00000000
00100000
00000000
,  // measure 48
00010000
00000000
00000000
00001000
00000000
00000000
00000100
00000000
00000001
00000000
00000000
00000010
00000000
00000000
00000001
00000000
,  // measure 49
00000100
00000010
00000100
00000000
00001000
00010000
00001000
00000000
,  // measure 50
00010000
00001000
00010000
00000000
01000000
00100000
01000000
00000000
,  // measure 51
10010000
10100000
01001000
00011000
,  // measure 52
00001000
00010000
00001000
00000000
00000100
00000010
00000100
00000000
,  // measure 53
00001001
00000011
00010100
00011000
,  // measure 54
00010000
00001000
00010000
00000000
00100000
01000000
00100000
00000000
,  // measure 55
10010000
11000000
00101000
00011000
,  // measure 56
00001000
00010000
00001000
00000000
00000010
00000100
00000010
00000000
,  // measure 57
00001001
00000101
00010010
00011000
,  // measure 58
00022000
00000000
00000000
00000000
,  // measure 59
00033000
00000000
00000000
00000000
;
