#TITLE:murmur twins;
#SUBTITLE:;
#ARTIST:yu_tokiwa.djw;
#TITLETRANSLIT:;
#SUBTITLETRANSLIT:;
#ARTISTTRANSLIT:;
#CREDIT:;
#BANNER:murmur twins.png;
#BACKGROUND:murmur twins-bg.png;
#LYRICSPATH:;
#CDTITLE:./CDTITLES/Beatmania IIDX.png;
#MUSIC:murmur twins.mp3;
#OFFSET:0.780;
#SAMPLESTART:54.290;
#SAMPLELENGTH:15.000;
#SELECTABLE:YES;
#BPMS:0.000=174.000;
#STOPS:;
#BGCHANGES:;
// cache tags:
#FIRSTBEAT:4.000;
#LASTBEAT:256.000;
#SONGFILENAME:Songs/DDI/murmur twins/murmur twins.sm;
#HASMUSIC:1;
#HASBANNER:1;
#MUSICLENGTH:95.981;
// end cache tags

//---------------dance-single - ----------------
#NOTES:
     dance-single:
     :
     Beginner:
     1:
     0.129,0.199,0.063,0.000,0.000,81.000,6.000,0.000,0.000,0.000:  // measure 1
0000
0000
0000
0000
,  // measure 2
1000
0000
0000
0000
,  // measure 3
1000
0000
0000
0000
,  // measure 4
0001
0000
0000
0000
,  // measure 5
0001
0000
0000
0000
,  // measure 6
1000
0000
0000
0000
,  // measure 7
1000
0000
0000
0000
,  // measure 8
0001
0000
0000
0000
,  // measure 9
1000
1000
0000
0000
,  // measure 10
0010
0000
0000
0000
,  // measure 11
0000
0000
0000
0000
,  // measure 12
1000
0000
0000
0000
,  // measure 13
0001
0000
0000
0000
,  // measure 14
0100
0000
0010
0000
,  // measure 15
0100
0000
0000
0000
,  // measure 16
0001
0000
1000
0000
,  // measure 17
0001
0000
0000
0000
,  // measure 18
0010
0000
0100
0000
,  // measure 19
0010
0000
0000
0000
,  // measure 20
0001
0000
1000
0000
,  // measure 21
0010
0000
0100
0000
,  // measure 22
0001
0000
0001
0000
,  // measure 23
1001
0000
0000
0000
,  // measure 24
1000
0000
1000
0000
,  // measure 25
1001
0000
0000
0000
,  // measure 26
0010
0000
0010
0000
,  // measure 27
1001
0000
0000
0000
,  // measure 28
0100
0000
1001
0000
,  // measure 29
0010
0000
1001
0000
,  // measure 30
0100
0000
0000
0000
,  // measure 31
0100
0000
0000
0000
,  // measure 32
0010
0000
0000
0000
,  // measure 33
0100
0000
0000
0000
,  // measure 34
1000
0000
0000
0000
,  // measure 35
0001
0000
0000
0000
,  // measure 36
1000
0000
1000
0000
,  // measure 37
0000
0000
0000
0000
,  // measure 38
0001
0000
0001
0000
,  // measure 39
0000
0000
0000
0000
,  // measure 40
0000
0000
0000
0000
,  // measure 41
0000
1000
0000
0000
0000
0000
0000
0000
,  // measure 42
0000
0001
0000
0000
0000
0000
0000
0000
,  // measure 43
0000
1000
0000
0000
0000
0000
0000
0000
,  // measure 44
0000
0100
0000
0000
0000
0000
0000
0000
,  // measure 45
0000
0010
0000
0000
0000
0000
0000
0000
,  // measure 46
0000
0001
0000
0000
0000
0000
0000
0000
,  // measure 47
0000
1000
0000
0000
0000
0000
0000
0000
,  // measure 48
0000
0001
0000
0001
0000
0000
0000
0000
,  // measure 49
0000
0100
0000
0000
0000
0010
0000
0000
,  // measure 50
0000
0100
0000
0000
0000
0010
0000
0000
,  // measure 51
0000
0100
0000
0000
0000
1000
0000
0000
,  // measure 52
0000
0100
0000
0000
0000
0001
0000
0000
,  // measure 53
0000
1000
0000
0000
0000
0001
0000
0000
,  // measure 54
0000
0100
0000
0000
0000
1000
0000
0000
,  // measure 55
0000
0010
0000
0000
0000
0100
0000
0000
,  // measure 56
0000
0001
0000
0000
0000
0100
0000
0000
,  // measure 57
0000
0010
0000
0000
0000
0000
0000
0000
,  // measure 58
0000
0000
0000
0000
,  // measure 59
0000
1001
0000
0000
0000
0000
0000
0000
,  // measure 60
0000
1000
0000
0000
0000
0001
0000
0000
,  // measure 61
0000
0010
0000
0000
0000
0000
0000
0000
,  // measure 62
0000
0000
0000
0000
,  // measure 63
0000
0100
0000
0000
0000
0000
0000
0000
,  // measure 64
0000
0010
0000
0000
0000
0001
0000
0000
;

//---------------dance-single - ----------------
#NOTES:
     dance-single:
     :
     Easy:
     2:
     0.141,0.200,0.063,0.031,0.000,86.000,6.000,3.000,0.000,0.000:  // measure 1
0000
0000
0000
0000
,  // measure 2
1000
0000
0000
0000
,  // measure 3
1000
0000
0000
0000
,  // measure 4
0001
0000
0000
0000
,  // measure 5
0001
0000
0000
0000
,  // measure 6
1000
0000
0000
0000
,  // measure 7
1000
0000
0000
0000
,  // measure 8
0001
0000
0000
0000
,  // measure 9
1000
1000
0000
0000
,  // measure 10
0020
0000
0000
0000
,  // measure 11
0000
0000
0000
0030
,  // measure 12
1000
0000
0000
0000
,  // measure 13
0001
0000
0000
0000
,  // measure 14
0100
0000
0010
0000
,  // measure 15
0100
0000
0000
0000
,  // measure 16
0001
0000
1000
0000
,  // measure 17
0001
0000
0000
0000
,  // measure 18
0010
0000
0100
0000
,  // measure 19
0010
0000
0000
0000
,  // measure 20
0001
0000
1000
0000
,  // measure 21
0010
0000
0100
0000
,  // measure 22
0001
0000
0001
0000
,  // measure 23
1001
0000
0000
0000
,  // measure 24
1000
0000
1000
0000
,  // measure 25
1001
0000
0000
0000
,  // measure 26
0010
0000
0010
0000
,  // measure 27
1001
0000
0000
0000
,  // measure 28
0100
0000
1001
0000
,  // measure 29
0010
0000
1001
0000
,  // measure 30
0100
0000
0000
0000
,  // measure 31
0100
0000
0000
0000
,  // measure 32
0010
0000
0000
0000
,  // measure 33
0100
0000
0000
0000
,  // measure 34
1000
0000
0000
0000
,  // measure 35
0001
0000
0000
0000
,  // measure 36
1000
0000
1000
0000
,  // measure 37
0000
0000
0000
0000
,  // measure 38
0001
0000
0001
0000
,  // measure 39
0000
0000
0000
0000
,  // measure 40
0000
0000
0000
0000
,  // measure 41
0000
1000
0000
0000
0000
0000
0000
0000
,  // measure 42
0000
0001
0000
0000
0000
0000
0000
0000
,  // measure 43
0000
1000
0000
0000
0000
0000
0000
0000
,  // measure 44
0000
0100
0000
0000
0000
0000
0000
0000
,  // measure 45
0000
0010
0000
0000
0000
0000
0000
0000
,  // measure 46
0000
0001
0000
0000
0000
0000
0000
0000
,  // measure 47
0000
1000
0000
0000
0000
0000
0000
0000
,  // measure 48
0000
0001
0000
0001
0000
0000
0000
0000
,  // measure 49
0000
0100
0000
0000
0000
0010
0000
1000
,  // measure 50
0000
0100
0000
0000
0000
0010
0000
0000
,  // measure 51
0000
0100
0000
0000
0000
1000
0000
0010
,  // measure 52
0000
0100
0000
0000
0000
0001
0000
0000
,  // measure 53
0000
1000
0000
0000
0000
0001
0000
0010
,  // measure 54
0000
0100
0000
0000
0000
1000
0000
0000
,  // measure 55
0000
0010
0000
0000
0000
0100
0000
0000
,  // measure 56
0000
0001
0000
1000
0000
0100
0000
0000
,  // measure 57
0000
0020
0000
0000
0000
0000
0000
0000
,  // measure 58
0000
0000
0000
0000
0000
0000
0000
0030
,  // measure 59
0000
1001
0000
0000
0000
0000
0000
0000
,  // measure 60
0000
1000
0000
0000
0000
0001
0000
0000
,  // measure 61
0000
0020
0000
0000
0000
0000
0000
0000
,  // measure 62
0000
0000
0000
0000
0000
0000
0000
0030
,  // measure 63
0000
0100
0000
0000
0000
0000
0000
0000
,  // measure 64
0000
0010
0000
0000
0000
0001
0000
1000
;

//---------------dance-single - ----------------
#NOTES:
     dance-single:
     :
     Medium:
     6:
     0.378,0.433,0.073,0.115,0.000,236.000,7.000,11.000,0.000,0.000:  // measure 1
0000
0000
0000
0000
,  // measure 2
0000
0000
0000
0000
0000
0000
0000
0001
,  // measure 3
0000
0000
0000
0000
,  // measure 4
0100
0000
0000
0000
0000
0000
0000
0001
,  // measure 5
0000
0000
0000
0000
0000
0000
0000
1000
,  // measure 6
0000
0000
0000
0000
0000
0000
0000
0001
,  // measure 7
0000
0000
0000
0000
,  // measure 8
0100
0000
0000
0000
,  // measure 9
0001
0001
0000
0000
,  // measure 10
1000
0000
1000
0000
0010
0100
0010
0000
,  // measure 11
1000
0000
1000
0000
0100
0010
0100
0000
,  // measure 12
1000
0000
1000
0000
0001
0100
0010
0000
,  // measure 13
1000
0100
0001
0000
1000
0010
0001
0000
,  // measure 14
0000
0000
1000
0000
0000
0100
0000
0100
,  // measure 15
0000
0000
1000
0000
0000
0010
0000
0010
,  // measure 16
0000
0000
0100
0000
0000
0001
0000
0001
,  // measure 17
0000
0000
0100
0000
0000
0010
0010
0000
,  // measure 18
0000
0000
1000
0000
0000
0001
0000
0001
,  // measure 19
0000
0010
0000
0100
,  // measure 20
1000
0001
1000
0100
,  // measure 21
0010
0001
0100
0000
0010
0000
0010
0000
,  // measure 22
1000
0000
1000
0000
0001
0100
0010
0000
,  // measure 23
1000
0000
1000
0000
0100
0010
0001
0000
,  // measure 24
0100
0000
0100
0000
0010
1000
0100
0000
,  // measure 25
0010
0000
0010
0000
0001
0100
0010
0000
,  // measure 26
1000
0000
1000
0000
0001
0010
0100
0000
,  // measure 27
1000
0000
1000
0000
0001
0100
0010
0000
,  // measure 28
1001
0000
0000
0011
0000
0000
1100
0000
,  // measure 29
0001
0010
0100
1000
,  // measure 30
0002
0003
0100
0100
,  // measure 31
0020
0030
1000
1000
,  // measure 32
0002
0003
0010
0010
,  // measure 33
0200
0300
1000
1000
,  // measure 34
0002
0003
0100
0010
,  // measure 35
2000
3000
0001
0010
,  // measure 36
0200
0300
0020
0030
,  // measure 37
0001
0100
0010
1000
,  // measure 38
0002
0003
2000
3000
,  // measure 39
0001
0010
0100
1000
,  // measure 40
0000
0000
0000
0000
,  // measure 41
0000
0002
0000
0000
0000
0000
0000
0003
,  // measure 42
0000
1000
0000
1000
0000
0100
0000
0010
,  // measure 43
0000
0001
0000
1000
0000
0100
0000
0100
,  // measure 44
0000
0010
0000
0001
0000
1000
0000
0010
,  // measure 45
0000
0100
0000
1001
0000
0100
0000
1001
,  // measure 46
0000
0100
0000
0010
0000
1000
0000
0100
,  // measure 47
0000
0010
0000
1001
0000
0010
0000
1001
,  // measure 48
0000
0100
0010
0001
0000
1000
0000
1000
,  // measure 49
0000
0010
0000
0100
0000
0001
0010
0001
,  // measure 50
0000
1000
0000
0010
0000
0100
0001
0100
,  // measure 51
0000
0010
0000
1000
0000
0001
0010
0001
,  // measure 52
0000
0100
0000
0010
0000
1000
0100
1000
,  // measure 53
0000
0001
0000
0100
0000
0010
1000
0010
,  // measure 54
0000
0100
0000
0001
0000
0010
0100
0010
,  // measure 55
0000
0001
0000
1000
0000
0010
0100
0010
,  // measure 56
0000
1000
0100
1000
0000
0001
0000
0001
,  // measure 57
0000
1000
0000
0100
0000
0010
0001
0100
,  // measure 58
0000
0010
0000
1000
0000
0001
0100
0010
,  // measure 59
0000
1000
0000
0001
0000
0010
0100
1000
,  // measure 60
0000
0001
0100
0001
0000
1000
0100
1000
,  // measure 61
0000
0001
0000
0100
0000
1000
0100
0010
,  // measure 62
0000
0001
0000
0001
0000
0100
0010
1000
,  // measure 63
0000
0001
0001
0100
0000
0010
1000
0100
,  // measure 64
0000
1000
0001
0100
0000
0010
1000
0100
,  // measure 65
0010
0000
0000
0000
;

//---------------dance-single - ----------------
#NOTES:
     dance-single:
     :
     Hard:
     7:
     0.509,0.600,0.104,0.073,0.042,325.000,10.000,7.000,0.000,0.000:  // measure 1
0000
0000
0000
0000
,  // measure 2
2000
0000
3000
0000
0001
0100
0001
1000
,  // measure 3
0000
1000
0100
0010
,  // measure 4
0002
0000
0003
0000
0001
0100
0001
2000
,  // measure 5
0000
3000
0000
1000
0000
0001
0000
0200
,  // measure 6
0000
0000
0300
0000
0010
1000
0100
0010
,  // measure 7
0000
0001
1000
0001
,  // measure 8
2000
0000
3000
0000
1000
0010
0100
0002
,  // measure 9
0000
0000
0003
0000
1000
0100
0001
0000
,  // measure 10
1000
0000
0000
0000
1000
0000
0000
0010
0100
0000
0010
0000
0100
0000
0001
0000
,  // measure 11
0000
0001
0000
1000
0100
0010
0001
0000
,  // measure 12
0100
0000
0100
0000
0010
0100
0010
0000
,  // measure 13
1001
0000
1001
0000
1001
0000
0000
0100
0010
0000
0100
0000
1001
0000
0000
0000
,  // measure 14
0010
0100
0010
0001
0000
0010
0001
0100
,  // measure 15
0000
0001
0000
1000
0100
0010
0001
0000
,  // measure 16
0001
0100
0001
0010
0000
0010
0001
0100
,  // measure 17
0000
0010
0000
0100
0001
0010
0000
0000
,  // measure 18
0010
0100
1000
0010
0000
0010
0100
0001
,  // measure 19
0000
0100
0000
0010
1000
0100
0010
0000
,  // measure 20
0100
1000
0010
0100
0000
0010
1000
0100
,  // measure 21
0000
0010
0000
0100
1000
0010
0100
0001
,  // measure 22
1000
0000
1000
0000
1000
0100
0001
0000
,  // measure 23
1000
0000
1000
0000
1000
0010
0001
0000
,  // measure 24
1000
0000
0000
0000
1000
0000
0000
1000
0100
0000
0010
0000
0001
0000
0100
0000
,  // measure 25
0000
0100
0000
0001
0010
0100
1000
0000
,  // measure 26
0001
0000
0001
0000
0001
0100
1000
0000
,  // measure 27
0001
0010
0100
1000
0010
0100
0001
0000
,  // measure 28
1100
0000
0000
0011
0000
0000
0100
0010
,  // measure 29
0000
0000
1000
0000
0010
0100
0000
0000
,  // measure 30
0001
0000
0001
0000
1000
0100
0000
1000
,  // measure 31
0000
1000
0100
1000
0000
0000
0001
0010
,  // measure 32
0001
0100
0001
0000
0001
0100
0001
0010
,  // measure 33
0000
0100
1000
0010
0000
0010
0100
0000
,  // measure 34
0001
0000
0001
0000
1000
0100
1000
0010
,  // measure 35
1000
0100
0000
0100
0000
0010
0100
0000
,  // measure 36
1000
0100
1000
0001
0000
0001
0100
0000
,  // measure 37
1000
0100
0000
0001
0100
0000
1001
0000
,  // measure 38
1000
0010
1000
0001
0000
0001
0010
0000
,  // measure 39
1000
0010
0000
0001
0010
0000
0110
0000
,  // measure 40
0000
0000
0000
0000
,  // measure 41
0002
0000
0000
0003
0000
1000
0100
0010
,  // measure 42
0001
0000
0100
1000
0000
0001
0000
0100
,  // measure 43
0000
0000
0010
0000
0000
0000
0100
0000
0000
1000
0010
0000
0100
0000
0001
0000
,  // measure 44
0010
0100
0010
0001
,  // measure 45
0000
1000
0000
1000
0000
0010
0100
0001
,  // measure 46
0100
0010
1000
0100
,  // measure 47
0000
0010
0000
0001
0000
1000
0010
0100
,  // measure 48
0000
0001
0010
0000
0100
0000
0000
0000
,  // measure 49
0000
0000
1000
0000
0000
0000
0001
0000
0000
0100
0010
0000
1000
0000
0100
0000
,  // measure 50
0010
0000
0010
0001
0000
1000
0000
0010
,  // measure 51
0000
0000
0100
0000
0000
0000
0001
0000
0000
1000
0100
0000
0010
0000
0001
0000
,  // measure 52
0100
0001
0010
0100
,  // measure 53
0000
1000
0000
0001
0000
1000
0010
0100
,  // measure 54
0010
1000
0001
0010
,  // measure 55
0000
0000
0100
0000
0000
0000
0100
0000
0000
1000
0010
0000
0100
0000
0001
0000
,  // measure 56
0000
1000
0100
0000
0101
0000
0011
0000
,  // measure 57
0000
0000
1000
0000
0000
0000
0100
0000
0000
0010
0001
0000
0010
0000
0100
0000
,  // measure 58
1000
0000
1000
0000
1000
0010
1000
0100
,  // measure 59
0000
0010
0001
0100
0000
0010
0001
0100
,  // measure 60
0000
1000
0100
0001
0100
1000
0010
0100
,  // measure 61
0000
0001
0000
0010
0000
0100
1000
0100
,  // measure 62
0000
0001
0100
0010
1000
0100
0010
0001
,  // measure 63
0000
1000
1000
0100
0000
0001
0001
0100
,  // measure 64
0000
0010
1000
0100
0000
0001
1000
0100
,  // measure 65
0010
0000
0000
0000
;

//---------------dance-double - ----------------
#NOTES:
     dance-double:
     :
     Easy:
     2:
     0.127,0.233,0.115,0.000,0.000,74.000,11.000,0.000,0.000,0.000:  // measure 1
00000000
00000000
00000000
00000000
,  // measure 2
10000000
00000000
00000000
00000000
,  // measure 3
10000000
00000000
00000000
00000000
,  // measure 4
01000000
00000000
00000000
00000000
,  // measure 5
00010000
00000000
00000000
00000000
,  // measure 6
00001000
00000000
00000000
00000000
,  // measure 7
00000010
00000000
00000000
00000000
,  // measure 8
00000001
00000000
00000000
00000000
,  // measure 9
00001000
00001000
00000000
00000000
,  // measure 10
00000000
00000100
00000000
00000000
,  // measure 11
00000000
00010000
00000000
00000000
,  // measure 12
00000000
01000000
00000000
00000000
,  // measure 13
10000000
00000000
10010000
00000000
,  // measure 14
00100000
00000000
00100000
00000000
,  // measure 15
00000000
00000000
00000000
00000000
,  // measure 16
01000000
00000000
01000000
00000000
,  // measure 17
00000000
00000000
00000000
00000000
,  // measure 18
00010000
00000000
00001000
00000000
,  // measure 19
00000000
00000000
00000000
00000000
,  // measure 20
00000010
00000000
00000100
00000000
,  // measure 21
00001001
00000000
00001001
00000000
,  // measure 22
00000110
00000000
00000000
00000000
,  // measure 23
00001000
00000000
00000000
00000000
,  // measure 24
00000100
00000000
00000000
00000000
,  // measure 25
00010000
00000000
00001000
00000000
,  // measure 26
00100000
00000000
00000000
00000000
,  // measure 27
01000000
00000000
00000000
00000000
,  // measure 28
10010000
00000000
01100000
00000000
,  // measure 29
10010000
00000000
00000000
00000000
,  // measure 30
01000000
00000000
00000000
00000000
,  // measure 31
00001000
00000000
00000000
00000000
,  // measure 32
00010000
00000000
00000000
00000000
,  // measure 33
00000010
00000000
00000000
00000000
,  // measure 34
00001000
00000000
00000000
00000000
,  // measure 35
01000000
00000000
00000000
00000000
,  // measure 36
00010000
00000000
00000100
00000000
,  // measure 37
00000000
00000000
00000000
00000000
,  // measure 38
00001000
00000000
00100000
00000000
,  // measure 39
00000000
00000000
00000000
00000000
,  // measure 40
00000000
00000000
00000000
00000000
,  // measure 41
00000000
10000000
00000000
00000000
00000000
00000000
00000000
00000000
,  // measure 42
00000000
10000000
00000000
00000000
00000000
00000000
00000000
00000000
,  // measure 43
00000000
01000000
00000000
00000000
00000000
00000000
00000000
00000000
,  // measure 44
00000000
00010000
00000000
00000000
00000000
00000000
00000000
00000000
,  // measure 45
00000000
00001000
00000000
00000000
00000000
00000000
00000000
00000000
,  // measure 46
00000000
00000010
00000000
00000000
00000000
00000000
00000000
00000000
,  // measure 47
00000000
00000001
00000000
00000000
00000000
00000100
00000000
00000000
,  // measure 48
00000000
00000010
00000000
00000000
00000000
00000000
00000000
00000000
,  // measure 49
00000000
00001001
00000000
00000000
00000000
00000000
00000000
00000000
,  // measure 50
00000000
00000100
00000000
00000000
00000000
00000000
00000000
00000000
,  // measure 51
00000000
00010000
00000000
00000000
00000000
00000000
00000000
00000000
,  // measure 52
00000000
00001000
00000000
00000000
00000000
00000000
00000000
00000000
,  // measure 53
00000000
00100000
00000000
00000000
00000000
01000000
00000000
00000000
,  // measure 54
00000000
10000000
00000000
00000000
00000000
00010000
00000000
00000000
,  // measure 55
00000000
01100000
00000000
00000000
00000000
00000000
00000000
00000000
,  // measure 56
00000000
10010000
00000000
00000000
00000000
00000000
00000000
00000000
,  // measure 57
00000000
01000000
00000000
00000000
00000000
00000000
00000000
00000000
,  // measure 58
00000000
01000000
00000000
00000000
00000000
00000000
00000000
00000000
,  // measure 59
00000000
00001000
00000000
00000000
00000000
00000000
00000000
00000000
,  // measure 60
00000000
00010000
00000000
00000000
00000000
00000000
00000000
00000000
,  // measure 61
00000000
00000100
00000000
00000000
00000000
00000000
00000000
00000000
,  // measure 62
00000000
00000100
00000000
00000000
00000000
00000000
00000000
00000000
,  // measure 63
00000000
00010000
00000000
00000000
00000000
00001000
00000000
00000000
,  // measure 64
00000000
00100000
00000000
00000000
00000000
01000000
00000000
10010000
;

//---------------dance-double - ----------------
#NOTES:
     dance-double:
     :
     Medium:
     6:
     0.347,0.367,0.094,0.021,0.000,222.000,9.000,2.000,0.000,0.000:  // measure 1
00000000
00000000
00000000
00000000
,  // measure 2
00001000
00000000
00001000
00000000
,  // measure 3
00010000
00000000
00010000
00000000
,  // measure 4
00100000
00000000
00100000
00000000
,  // measure 5
00001000
00000000
00001000
00000000
,  // measure 6
00000010
00000000
00000010
00000000
,  // measure 7
00010000
00000000
00010000
00000000
,  // measure 8
00001000
00000000
00010000
00000000
,  // measure 9
00001000
00010000
00000000
00000000
,  // measure 10
00100000
10000000
01000000
01000000
,  // measure 11
00010000
00001000
00000100
00000100
,  // measure 12
00000001
00000010
00000100
00000100
,  // measure 13
00010000
00001000
00010000
00000000
00001000
00010000
00001000
00000000
,  // measure 14
00000000
00100000
00000000
00100000
,  // measure 15
00000000
01000000
00000000
01000000
,  // measure 16
00000000
00010000
00000000
00001000
,  // measure 17
00000000
00000010
00000000
00000100
,  // measure 18
00000000
00000010
00000000
00000001
,  // measure 19
00000000
00000010
00000000
00000100
,  // measure 20
00000000
00010000
00000000
00001000
,  // measure 21
00100000
00000000
01000000
00000000
,  // measure 22
10000000
10000000
00000000
01000000
,  // measure 23
00100000
00000000
00001000
00000000
,  // measure 24
00010000
00010000
00000000
00000100
,  // measure 25
00000010
00000000
00000001
00000000
,  // measure 26
00001000
00001000
00000000
00000100
,  // measure 27
00010000
00000000
00001000
00000000
,  // measure 28
00100000
00100000
01000000
01000000
,  // measure 29
10010000
01100000
10000000
10000000
,  // measure 30
00020000
00030000
01000000
01000000
,  // measure 31
00100000
10000000
01000000
00010000
,  // measure 32
00001000
00000100
00000001
00000010
,  // measure 33
00000100
00001000
00000001
00000100
,  // measure 34
00000020
00000030
00001000
00001000
,  // measure 35
00000100
00000010
00000001
00000100
,  // measure 36
00001010
00000000
00000000
00011000
00000000
00000000
00000000
00000000
,  // measure 37
00100000
00100000
00010000
01000000
,  // measure 38
10100000
00000000
00000000
01010000
00000000
00000000
00000000
00000000
,  // measure 39
00001000
00001000
00000100
00000001
,  // measure 40
00000000
00000000
00000000
00000000
,  // measure 41
00000000
00001000
00000000
00001000
00000000
00000010
00000100
00000010
,  // measure 42
00000000
00001000
00000000
00000100
00000000
00000010
00000000
00000001
,  // measure 43
00000000
00000100
00000000
00000100
00000000
00001000
00010000
00001000
,  // measure 44
00000000
00100000
00000000
01000000
00000000
10000000
00000000
00010000
,  // measure 45
00000000
01000000
00000000
01000000
00000000
00001000
00010000
00001000
,  // measure 46
00000000
00100000
00000000
10000000
00000000
00100000
00000000
00001000
,  // measure 47
00000000
00000100
00000000
00000100
00000000
00000001
00000010
00000001
,  // measure 48
00000000
00001000
00001000
00000000
00000110
00000000
00001001
00000000
,  // measure 49
00000000
00000100
00000000
00000100
00000000
00001000
00010000
00001000
,  // measure 50
00000000
00100000
00000000
10000000
00000000
01000000
00000000
00010000
,  // measure 51
00000000
00100000
00000000
00100000
00000000
00001000
00010000
00001000
,  // measure 52
00000000
00100000
00000000
00010000
00000000
01000000
00000000
00001000
,  // measure 53
00000000
00010000
00000000
00010000
00000000
00000010
00001000
00000010
,  // measure 54
00000000
00000100
00000000
00001000
00000000
00000010
00000000
00000001
,  // measure 55
00000000
00000100
00000000
00000100
00000000
00000010
00001000
00000010
,  // measure 56
00000000
00010000
00010000
00000000
00001000
00000000
00011000
00000000
,  // measure 57
00000000
00100000
00000000
00100000
00000000
00010000
01000000
00010000
,  // measure 58
00000000
00100000
00001000
00100000
00000000
00010000
01000000
00010000
,  // measure 59
00000000
10000000
00000000
10000000
00000000
01000000
00100000
01000000
,  // measure 60
00000000
00010000
00001000
00010000
00000000
00000010
00001000
00000010
,  // measure 61
00000000
00000100
00000000
00000100
00000000
00000001
00000010
00000001
,  // measure 62
00000000
00000100
00000000
00000100
00000000
00000010
00001000
00000010
,  // measure 63
00000000
00000100
00000000
00000100
00000000
00001000
00010000
00001000
,  // measure 64
00000000
00100000
00000000
00100000
00000000
01000000
10000000
00100000
,  // measure 65
01000000
00000000
00000000
00000000
;

//---------------dance-double - ----------------
#NOTES:
     dance-double:
     :
     Hard:
     7:
     0.496,0.500,0.240,0.000,0.057,310.000,23.000,0.000,0.000,0.000:  // measure 1
00000000
00000000
00000000
00000000
,  // measure 2
00000000
10010000
00000000
11000000
,  // measure 3
00000000
10010000
00000000
01010000
,  // measure 4
00000000
01001000
00000000
00011000
,  // measure 5
00000000
00010010
00000000
00001001
,  // measure 6
00000000
00000101
00000000
00001001
,  // measure 7
00000000
00000011
00000000
00001100
,  // measure 8
00010000
00001000
00000100
00000001
,  // measure 9
00000010
00000100
00001000
00000000
00000010
00000100
00000001
00001000
,  // measure 10
00000100
00010000
00001000
00000100
,  // measure 11
00001000
00010000
01000000
00010000
,  // measure 12
00001000
00000100
00000001
00000010
,  // measure 13
00000100
00000000
00001000
00000000
00000100
00000000
00000000
00010000
00001000
00000000
00010000
00000000
00000100
00000000
00000000
00000000
,  // measure 14
00010000
00000000
01000000
00000000
00010000
00001000
00000100
00000000
,  // measure 15
00001000
00000000
00010000
00000000
01000000
10000000
00010000
00000000
,  // measure 16
01000000
00000000
00100000
00000000
10000000
01000000
00010000
00000000
,  // measure 17
00001000
00000000
00000100
00000000
00000001
00000010
00001000
00000000
,  // measure 18
00010000
00000000
00001000
00000000
00000100
00000001
00000010
00000000
,  // measure 19
00000100
00000000
00010000
00000000
00001000
00000100
00000001
00000000
,  // measure 20
00000010
00000000
00001000
00000000
00010000
00100000
00000000
10000000
,  // measure 21
01000000
00000000
00100000
00010000
00000000
01000000
10000000
00000000
,  // measure 22
00010000
00000000
00100000
00000000
01000000
00010000
00001000
00000000
,  // measure 23
00000100
00000000
00000001
00000000
00000010
00001000
00010000
00000000
,  // measure 24
00100000
00000000
00000000
00000000
10000000
00000000
00000000
10000000
01000000
00000000
00100000
00000000
00010000
00000000
01000000
00000000
,  // measure 25
00000000
01000000
00000000
01000000
00000000
00010000
00100000
00000000
,  // measure 26
01000000
00000000
00010000
00000000
00001000
00000100
00000001
00000010
,  // measure 27
00000100
00001000
00000000
00000001
00000000
00001000
00000000
00000001
,  // measure 28
00000100
00000000
00000010
00001000
00000000
00000100
00010000
00001000
,  // measure 29
00000000
00000000
00000010
00000000
00000000
00000000
00000001
00000000
00000100
00000000
00000010
00000000
00001000
00000000
00000100
00010000
,  // measure 30
00000100
00000000
00000000
00000000
00000000
00000010
00000000
00000001
,  // measure 31
00000000
00000100
00000010
00000100
00000000
00000100
00000001
00000000
,  // measure 32
00001000
00000100
00010000
01000000
,  // measure 33
10000000
00100000
00000000
01000000
00000000
00010000
00000000
00000000
,  // measure 34
00100000
00000000
00000000
00001000
00000000
00010000
00001000
01000000
,  // measure 35
00000000
00100000
00000000
10000000
00000000
01000000
00010000
00001000
,  // measure 36
00000100
00000000
00000001
00000010
00000000
00000010
00000001
00000100
,  // measure 37
00000000
00000100
00000010
00000000
00001000
00000000
00000100
00000000
,  // measure 38
00010000
00000000
00001000
00000100
00000000
00000100
00000001
00000000
,  // measure 39
00000010
00001000
00010000
00100000
,  // measure 40
00000000
00000000
00000000
00000000
00000000
00000000
00000000
00000000
10000000
00000000
01000000
00000000
00100000
00000000
00010000
01000000
,  // measure 41
00010000
00000000
00001000
00010000
00000000
00000100
00000010
00000001
,  // measure 42
00000000
00000100
00000000
00000010
00000000
00001000
00000000
00000100
,  // measure 43
00000010
00000001
00000000
00000100
00000000
00001000
00010000
00001000
,  // measure 44
00000100
00000000
00001000
00010000
01000000
00000000
00100000
00000000
,  // measure 45
00010000
01000000
00000000
00001000
00000000
00000010
00000001
00000100
,  // measure 46
00000010
00000000
00000010
00001000
00000000
00000100
00000000
00000010
,  // measure 47
00000000
00001000
00000000
00010000
00000000
00100000
10000000
01000000
,  // measure 48
00100000
00000000
00010000
00000000
01000000
00000000
00100000
00000000
10000000
01000000
10000000
00000000
00010000
00000000
01000000
00000000
,  // measure 49
00001000
00000000
00010000
00000000
00000000
00000000
01000000
00000000
00000000
10000000
00100000
00000000
01000000
00000000
00010000
00000000
,  // measure 50
00000000
00000000
00000100
00000000
00000000
00000000
00000001
00000000
00000000
00000010
00000100
00000000
00001000
00000000
00000001
00000000
,  // measure 51
00000000
00000000
00000001
00000000
00000000
00000000
00000100
00000000
00000000
00001000
00010000
00000000
01000000
00000000
10000000
00000000
,  // measure 52
00100000
00000000
01000000
00010000
00100000
00000000
01000000
00000000
,  // measure 53
00010000
00000000
00001000
00000000
00000000
00000000
00000100
00000000
00000000
00000001
00000010
00000000
00000100
00000000
00001000
00000000
,  // measure 54
00000010
00000100
00001000
00010000
00000000
01000000
00000000
10000000
,  // measure 55
00000000
00000000
00010000
00000000
00000000
00000000
01000000
00000000
00000000
00001000
00000010
00000000
00001000
00000000
00010000
00000000
,  // measure 56
01000000
00000000
10000000
00000000
00010000
00000000
01000000
00000000
00000000
00100000
10000000
00000000
01000000
00000000
00010000
00000000
,  // measure 57
00001000
00000100
00000000
00001001
00000000
00000100
00000000
00010000
,  // measure 58
00000000
01000000
00000000
10010000
00000000
01000000
00000000
00100000
,  // measure 59
00000000
00010000
00000000
10010000
00000000
01000000
00000000
00010000
,  // measure 60
00000000
00001000
00000000
00000110
00000000
00000001
00000010
00000100
,  // measure 61
00001000
00000010
00000000
00000101
00000000
00000010
00000000
00011000
,  // measure 62
00000000
00100000
00000000
10010000
00000000
01000000
00000000
00101000
,  // measure 63
00000000
00010000
00000000
00001010
00000000
00000100
00000000
00001001
,  // measure 64
00000000
00000010
00000000
00001100
00000000
00010000
00000000
00100000
,  // measure 65
01000000
00000000
00000000
00000000
;
