#TITLE:era;
#SUBTITLE:(nostalmix);
#ARTIST:TaQ;
#TITLETRANSLIT:;
#SUBTITLETRANSLIT:;
#ARTISTTRANSLIT:;
#CREDIT:;
#BANNER:era (nostalmix).png;
#BACKGROUND:era (nostalmix)-bg.png;
#LYRICSPATH:;
#CDTITLE:./CDTITLES/BEATMANIA IIDX.PNG;
#MUSIC:era (nostalmix).mp3;
#OFFSET:-5.200;
#SAMPLESTART:63.480;
#SAMPLELENGTH:12.000;
#SELECTABLE:YES;
#BPMS:0.000=180.000,112.000=90.000,144.000=180.000,208.000=90.000;
#STOPS:;
#BGCHANGES:;
// cache tags:
#FIRSTBEAT:0.000;
#LASTBEAT:213.000;
#SONGFILENAME:Songs/DDI/era (nostalmix)/era (nostalmix).sm;
#HASMUSIC:1;
#HASBANNER:1;
#MUSICLENGTH:92.245;
// end cache tags

//---------------dance-single - ----------------
#NOTES:
     dance-single:
     :
     Easy:
     3:
     0.194,0.202,0.000,0.000,0.000,125.000,0.000,0.000,0.000,0.000:
0000
1000
0000
0000
0000
0000
0000
0000
,
0000
0001
0000
0000
0000
0000
0000
0000
,
0000
1000
0000
0000
0000
0000
0000
0000
,
0000
0001
0000
0000
0000
0000
0001
0000
,
0000
0000
1000
0000
0000
1000
0000
0000
,
0000
0000
0001
0000
0000
0001
0000
0000
,
0000
0000
0010
0000
0000
0010
0000
0000
,
0000
0000
0100
0000
0000
0100
0000
0000
,
0000
0000
1000
0000
0000
1000
0000
0000
,
0000
0000
0001
0000
0000
0001
0000
0000
,
0000
0000
0100
0000
0000
0100
0000
0000
,
0000
0000
0010
0000
0000
0010
0000
0000
,
1000
1000
0000
0001
,
0000
0100
0000
1000
,
0000
0100
0000
0010
,
0000
0001
0000
1000
,
0100
0100
0000
0010
,
0000
0001
0000
1000
,
0000
0010
0000
0100
,
0000
0001
0000
1000
,
0100
0000
0100
0000
0000
0010
0000
0000
,
0001
0001
0001
0000
,
1000
0000
1000
0000
0000
0010
0000
0000
,
0100
0100
0100
0000
,
0001
0000
0001
0000
0000
0010
0000
0000
,
0100
0100
0100
0000
,
1000
0000
1000
0000
0000
0010
0000
0000
,
0100
0000
0100
0000
0000
0001
0000
0000
,
1000
1000
1000
0000
,
0100
0000
0100
0000
,
0010
0010
0010
0000
,
0001
0000
0001
0000
,
0100
0100
0100
0000
,
0010
0000
0010
0000
,
1000
1000
1000
0000
,
0001
0000
0001
0000
,
0010
0010
0010
0100
,
1000
0000
0000
0001
,
0100
0000
0000
1000
,
0100
0000
0000
0010
,
0001
0001
0001
1000
,
0100
0000
0000
0001
,
0010
0000
0000
0100
,
0010
0000
0000
1000
,
0100
0100
0100
0010
,
0001
0000
0000
1000
,
0010
0000
0000
0100
,
0001
0000
0000
0010
,
0100
0100
0100
1000
,
0001
0000
0000
0100
,
0010
0000
0000
1000
,
0100
0000
0000
0010
,
0001
0000
0000
0000
,
0000
1000
0000
0000
;

//---------------dance-single - ----------------
#NOTES:
     dance-single:
     :
     Medium:
     6:
     0.364,0.346,0.000,0.000,0.000,235.000,0.000,0.000,0.000,0.000:
0000
1000
0000
0100
0000
0010
0000
0001
,
0000
0001
0000
0100
0000
0010
0000
1000
,
0000
1000
0000
0001
0000
0100
0000
0010
,
0000
1000
0000
0100
0000
0010
0001
0000
,
1000
0000
1000
0000
0010
0100
0000
0000
,
0001
0000
0001
0000
0010
0100
1000
0000
,
0010
0000
0010
0000
0100
0001
0000
0000
,
1000
0000
1000
0000
0100
0010
0001
0000
,
0100
0000
0100
0000
0010
1000
0000
0000
,
0001
0000
0001
0000
0010
0100
1000
0000
,
0001
0000
0001
0000
0100
0010
0000
0000
,
1000
0000
1000
0000
0100
0010
0001
0000
,
1000
0000
1000
0000
0000
0100
0000
0000
,
0010
0000
0010
0000
0000
0001
0000
0000
,
1000
0000
1000
0000
0000
0010
0000
0000
,
0100
0000
0100
0000
0000
0001
0000
0000
,
0010
0000
0010
0000
0000
0100
0000
0000
,
1000
0000
1000
0000
0000
0001
0000
0000
,
0100
0100
0010
0010
,
1000
0100
0010
0001
,
0100
0010
0100
0000
0001
0000
0001
0000
,
1000
0100
1000
0000
0010
0000
0010
0000
,
0100
0001
0100
0000
0010
0000
0010
0000
,
1000
0100
1000
0000
0001
0000
0100
0000
,
0010
1000
0010
0000
0100
0000
0100
0000
,
0001
0010
0001
0000
1000
0000
1000
0000
,
0010
0100
0010
0000
1000
0000
1000
0000
,
0001
0100
0001
0000
0010
0000
0010
0000
,
0100
0000
1000
0000
0010
0010
0100
0000
,
0001
0000
1000
0000
0100
0100
0010
0000
,
0001
0000
0100
0000
0010
0010
1000
0000
,
0001
0000
0010
0000
0100
0100
1000
0000
,
0010
0000
0100
0000
0001
0001
1000
0000
,
0010
0000
0100
0000
0001
0001
0010
0000
,
0100
0000
1000
0000
0010
0010
0100
0000
,
0001
0000
1000
0000
0100
0100
0000
0000
,
0001
0000
0001
0000
0010
0100
0010
0000
,
0000
0000
1000
0000
0001
0100
0001
0000
,
1000
0000
1000
0000
0100
0010
0100
0000
,
0000
0000
0001
0000
1000
0100
1000
0000
,
0001
0000
0100
0000
0010
1000
0010
0000
,
0000
0000
0001
0000
0010
0100
0010
0000
,
0001
0000
1000
0000
0010
0100
0010
0000
,
0000
0000
1000
0000
0100
0010
0100
0000
,
1000
0000
0001
0000
0100
0010
1000
0000
,
0100
0010
0001
0000
0100
0000
0010
0000
,
1000
0000
0100
0000
0010
0001
0100
0000
,
0010
1000
0100
0000
0010
0000
0001
0000
,
0100
0000
0010
0000
1000
0100
0010
0000
,
0001
0100
0010
0000
1000
0001
0100
0000
,
0010
0000
1000
0000
0100
0010
0001
0000
,
1000
0010
0100
0001
,
1000
0000
0000
0000
,
0000
0100
0000
0000
;

//---------------dance-single - ----------------
#NOTES:
     dance-single:
     :
     Hard:
     8:
     0.551,0.491,0.000,0.000,0.087,356.000,0.000,0.000,0.000,0.000:
0000
1000
0000
0000
0000
1000
0000
0000
,
0000
0001
0100
0000
0010
0000
0000
0000
,
0000
1000
0000
0000
0000
1000
0000
0000
,
0000
0100
0010
0000
0001
0000
1000
0000
,
0010
0100
0001
1000
0100
0010
0000
0000
,
0001
1000
0010
0100
0001
1000
0000
0000
,
0100
0010
0001
0100
0010
1000
0000
0000
,
0001
0100
0010
1000
0100
0010
0000
0000
,
0001
1000
0010
0100
0001
1000
0000
0000
,
0100
0010
0001
0100
0010
1000
0001
0000
,
0010
0100
1000
0010
0100
0001
1000
0100
,
0010
0001
1000
0010
0100
0001
1000
0000
,
0010
0100
0001
0000
0010
0100
1000
0000
,
0001
0100
0010
1000
0001
0010
0100
0000
,
1000
0010
0100
0000
0001
0010
0100
0000
,
1000
0010
0100
0001
0010
0100
1000
0000
,
0001
0100
0010
0000
1000
0100
0010
0000
,
0001
1000
0100
0010
0001
0100
0010
0000
,
1000
0100
1000
0000
0001
0100
0001
0000
,
1000
0010
1000
0000
0001
0010
0001
0000
,
1000
0100
0010
0001
0100
0010
0010
0000
,
1000
0001
0100
0010
1000
0100
0100
0000
,
0010
0001
0100
0010
1000
0100
0100
0010
,
0001
1000
0010
0100
0001
1000
1000
0000
,
0010
0100
0001
0010
0100
1000
1000
0000
,
0010
0100
0001
1000
0100
0010
0010
0000
,
0001
1000
0010
0100
0001
0010
0100
1000
,
0001
0100
0010
1000
0100
0010
0001
0000
,
0100
0000
0100
0000
0010
0000
0000
1000
0100
1000
0001
0000
0100
0000
0000
0000
,
0010
0000
0010
0000
1000
0000
0000
0100
0010
0100
1000
0000
0001
0000
0000
0000
,
0100
0000
0100
0000
0010
0000
0000
1000
0001
0100
0010
0000
1000
0000
0000
0000
,
0001
0000
0001
0000
0010
0000
0000
0100
1000
0001
0100
0000
0010
0000
0000
0000
,
1000
0000
1000
0000
0001
0000
0000
0010
0100
1000
0010
0000
0100
0000
0000
0000
,
0001
0000
0001
0000
1000
0000
0000
0100
0010
0001
0100
0000
0010
0000
0000
0000
,
1000
0000
1000
0000
0100
0000
0000
0010
0001
1000
0010
0000
0100
0000
0000
0000
,
0001
0000
0001
0000
0010
0000
0000
0100
1000
0001
0100
0000
0000
0000
0000
0000
,
0010
0010
1000
0001
0010
0100
1000
0000
,
0001
0001
0100
0010
1000
0100
0010
0000
,
0001
0001
1000
0100
0010
0001
0100
0000
,
0010
0010
1000
0100
0010
0001
0100
0000
,
0010
0010
1000
0100
0010
0001
1000
0000
,
0100
0100
0010
0001
0100
0010
1000
0000
,
0001
0001
0010
0100
1000
0010
0100
0000
,
0001
0001
1000
0100
0010
0001
1000
0000
,
0010
0010
0100
0001
1000
0100
0010
0001
,
0001
0001
0100
0010
1000
0100
0010
0001
,
0001
0001
1000
0010
0100
0001
0010
0100
,
0100
0100
1000
0010
0100
0001
1000
0100
,
0100
0100
0010
0001
1000
0010
0100
0001
,
0001
0001
1000
0100
0010
0001
0100
0010
,
0010
0010
1000
0001
0100
0010
1000
0100
,
0100
0100
0010
0001
0100
0010
1000
0000
,
0001
0000
0000
0000
,
0000
0100
0000
0000
;

//---------------dance-double - ----------------
#NOTES:
     dance-double:
     :
     Easy:
     4:
     0.220,0.231,0.000,0.000,0.000,142.000,0.000,0.000,0.000,0.000:
00010000
00000000
00001000
00000000
,
00100000
00000000
00010000
00000000
,
01000000
00000000
00001000
00000000
,
00010000
00000000
00000010
00000010
,
00001000
00000001
00000100
00000000
,
00000010
00000000
00010000
00000000
,
00001000
00100000
01000000
00000000
,
10000000
00000000
00010000
00000000
,
01000000
00001000
00010000
00000000
,
00000010
00000000
00000100
00000000
,
00000001
00001000
00000100
00000000
,
00010000
00000000
00001000
00000000
,
00100000
00010000
10000000
00000000
,
01000000
00100000
00001000
00010000
,
00000010
00001000
00000001
00000000
,
00000010
00000100
00010000
00001000
,
00100000
00010000
10000000
00000000
,
00100000
01000000
00001000
00010000
,
00000010
00000000
00001000
00000000
,
00000001
00000000
00000000
00000000
,
00000010
00000100
00010000
00001000
,
00100000
00010000
10000000
00000000
,
00100000
01000000
00001000
00010000
,
00000010
00001000
00000001
00000000
,
00000010
00000100
00001000
00000001
,
00000100
00000010
00001000
00000000
,
00000100
00010000
00001000
00100000
,
00010000
10000000
01000000
00000000
,
00100000
00100000
00100000
00000000
,
00001000
00000000
00001000
00000000
,
00010000
00010000
00010000
00000000
,
00000100
00000000
00000100
00000000
,
00000010
00000001
00001000
00000000
,
00000010
00000000
00000010
00000000
,
00010000
00001000
00100000
00000000
,
00010000
00000000
10000000
00000000
,
01000000
00100000
00001000
00000000
,
00010000
00000100
00000010
00000000
,
00000001
00001000
00000100
00000000
,
00010000
00001000
00100000
00000000
,
00010000
01000000
00001000
00000000
,
00010000
00000010
00001000
00000000
,
00000100
00010000
00001000
00000000
,
00100000
00010000
10000000
00000000
,
01000000
00000000
00001000
00000000
,
00000000
00000000
00000100
00000000
,
00000010
00000000
00000000
00000000
,
00000000
00000001
00000100
00000010
,
00010000
00000000
00001000
00000000
,
00000000
00000000
00000000
00000000
,
00100000
00010000
10000000
00000000
,
01000000
00010000
00001000
00000000
,
00000100
00000000
00000000
00000000
,
00000000
00100000
00000000
00000000
;

//---------------dance-double - ----------------
#NOTES:
     dance-double:
     :
     Medium:
     6:
     0.355,0.317,0.130,0.000,0.011,217.000,12.000,0.000,0.000,0.000:
10000000
00000000
00000000
00000000
00000000
00000000
00000000
10000000
00000000
00000000
00000000
00000000
00000000
00000000
10000000
00000000
,
00000000
00000000
00000000
00010000
00000000
00010000
00000000
00000000
,
01000000
00000000
00000000
00000000
00000000
00000000
00000000
01000000
00000000
00000000
00000000
00000000
00000000
00000000
01000000
00000000
,
00000000
00000000
00000000
00001000
00000000
00001000
00000000
00000000
,
00010000
00000000
00001000
00000000
00010000
00000010
00001000
00000000
,
00000001
00000001
00000010
00000010
,
00000100
00000000
00010000
00000000
00001000
00100000
00010000
00000000
,
10000000
10000000
01000000
01000000
,
00100000
00000000
00010000
00000000
01000000
00001000
00010000
00000000
,
00000010
00000010
00001000
00001000
,
00000001
00000000
00000010
00000000
00000100
00010000
00001000
00000000
,
00100000
00100000
00010000
00010000
,
10010000
00000000
00000000
00000000
11000000
00000000
00000000
00110000
,
00000000
00000000
00000000
00001000
00000000
00010000
00000000
00000000
,
00001001
00000000
00000000
00000000
00000011
00000000
00000000
00001100
,
00000000
00000000
00000000
00010000
00000000
00001000
00000000
00000000
,
00110000
00000000
00000000
00000000
11000000
00000000
00000000
00101000
,
00000000
00000000
00000000
00010000
00000000
00000100
00000000
00000000
,
00001001
00000000
00000110
00000000
,
00001001
00000000
00000000
00000000
,
00000100
00000000
00010000
00000000
00001000
00100000
00010000
00000000
,
10000000
00000000
01000000
00000000
00100000
00010000
01000000
00000000
,
00001000
00000000
00010000
00000000
00000010
00001000
00000001
00000000
,
00000010
00000000
00000100
00000000
00010000
00001000
00100000
00000000
,
00010000
00000000
10000000
00000000
00100000
01000000
00010000
00000000
,
00100000
00000000
00001000
00000000
00010000
00000100
00001000
00000000
,
00000001
00000000
00000100
00000000
00000010
00001000
00000100
00000000
,
00010000
00000000
00001000
00000000
00100000
00010000
10000000
00000000
,
01000000
00000000
00100000
00000000
00001000
00010000
00000100
00000000
,
00001000
00000000
00000010
00000000
00010000
00001000
01000000
00000000
,
00010000
00000000
00100000
00000000
00001000
00010000
00000100
00000000
,
00001000
00000000
00000010
00000000
00010000
00001000
01000000
00000000
,
00010000
00000000
10000000
00000000
01000000
00100000
00001000
00000000
,
00010000
00000000
00000100
00000000
00000010
00000001
00001000
00000000
,
00000010
00000000
00010000
00000000
00001000
01000000
00010000
00000000
,
10000000
00000000
01000000
00100000
00010000
00000000
00000000
00000000
,
01000000
00000000
00001000
00000000
00010000
00000010
00001000
00000000
,
00000001
00000000
00000010
00000000
00000100
00010000
00001000
00000000
,
00100000
00000000
01000000
00000000
10000000
00100000
01000000
00000000
,
00001000
00000000
00010000
00000000
00000010
00001000
00000001
00000000
,
00000010
00000000
00000100
00000000
00010000
00001000
00100000
00000000
,
00010000
00000000
10000000
00000000
01000000
00100000
00001000
00000000
,
00010000
00000000
00000010
00000000
00001000
00000001
00000010
00000000
,
00000100
00000000
00010000
00000000
00001000
00100000
00010000
00000000
,
10000000
00000000
01000000
00000000
,
00100000
00010000
01000000
00000000
00001000
00010000
00000010
00000000
,
00001000
00000000
00000001
00000000
,
00000010
00000100
00001000
00000000
00000010
00000100
00000001
00000000
,
00001000
00000000
00000100
00000000
,
00010000
00001000
00100000
00000000
00010000
10000000
01000000
00000000
,
00100000
00000000
00001000
00000000
,
00010000
00000010
00001000
00000000
00000001
00000010
00000100
00000000
,
00010000
00000000
00000000
00000000
,
00000000
10000000
00000000
00000000
;

//---------------dance-double - ----------------
#NOTES:
     dance-double:
     :
     Hard:
     8:
     0.513,0.491,0.000,0.000,0.038,331.000,0.000,0.000,0.000,0.000:
10000000
01000000
00100000
00000000
,
00001000
00000000
00001000
00000000
,
00010000
00000100
00000010
00000000
,
00000001
00000000
00000001
00000000
,
00000010
00000000
00000100
00010000
00001000
00100000
00000000
00000000
,
00100000
00000000
00010000
10000000
00100000
01000000
00010000
00000000
,
00010000
00000000
00100000
00001000
00010000
00000100
00000000
00000000
,
00000100
00000000
00001000
00000001
00000100
00000010
00001000
00000000
,
00001000
00000000
00000100
00010000
00001000
00100000
00000000
00000000
,
00100000
00000000
00010000
10000000
01000000
00100000
00010000
00000000
,
00010000
00000000
01000000
00001000
00010000
00000010
00000000
00000000
,
00000010
00000000
00001000
00000001
00000010
00000100
00001000
00000000
,
00000010
00010000
00001000
00100000
00010000
10000000
00000000
10000000
,
00100000
01000000
00010000
00100000
00001000
00010000
00000000
00010000
,
00000100
00001000
00000001
00000100
00000010
00010000
00000000
00010000
,
00001000
00100000
00010000
10000000
00100000
01000000
00000000
01000000
,
00010000
00100000
00001000
00010000
00000100
00001000
00000000
00001000
,
00000001
00000100
00000010
00001000
00000100
00010000
00000000
00010000
,
00001000
00100000
00010000
00000000
10000000
00100000
01000000
00000000
,
00010000
00100000
00001000
00000000
00010000
00000100
00000100
00000000
,
00001000
00000001
00000100
00000010
00001000
00000100
00000100
00000000
,
00010000
00001000
00100000
00010000
10000000
01000000
01000000
00000000
,
00100000
00001000
00010000
00000100
00001000
00000001
00000001
00000000
,
00000100
00000010
00001000
00000100
00010000
00001000
00001000
00000000
,
00100000
00010000
10000000
01000000
00100000
00010000
00010000
00000000
,
01000000
00001000
00010000
00000010
00001000
00000001
00000001
00000000
,
00000010
00000100
00001000
00000010
00010000
00001000
00001000
00000000
,
00100000
00010000
10000000
01000000
00100000
00010000
00010000
00000000
,
01000000
00000000
01000000
00000000
00001000
00000000
00010000
00000000
00000100
00001000
00000001
00000000
00000100
00000000
00000000
00000000
,
00000010
00000000
00000010
00000000
00010000
00000000
00001000
00000000
00100000
00010000
10000000
00000000
01000000
00000000
00000000
00000000
,
00100000
00000000
00100000
00000000
00001000
00000000
00010000
00000000
00000100
00001000
00000001
00000000
00000010
00000000
00000000
00000000
,
00000100
00000000
00000100
00000000
00010000
00000000
00001000
00000000
01000000
00010000
10000000
00000000
00100000
00000000
00000000
00000000
,
01000000
00000000
01000000
00000000
00001000
00000000
00010000
00000000
00000100
00001000
00000010
00000000
00000100
00000000
00000000
00000000
,
00000001
00000000
00000001
00000000
00001000
00000000
00000100
00000000
00010000
00001000
00100000
00000000
00010000
00000000
00000000
00000000
,
10000000
00000000
10000000
00000000
01000000
00000000
00100000
00000000
00001000
00010000
00000100
00000000
00001000
00000000
00000000
00000000
,
00000001
00000001
00000010
00000100
00010000
00000000
00000000
00000000
,
00001000
00000000
00100000
00010000
10000000
00000000
01000000
00000000
,
00100000
00010000
01000000
00001000
00010000
00000010
00001000
00000000
,
00000001
00000000
00000010
00000100
00001000
00000000
00000010
00000000
,
00010000
00001000
00100000
00010000
10000000
01000000
00100000
00000000
,
00010000
00000000
01000000
00001000
00010000
00000000
00000010
00000000
,
00001000
00000001
00000010
00000100
00001000
00000010
00010000
00000000
,
00001000
00000000
00100000
00010000
10000000
00000000
01000000
00000000
,
00100000
00001000
00010000
00000100
00001000
00000001
00000100
00000000
,
00000010
00001000
00000100
00000000
00010000
00001000
00100000
00010000
,
10000000
01000000
00100000
00000000
00010000
01000000
00001000
00010000
,
00000010
00001000
00000001
00000000
00000010
00000100
00001000
00000010
,
00010000
00001000
00100000
00000000
00010000
01000000
00100000
10000000
,
01000000
00100000
00010000
00000000
01000000
00001000
00010000
00000100
,
00001000
00000001
00000100
00000000
00000010
00001000
00000100
00010000
,
00001000
00100000
00010000
00000000
10000000
01000000
00100000
00010000
,
01000000
00001000
00010000
00000000
00000010
00001000
00000001
00000010
,
00000100
00000000
00000000
00000000
,
00000000
00100000
00000000
00000000
;

//---------------dance-couple - ----------------
#NOTES:
     dance-couple:
     :
     Medium:
     6:
     0.573,0.924,0.943,0.000,0.043,283.000,87.000,0.000,0.000,0.000:
00000000
10000001
00000000
01000100
00000000
00100010
00000000
00011000
,
00000000
00011000
00000000
01000100
00000000
00100010
00000000
10000001
,
00000000
10000001
00000000
00011000
00000000
01000100
00000000
00100010
,
00000000
10000001
00000000
01000100
00000000
00100010
00011000
00000000
,
10000000
00000000
10000001
00000000
00100000
01000000
00000000
00000000
,
00010000
00000000
00010001
00000000
00100000
01000000
10000000
00000000
,
00100000
00000000
00100001
00000000
01000000
00010000
00000000
00000000
,
10000000
00000000
10000001
00000000
01000000
00100000
00010000
00000000
,
00000100
00000000
10000100
00000000
00000010
00001000
00000000
00000000
,
00000001
00000000
10000001
00000000
00000010
00000100
00001000
00000000
,
00000001
00000000
10000001
00000000
00000100
00000010
00000000
00000000
,
00001000
00000000
10001000
00000000
00000100
00000010
00000001
00000000
,
10000000
10000000
00000000
00010001
,
00000000
01000000
00000000
10000001
,
00000000
01000000
00000000
00100001
,
00000000
00010000
00000000
10000001
,
00000100
00000100
00000000
10000010
,
00000000
00000001
00000000
10001000
,
00000000
00000010
00000000
10000100
,
00000000
00000001
00000000
10001000
,
01000000
00100000
01000000
00000000
10000000
00000000
10000000
00000000
,
00000100
00000010
00000100
00000000
00001000
00000000
00001000
00000000
,
00010000
01000000
00010000
00000000
00100000
00000000
00100000
00000000
,
00000001
00000100
00000001
00000000
00000010
00000000
00000010
00000000
,
10000000
00100000
10000000
00000000
00010000
00000000
00010000
00000000
,
00001000
00000010
00001000
00000000
00000001
00000000
00000001
00000000
,
00100000
01000000
00100000
00000000
00010000
00000000
00010000
00000000
,
00000010
00000100
00000010
00000000
00000001
00000000
00000001
00000000
,
01000100
00000000
00010000
00000000
00100100
00100000
01000000
00000000
,
10000100
00000000
00010000
00000000
01000100
01000000
00100000
00000000
,
10000001
00000000
00000100
00000000
10000010
00000010
00001000
00000000
,
10000001
00000000
00000010
00000000
10000100
00000100
00001000
00000000
,
10000001
00000000
10000000
00000000
00010000
00000000
00000000
00100000
01000001
10000000
00100000
00000000
01000000
00000000
00000000
00000000
,
00010001
00000000
00010000
00000000
10000000
00000000
00000000
01000000
00100001
00010000
01000000
00000000
00100000
00000000
00000000
00000000
,
10001000
00000000
00001000
00000000
00000100
00000000
00000000
00000010
10000001
00001000
00000010
00000000
00000100
00000000
00000000
00000000
,
10000001
00000000
00000001
00000000
00000010
00000000
00000000
00000100
10001000
00000001
00000100
00000000
00000010
00000000
00000000
00000000
,
00100100
00100000
10000000
00010000
00100000
01000000
10000001
00000000
,
00011000
00010000
01000000
00100000
10000000
01000000
00100100
00000000
,
00010010
00010000
10000000
01000000
00100000
00010000
01000001
00000000
,
00101000
00100000
10000000
01000000
00100000
00010000
01000100
00000000
,
00100010
00000010
00000001
00001000
00000010
00000100
10000001
00000000
,
01001000
00001000
00000100
00000010
00000001
00000100
00100010
00000000
,
00011000
00001000
00000001
00000100
00000010
00001000
01000100
00000000
,
00100010
00000010
00000001
00000100
00000010
00001000
10000100
00000000
,
00100001
00100000
01000000
00010000
10000000
01000000
00100000
00010000
,
00010001
00010000
01000000
00100000
10000000
01000000
00100000
00010000
,
00010001
00010000
10000000
00100000
01000000
00010000
00100000
01000000
,
10000100
00000100
00001000
00000010
00000100
00000001
00001000
00000100
,
10000100
00000100
00000010
00000001
00001000
00000010
00000100
00000001
,
10000001
00000001
00001000
00000100
00000010
00000001
00000100
00000010
,
00100010
00100010
10001000
00010001
01000100
00100010
10001000
01000100
,
01000100
01000100
00100010
00010001
01000100
00100010
10001000
00000000
,
00010001
00000000
00000000
00000000
,
00000000
00010100
00000000
00000000
;

//---------------dance-solo - ----------------
#NOTES:
     dance-solo:
     :
     Easy:
     3:
     0.194,0.202,0.011,0.000,0.000,124.000,1.000,0.000,0.000,0.000:
000000
010000
000000
000000
000000
000000
000000
000000
,
000000
000010
000000
000000
000000
000000
000000
000000
,
000000
010000
000000
000000
000000
000000
000000
000000
,
000000
000010
000000
000000
000000
000000
000001
000000
,
000000
000000
100000
000000
000000
100000
000000
000000
,
000000
000000
000001
000000
000000
000001
000000
000000
,
000000
000000
010000
000000
000000
010000
000000
000000
,
000000
000000
000010
000000
000000
000010
000000
000000
,
000000
000000
100000
000000
000000
001000
000000
000000
,
000000
000000
000100
000000
000000
000001
000000
000000
,
000000
000000
010000
000000
000000
000100
000000
000000
,
000000
000000
000010
000000
000000
000100
000000
000000
,
100000
100000
000000
000001
,
000000
001000
000000
000100
,
000000
100000
000000
000010
,
000000
010000
000000
000001
,
001000
001000
000000
000100
,
000000
100000
000000
000010
,
000000
010000
000000
001000
,
000000
000100
000000
000001
,
001000
000000
001000
000000
000000
000100
000000
000000
,
100000
000010
100000
000000
,
000001
000000
000001
000000
000000
000100
000000
000000
,
001000
010000
001000
000000
,
000100
000000
000100
000000
000000
000001
000000
000000
,
010000
000010
010000
000000
,
000001
000000
000001
000000
000000
000100
000000
000000
,
001000
000000
001000
000000
000000
100000
000000
000000
,
000001
000001
000001
000000
,
001000
000000
001000
000000
,
000010
000010
000010
000000
,
100000
000000
100000
000000
,
000100
000100
000100
000000
,
010000
000000
010000
000000
,
000001
000001
000001
000000
,
000100
000000
000100
000000
,
001000
001000
001000
010000
,
000100
000000
000000
000010
,
000100
000000
000000
010100
,
000000
000000
000000
000010
,
001000
001000
001000
000001
,
100000
000000
000000
000010
,
010000
000000
000000
000001
,
100000
000000
000000
010000
,
001000
001000
001000
000100
,
000001
000000
000000
010000
,
001000
000000
000000
000100
,
000001
000000
000000
010000
,
000010
000010
000010
100000
,
000100
000000
000000
001000
,
000010
000000
000000
100000
,
000100
000000
000000
001000
,
000010
000000
000000
000000
,
000000
010000
000000
000000
;

//---------------dance-solo - ----------------
#NOTES:
     dance-solo:
     :
     Medium:
     6:
     0.364,0.346,0.000,0.000,0.000,235.000,0.000,0.000,0.000,0.000:
000000
100000
000000
001000
000000
010000
000000
000001
,
000000
000100
000000
001000
000000
010000
000000
000001
,
000000
100000
000000
000100
000000
001000
000000
000010
,
000000
100000
000000
001000
000000
000100
000001
000000
,
010000
000000
010000
000000
000100
001000
000000
000000
,
000010
000000
000010
000000
000100
001000
010000
000000
,
000001
000000
000001
000000
100000
000010
000000
000000
,
010000
000000
010000
000000
000001
000100
001000
000000
,
010000
000000
010000
000000
000001
100000
000000
000000
,
000010
000000
000010
000000
010000
000001
000100
000000
,
001000
000000
001000
000000
010000
000001
000000
000000
,
100000
000000
100000
000000
000100
001000
000010
000000
,
100000
000000
100000
000000
000000
001000
000000
000000
,
010000
000000
010000
000000
000000
000001
000000
000000
,
000100
000000
000100
000000
000000
000010
000000
000000
,
001000
000000
001000
000000
000000
000100
000000
000000
,
100000
000000
100000
000000
000000
000010
000000
000000
,
010000
000000
010000
000000
000000
000001
000000
000000
,
000100
000100
001000
001000
,
010000
000001
001000
000100
,
100000
001000
100000
000000
000001
000000
000001
000000
,
010000
000010
010000
000000
000100
000000
000100
000000
,
100000
000010
100000
000000
001000
000000
001000
000000
,
010000
000001
010000
000000
000010
000000
100000
000000
,
000100
001000
000100
000000
000010
000000
000010
000000
,
100000
000001
100000
000000
001000
000000
001000
000000
,
010000
000001
010000
000000
000010
000000
000010
000000
,
100000
000100
100000
000000
001000
000000
001000
000000
,
010000
000000
000001
000000
000100
000100
001000
000000
,
100000
000000
000001
000000
001000
001000
000010
000000
,
100000
000000
000100
000000
010000
010000
000010
000000
,
000100
000000
000001
000000
001000
001000
000010
000000
,
100000
000000
000100
000000
001000
001000
000010
000000
,
100000
000000
000001
000000
010000
010000
001000
000000
,
000100
000000
000001
000000
010000
010000
000010
000000
,
100000
000000
000100
000000
001000
001000
000000
000000
,
000010
000000
000010
000000
100000
001000
100000
000000
,
000000
000000
000001
000000
010000
000100
010000
000000
,
001000
000000
001000
000000
000100
000001
000100
000000
,
000000
000000
000010
000000
010000
000100
010000
000000
,
001000
000000
100000
000000
000001
010000
000001
000000
,
000000
000000
001000
000000
000010
100000
000010
000000
,
010000
000000
000001
000000
000100
001000
000100
000000
,
000000
000000
000001
000000
010000
000010
010000
000000
,
000100
000000
100000
000000
000010
010000
000001
000000
,
000100
000010
010000
000000
000100
000000
100000
000000
,
001000
000000
000100
000000
000001
010000
000010
000000
,
100000
000100
001000
000000
000010
000000
100000
000000
,
000001
000000
010000
000000
001000
000100
000001
000000
,
010000
000010
000100
000000
000001
100000
001000
000000
,
000100
000000
000001
000000
010000
000010
000100
000000
,
000001
001000
000100
100000
,
000010
000000
000000
000000
,
000000
010000
000000
000000
;

//---------------dance-solo - ----------------
#NOTES:
     dance-solo:
     :
     Hard:
     8:
     0.539,0.491,0.000,0.000,0.087,348.000,0.000,0.000,0.000,0.000:
000000
000010
000000
000010
000000
000010
000000
000000
,
000100
000001
000000
010000
000000
010000
000000
000000
,
000000
000010
000000
000010
000000
000010
000000
000000
,
000000
100000
000001
000000
001000
000000
001000
000000
,
000010
100000
000001
010000
001000
000100
000000
000000
,
000001
100000
000100
001000
000010
100000
000000
000000
,
001000
010000
000001
001000
000010
100000
000000
000000
,
000001
010000
001000
000100
000001
100000
000000
000000
,
000100
001000
000010
100000
000001
010000
000000
000000
,
001000
000100
000001
010000
000010
100000
000001
000000
,
000100
001000
010000
000001
001000
000010
100000
001000
,
000100
000001
010000
000010
001000
000100
100000
000000
,
000001
010000
001000
000000
000100
000001
010000
000000
,
000100
100000
000010
010000
001000
000100
000001
000000
,
010000
000010
001000
000000
000100
100000
000010
000000
,
010000
001000
000100
000001
100000
000100
001000
000000
,
000010
100000
001000
000000
000100
000001
010000
000000
,
000100
001000
000001
100000
000010
001000
000100
000000
,
100000
000010
100000
000000
001000
010000
001000
000000
,
000100
000001
000100
000000
000010
010000
000010
000000
,
100000
000100
001000
000010
100000
000001
000001
000000
,
010000
001000
000100
000001
100000
000100
000100
000000
,
001000
000010
100000
000001
000100
001000
001000
010000
,
000001
001000
000100
100000
000010
010000
010000
000000
,
001000
000100
000001
010000
000010
100000
100000
000000
,
000100
001000
000001
100000
001000
010000
010000
000000
,
000001
001000
000100
100000
000010
010000
001000
000100
,
000001
001000
000100
100000
000010
010000
001000
000000
,
000100
000000
000100
000000
000001
000000
000000
010000
000010
100000
000100
000000
001000
000000
000000
000000
,
000010
000000
000010
000000
100000
000000
000000
000001
010000
001000
000100
000000
000001
000000
000000
000000
,
100000
000000
100000
000000
000010
000000
000000
001000
000100
100000
001000
000000
010000
000000
000000
000000
,
000001
000000
000001
000000
000100
000000
000000
001000
010000
000001
100000
000000
000010
000000
000000
000000
,
001000
000000
001000
000000
000100
000000
000000
100000
001000
010000
000001
000000
001000
000000
000000
000000
,
000010
000000
000010
000000
100000
000000
000000
001000
000100
000001
001000
000000
000010
000000
000000
000000
,
100000
000000
100000
000000
000100
000000
000000
001000
000001
100000
001000
000000
010000
000000
000000
000000
,
000001
000000
000001
000000
000100
000000
000000
000010
010000
000100
100000
000000
000000
000000
000000
000000
,
001000
001000
010000
000001
100000
000100
001000
000000
,
000010
000010
100000
001000
010000
000001
000100
000000
,
000010
000010
010000
000100
100000
001000
000100
000000
,
000001
000001
010000
000010
001000
000100
100000
000000
,
001000
001000
010000
000001
100000
000010
001000
000000
,
000100
000100
100000
000010
010000
000100
001000
000000
,
000010
000010
100000
000001
010000
001000
000100
000000
,
000001
000001
100000
000100
001000
000010
100000
000000
,
001000
010000
000001
000000
100000
000010
001000
000000
,
000100
100000
000010
010000
000001
000100
001000
000000
,
010000
000001
100000
000000
000010
001000
000100
000000
,
100000
000010
010000
000001
000100
001000
010000
000000
,
000001
001000
000010
000000
100000
000001
010000
000000
,
001000
000100
000001
010000
000010
100000
000100
000000
,
001000
000001
100000
000000
001000
010000
000001
000000
,
000100
000010
001000
000001
000100
001000
010000
000000
,
000001
000000
000000
000000
,
000000
100000
000000
000000
;

//---------------dance-single - beginner----------------
#NOTES:
     dance-single:
     beginner:
     Beginner:
     2:
     0.139,0.172,0.011,0.000,0.000,89.000,1.000,0.000,0.000,0.000:
0000
0000
0000
0000
,
0010
0000
0000
0000
,
0100
0000
0000
0000
,
0010
0000
0000
0000
,
0100
0000
0000
0000
,
0001
0001
0000
0000
,
1000
1000
0000
0000
,
0001
0001
0000
0000
,
1000
1000
0000
0000
,
0010
0010
0000
0000
,
0100
0100
0000
0000
,
0001
0000
0000
0000
,
1000
1000
1000
0000
,
0001
0000
0000
0000
,
1000
1000
0000
0000
,
0001
0000
0000
0000
,
1000
1000
0000
0000
,
0010
0000
0000
0000
,
0100
0100
0000
0000
,
0010
0000
0000
0000
,
0100
0100
0000
0000
,
0001
0001
0001
0000
,
0001
0000
0000
0000
,
1000
1000
1000
0000
,
1000
0000
0000
0000
,
0010
0000
0000
0000
,
0100
0000
0000
0000
,
0010
0000
0000
0000
,
0100
0100
0100
0000
,
0000
0010
0000
0100
,
0000
0001
0000
1000
,
0000
0001
0000
1000
,
0000
0010
0000
0100
,
0000
0001
0000
0001
,
0000
1000
0000
1000
,
0000
0010
0000
0010
,
0000
0100
0000
0100
,
0000
0010
0010
0000
,
0000
0010
0010
0000
,
0000
0100
0100
0000
,
0000
0100
0100
0000
,
0000
0001
0001
0000
,
0000
1000
1000
0000
,
0000
0000
0010
0000
,
0000
0000
0100
0000
,
0000
0000
0100
0000
,
0000
0000
0100
0000
,
0000
0000
0100
0000
,
0000
0000
0100
0000
,
0010
0010
0000
0000
,
0100
0100
0000
0000
,
0010
0010
0000
0000
,
0100
0100
0000
0000
,
1001
0000
0000
0000
;
