#TITLE:Sandstorm;
#SUBTITLE:;
#ARTIST:Darude;
#TITLETRANSLIT:;
#SUBTITLETRANSLIT:;
#ARTISTTRANSLIT:;
#CREDIT:;
#BANNER:Sandstorm.png;
#BACKGROUND:Sandstorm-bg.png;
#LYRICSPATH:;
#CDTITLE:./CDTitles/ddr_home.png;
#MUSIC:Sandstorm.mp3;
#OFFSET:-1.361;
#SAMPLESTART:36.560;
#SAMPLELENGTH:12.000;
#SELECTABLE:YES;
#BPMS:0.000=136.340;
#STOPS:;
#BGCHANGES:;
// cache tags:
#FIRSTBEAT:8.000;
#LASTBEAT:195.000;
#SONGFILENAME:Songs/Dance/Sandstorm/Sandstorm.sm;
#HASMUSIC:1;
#HASBANNER:1;
#MUSICLENGTH:89.869;
// end cache tags

//---------------dance-single - ----------------
#NOTES:
     dance-single:
     :
     Easy:
     4:
     0.218,0.295,0.078,0.256,0.000,107.000,7.000,23.000,0.000,0.000:  // measure 1
0000
0000
0000
0000
,  // measure 2
0000
0000
0000
0000
,  // measure 3
0000
0000
0000
0000
,  // measure 4
1000
0000
0000
0000
,  // measure 5
0001
0000
0000
0000
,  // measure 6
0010
0000
0100
0000
,  // measure 7
0002
0003
0000
0000
,  // measure 8
2000
3000
0000
0010
,  // measure 9
0200
0300
0000
0000
,  // measure 10
0000
0000
0000
0000
,  // measure 11
0020
0030
0000
0000
,  // measure 12
0000
0000
0000
0000
,  // measure 13
1000
0000
0000
0000
,  // measure 14
0001
0000
0100
0000
,  // measure 15
1000
0000
0100
0000
,  // measure 16
0001
0010
1000
0100
,  // measure 17
2001
0001
0000
3001
0000
0010
0000
0100
,  // measure 18
0000
0001
0000
1000
0000
0001
0000
0100
,  // measure 19
0000
0020
0000
0030
0000
0000
0000
0000
,  // measure 20
0000
0200
0000
0300
0000
0000
0000
0000
,  // measure 21
0000
0010
0000
0001
0000
0010
0000
1000
,  // measure 22
0000
0002
0000
0003
0000
2000
0000
3000
,  // measure 23
0000
0100
0000
0100
0000
0000
0000
1000
,  // measure 24
0000
0001
0000
0000
0000
0001
0000
0010
,  // measure 25
0000
2000
0000
0000
0000
3000
0000
0001
,  // measure 26
0000
0020
0000
0000
0000
0030
0000
0000
,  // measure 27
0000
0001
0000
0001
0000
0100
0000
0000
,  // measure 28
0000
0010
0000
1000
0000
0001
0000
0100
,  // measure 29
0000
2000
0000
3000
0000
1000
0000
0000
,  // measure 30
0000
0020
0000
0030
0000
0001
0000
0000
,  // measure 31
0000
0100
0000
0100
0000
0100
0000
0001
,  // measure 32
0000
1000
0000
0000
0000
0001
0000
0100
,  // measure 33
0000
2001
0001
0000
0000
0000
3001
0000
,  // measure 34
0010
0100
0000
0110
,  // measure 35
0000
0001
0100
1000
,  // measure 36
0010
0001
0000
1000
,  // measure 37
0100
0020
0030
0100
,  // measure 38
0000
0200
0300
0001
,  // measure 39
0000
0002
0003
1000
,  // measure 40
0000
2000
3000
0100
,  // measure 41
0000
0100
0000
0110
,  // measure 42
0000
0001
0000
1001
,  // measure 43
0000
0010
0001
2000
,  // measure 44
3000
0100
1000
0010
,  // measure 45
0001
2000
3000
0020
,  // measure 46
0030
0200
0300
0002
,  // measure 47
0003
0010
0010
1001
,  // measure 48
0100
0001
0010
0100
,  // measure 49
1000
0110
0000
0000
;

//---------------dance-single - ----------------
#NOTES:
     dance-single:
     :
     Medium:
     6:
     0.305,0.407,0.100,0.334,0.000,153.000,9.000,30.000,0.000,0.000:  // measure 1
0000
0000
0000
0000
,  // measure 2
0000
0000
0000
0000
,  // measure 3
0000
0000
0000
0000
,  // measure 4
0010
0000
0010
0000
,  // measure 5
0100
0000
0100
0000
,  // measure 6
0001
0000
1000
0000
,  // measure 7
0010
0000
0100
0000
,  // measure 8
0001
0000
0100
0001
,  // measure 9
2000
0000
3000
0000
,  // measure 10
0000
0000
0000
0010
,  // measure 11
0200
0000
0300
0000
,  // measure 12
0020
0000
0030
0000
,  // measure 13
2000
3000
0020
0030
,  // measure 14
0200
0300
0002
0003
,  // measure 15
0010
1000
0100
0001
,  // measure 16
0100
0000
1000
0000
0010
1000
0001
0000
,  // measure 17
1001
0100
1001
0010
,  // measure 18
0100
0001
0010
0000
0001
1000
0100
0000
,  // measure 19
0001
0002
1000
0103
,  // measure 20
0001
1000
0010
1000
,  // measure 21
0001
0100
0010
0000
1000
0001
0010
0000
,  // measure 22
1000
2000
0010
3001
,  // measure 23
0020
0000
0000
0030
,  // measure 24
0200
0000
0000
0300
,  // measure 25
0010
0001
0100
1000
,  // measure 26
0001
1000
0001
0000
0010
0000
0100
0000
,  // measure 27
0001
0000
1000
0000
0100
0001
1000
0000
,  // measure 28
0010
0100
0010
0000
0001
0000
0100
0000
,  // measure 29
1000
0001
1000
0000
0100
0000
0001
0000
,  // measure 30
1000
1000
0001
0001
,  // measure 31
0020
1030
0200
0301
,  // measure 32
2000
3010
0002
0103
,  // measure 33
0020
0000
0000
0000
,  // measure 34
2000
3000
0200
0300
,  // measure 35
0002
0003
2000
3030
,  // measure 36
0200
0300
0002
0003
,  // measure 37
0200
0000
0000
0300
,  // measure 38
0020
0030
2002
3003
,  // measure 39
0010
0010
1000
0100
,  // measure 40
0001
0010
0001
0000
1000
0001
0100
0010
,  // measure 41
0100
1000
0001
0100
,  // measure 42
0010
0001
2000
3001
,  // measure 43
0010
0100
1000
0002
,  // measure 44
1003
0100
0001
1000
,  // measure 45
0010
0100
0010
0000
1000
0010
0100
0001
,  // measure 46
1000
0001
1000
0000
0010
1000
0001
0000
,  // measure 47
0011
1001
1010
0110
,  // measure 48
0001
1000
0010
0110
,  // measure 49
2002
0000
0000
3003
;

//---------------dance-single - ----------------
#NOTES:
     dance-single:
     :
     Hard:
     8:
     0.437,0.461,0.256,0.401,0.067,216.000,23.000,36.000,0.000,0.000:  // measure 1
0000
0000
0000
0000
,  // measure 2
0000
0000
0000
0000
,  // measure 3
0000
0000
0000
0000
,  // measure 4
2000
3000
0001
0100
,  // measure 5
0020
0000
0030
0000
,  // measure 6
0200
0000
0000
0300
,  // measure 7
0002
0003
0020
1030
,  // measure 8
0200
0300
2000
3001
,  // measure 9
0220
0000
0330
0000
,  // measure 10
0000
0000
0010
1000
,  // measure 11
2002
0000
3003
0000
,  // measure 12
0010
0100
0001
1000
,  // measure 13
0202
0303
2020
3030
,  // measure 14
2002
3003
0220
0330
,  // measure 15
0001
0010
0001
1000
0010
1000
0100
0000
,  // measure 16
0010
0100
0001
1000
0001
0000
1010
0000
,  // measure 17
2002
3003
0110
0101
,  // measure 18
0010
1000
0100
0000
0010
1000
0001
0000
,  // measure 19
1001
0010
1001
0100
,  // measure 20
0010
1000
0100
0010
0001
1000
0100
0000
,  // measure 21
0002
1003
0200
0310
,  // measure 22
0001
0010
1000
0100
,  // measure 23
0001
0100
0001
0100
0010
1000
0010
1000
,  // measure 24
0001
0000
0002
0000
0103
0010
1000
0001
,  // measure 25
0010
2000
0100
3001
,  // measure 26
0010
1001
0010
1001
,  // measure 27
0010
1000
0010
0100
0001
0000
0000
0000
0011
0000
0000
0000
1001
0000
0000
0000
,  // measure 28
0100
0001
1000
0001
0100
0000
0000
0000
0010
0000
0000
0000
0001
0000
0000
0000
,  // measure 29
0010
1000
0100
0000
0010
0001
0100
0000
,  // measure 30
0001
0010
0001
0000
1000
0010
0100
0000
,  // measure 31
0011
0011
1000
0101
,  // measure 32
0010
1010
0100
0110
,  // measure 33
2002
0000
0000
0003
,  // measure 34
0020
0030
0200
3300
,  // measure 35
0002
0000
0020
0033
,  // measure 36
1000
0001
0010
0100
1000
0010
0100
0000
,  // measure 37
0001
0010
0001
0000
1000
0000
0100
0000
0020
0000
0000
0000
0130
0000
0000
0000
,  // measure 38
1000
0100
1000
0000
0010
0000
0100
0000
0002
0000
0000
0000
0013
0000
0000
0000
,  // measure 39
0001
0100
0001
0000
0010
0000
0001
0000
1000
0100
1000
0000
0010
0000
0100
0000
,  // measure 40
0001
0002
1000
0103
,  // measure 41
0010
0010
0100
0000
0001
0001
1000
0100
,  // measure 42
1000
1000
0001
0000
0100
0100
0001
1000
,  // measure 43
0010
1000
0100
0000
0010
0001
0100
0000
,  // measure 44
0010
0010
0100
0100
,  // measure 45
0010
1000
0010
0000
0100
0000
0000
0000
0001
0100
0001
0000
1000
0000
0000
0000
,  // measure 46
0100
1000
0100
0000
0010
0000
0000
0000
1000
0100
1000
0000
0001
0000
0000
0000
,  // measure 47
0100
0010
0100
0001
1000
0001
0010
0100
,  // measure 48
1000
0001
1000
0001
0010
0001
0100
0000
,  // measure 49
0220
0000
0000
0330
;

//---------------dance-double - ----------------
#NOTES:
     dance-double:
     :
     Easy:
     4:
     0.221,0.271,0.078,0.200,0.000,114.000,7.000,18.000,0.000,0.000:  // measure 1
00000000
00000000
00000000
00000000
,  // measure 2
00000000
00000000
00000000
00000000
,  // measure 3
00010000
00000000
00000000
00000000
,  // measure 4
10000000
00000000
00000000
00000000
,  // measure 5
00010000
00000000
00000000
00000000
,  // measure 6
00001000
00000000
00000000
00000000
,  // measure 7
00000010
00000000
00000000
00000000
,  // measure 8
00001000
00000000
00000001
00000000
,  // measure 9
00002002
00000000
00000000
00003003
,  // measure 10
00000010
00000000
00000100
00000000
,  // measure 11
00000001
00000000
00000010
00000000
,  // measure 12
00001000
00000000
00010000
00000000
,  // measure 13
00011000
00000000
01000000
00000000
,  // measure 14
00100000
00000000
10000000
00000000
,  // measure 15
00010000
00010000
10000000
10000000
,  // measure 16
01000000
00010000
00001000
00000010
,  // measure 17
00001001
00000000
00000100
00000010
,  // measure 18
00001000
00000000
00000001
00000000
,  // measure 19
00001000
00001000
00010000
00000000
,  // measure 20
00100000
00000000
00010000
10000000
,  // measure 21
10010000
00000000
01000000
00100000
,  // measure 22
01000000
00000000
10000000
00000000
,  // measure 23
01000000
00000000
00010000
00001000
,  // measure 24
00000010
00000010
00000100
00000100
,  // measure 25
00001001
00000000
00000000
00000000
,  // measure 26
00000001
00000000
00000100
00000000
,  // measure 27
00010000
00000000
00100000
00000000
,  // measure 28
01000000
10000000
00010000
10000000
,  // measure 29
01100000
00000000
10000000
01000000
,  // measure 30
00010000
00000000
00010000
00001000
,  // measure 31
00010000
00010000
00001000
00001000
,  // measure 32
00000010
00000001
00001000
00000010
,  // measure 33
00000200
00000000
00000000
00000300
,  // measure 34
00000002
00000000
00000000
00000003
,  // measure 35
00000020
00000000
00000000
00000030
,  // measure 36
00002000
00000000
00000000
00003000
,  // measure 37
00020000
00030000
02000000
03000000
,  // measure 38
20000000
30000000
00200000
00300000
,  // measure 39
02000000
03000000
00020000
00030000
,  // measure 40
20000000
30000000
02000000
03000000
,  // measure 41
00010000
00010000
00001000
00001000
,  // measure 42
00020000
00030000
00000100
00000010
,  // measure 43
00000002
00000003
00001000
00000010
,  // measure 44
00000200
00000300
00000001
00001000
,  // measure 45
00001001
00000100
00000010
00000010
,  // measure 46
00000001
00000001
00001000
00001000
,  // measure 47
00000010
00000100
00000001
00000010
,  // measure 48
00001000
00010000
00100000
00100000
,  // measure 49
20000000
00000000
00000000
30000000
;

//---------------dance-double - ----------------
#NOTES:
     dance-double:
     :
     Medium:
     6:
     0.310,0.380,0.111,0.145,0.000,172.000,10.000,13.000,0.000,0.000:  // measure 1
00000000
00000000
00000000
00000000
,  // measure 2
00000000
00000000
00000000
00000000
,  // measure 3
00020000
00000000
00000000
00030000
,  // measure 4
20000000
00000000
00000000
30000000
,  // measure 5
00200000
00000000
00000000
00300000
,  // measure 6
00020000
00000000
00002000
00033000
,  // measure 7
00000020
00000030
00000002
00000003
,  // measure 8
00001000
00000001
00000100
00000010
,  // measure 9
00001001
00000000
00000000
00000000
,  // measure 10
00000010
00000000
00000100
00000001
,  // measure 11
00001000
00000000
00000010
00000000
,  // measure 12
00000100
00000000
00001000
01000000
,  // measure 13
10010000
00000000
00010000
00010000
,  // measure 14
01000000
01000000
00100000
10000000
,  // measure 15
01000000
00010000
00000010
00000100
,  // measure 16
00000001
00001000
00000100
00000000
00000010
00000001
00000100
00000000
,  // measure 17
00001001
00000100
00000010
00001000
,  // measure 18
00000100
00000010
00000001
00000100
,  // measure 19
00001000
00010000
01000000
10000000
,  // measure 20
10000000
00010000
01000000
00100000
,  // measure 21
10010000
00010000
00100000
01000000
,  // measure 22
10000000
00100000
00010000
00000100
,  // measure 23
00000010
00000001
00001000
00000010
,  // measure 24
00000100
00000000
00000001
00000000
00001000
00000001
00001000
00000000
,  // measure 25
00000110
00000001
00000010
00001000
,  // measure 26
00000010
00000001
00000100
00000010
,  // measure 27
00010000
00001000
01000000
00100000
,  // measure 28
10000000
00010000
01000000
00100000
,  // measure 29
10010000
01000000
00010000
01000000
,  // measure 30
10000000
00010000
01000000
00100000
,  // measure 31
10000000
00010000
00001000
00000010
,  // measure 32
00000100
00000001
00001000
00000010
,  // measure 33
00000200
00000000
00010000
00010300
,  // measure 34
00200000
00000000
01000000
01300000
,  // measure 35
10000000
00100000
01000000
00100000
,  // measure 36
10000000
00010000
10000000
00000000
01100000
00000000
10010000
00000000
,  // measure 37
02000000
00000000
03000000
00010000
,  // measure 38
00002000
00000000
00003000
00000010
,  // measure 39
00000002
00000000
00000003
00001000
,  // measure 40
00000010
00000000
00000100
00000001
00001000
00000000
00000010
00000000
,  // measure 41
00000101
00000000
00001000
00000000
00000100
00000000
00000010
00000001
,  // measure 42
00000100
00000000
00001000
00000000
00100000
00000000
01000000
10000000
,  // measure 43
00010000
00000000
01000000
00000000
00100000
00000000
10000000
01000000
,  // measure 44
00010000
00000000
00001000
00000000
00010000
00000000
00001000
00000100
,  // measure 45
00000001
00000000
00000001
00000010
00000100
00000000
00000100
00001000
,  // measure 46
00000001
00000000
00000001
00000010
00001000
00000000
00010000
00000000
,  // measure 47
01000000
10000000
00010000
00000000
00100000
01000000
10000000
00000000
,  // measure 48
00010000
00100000
10000000
00100000
01000000
00000000
10010000
00000000
,  // measure 49
02000000
00000000
00000000
03000000
;

//---------------dance-double - ----------------
#NOTES:
     dance-double:
     :
     Hard:
     8:
     0.444,0.570,0.100,0.223,0.117,250.000,9.000,20.000,0.000,0.000:  // measure 1
00000000
00000000
00000000
00000000
,  // measure 2
00000000
00000000
00000000
00000000
,  // measure 3
00000002
00000000
00000000
00000000
,  // measure 4
00002000
00000000
00000000
00003003
,  // measure 5
00001000
00000000
00000000
00010000
00000000
00000000
00100000
00000000
01000000
00000000
00000000
10000000
00000000
00000000
00010000
00000000
,  // measure 6
01000000
00000000
00000000
00100000
00000000
00000000
10000000
00000000
00010000
00000000
00000000
01000000
00000000
00000000
00100000
00000000
,  // measure 7
10000000
00000000
00000000
01000000
00000000
00000000
00010000
00000000
00001000
00000000
00000000
00001000
00000000
00000000
00010000
00000000
,  // measure 8
00000100
00000000
00000000
00000010
00000000
00000000
00000001
00000000
00000100
00000000
00000000
00000000
00000110
00000000
00000000
00000000
,  // measure 9
00002002
00000000
00000000
00000000
,  // measure 10
00000000
00000000
00003003
00000010
,  // measure 11
00001000
00000100
00001000
00000000
00000001
00000000
00000000
00000000
00000000
00000000
00000000
00000000
00000100
00000000
00000000
00000000
,  // measure 12
00000000
00001000
00000000
01000000
,  // measure 13
00100000
10000000
00100000
00000000
01000000
00000000
00000000
00000000
00010000
10000000
00010000
00000000
00100000
00000000
00000000
00000000
,  // measure 14
01000000
10000000
01000000
00000000
00100000
00000000
00000000
00000000
00010000
01000000
00010000
00000000
00100000
00000000
00000000
00000000
,  // measure 15
01000000
10000000
00100000
01000000
00010000
00001000
00000010
00000100
,  // measure 16
00000001
00000000
00000010
00000000
00000100
00000000
00000000
00000000
00001000
00000001
00001000
00000000
00000010
00000000
00000000
00000000
,  // measure 17
00001001
00000000
00000010
00000100
00000000
00000001
00001000
00000100
,  // measure 18
00000000
00000010
00000001
00000100
00000000
00001000
00000000
00010000
,  // measure 19
00000000
01000000
10000000
00010000
00000000
00010000
00000000
00010000
,  // measure 20
00100000
01000000
10000000
00010000
01000000
00100000
01000000
00000000
,  // measure 21
10010000
00000000
00100000
01000000
00000000
00010000
00100000
10000000
,  // measure 22
00000000
00100000
00010000
01000000
00000000
00100000
10000000
01000000
,  // measure 23
00000000
00010000
00001000
00000100
00000000
00000001
00000000
00001000
,  // measure 24
00000100
00000010
00000002
00000000
00001003
00000000
00001000
00000000
,  // measure 25
00000110
00000000
00001000
00000001
00000000
00000010
00000000
00001000
,  // measure 26
00000000
00010000
00000000
00100000
00000000
10000000
00000000
00010000
,  // measure 27
00100000
01000000
00000000
00100000
00000000
00010000
00000000
10000000
,  // measure 28
00100000
01000000
00010000
00000000
00100000
01000000
10000000
00000000
,  // measure 29
01010000
00000000
10000000
01000000
00100000
00000000
00001000
00010000
,  // measure 30
00000010
00000000
00000100
00000001
00000010
00000100
00001000
00000000
,  // measure 31
00000010
00000000
00000100
00000001
00000010
00000000
00000100
00001000
,  // measure 32
00000001
00000100
00000010
00001000
00000001
00000010
00001000
00000000
,  // measure 33
00011000
00000000
00100000
10000000
01000000
00100000
00010000
00000000
,  // measure 34
10000000
00000000
00100000
01000000
00010000
00100000
01000000
00000000
,  // measure 35
10000000
00010000
01000000
00000000
00100000
10000000
01000000
00000000
,  // measure 36
00100000
00010000
20000000
00000000
00100000
00000000
31000000
00000000
,  // measure 37
10010000
00000000
01000000
00100000
10000000
00000000
01000000
00000000
,  // measure 38
00020000
00000000
00031000
00000200
,  // measure 39
00000302
00000000
00001003
00000200
,  // measure 40
00000320
00000000
00000032
00000103
,  // measure 41
00002200
00000000
00000000
00000000
00003300
00000000
00000000
00000000
00000010
00000001
00000010
00000000
00000200
00000000
00000000
00000000
,  // measure 42
00002000
00000000
00000000
00000000
00003300
00000000
00000000
00000000
00010000
00001000
00010000
00000000
00200000
00000000
00000000
00000000
,  // measure 43
20000000
00000000
00000000
00000000
30300000
00000000
00000000
00000000
00010000
01000000
00010000
00000000
00200000
00000000
00000000
00000000
,  // measure 44
01300000
00000000
10000000
00000000
00010000
10000000
01000000
00000000
,  // measure 45
00100000
00010000
00100000
00000000
00001000
00000000
00001000
00000000
00010000
00001000
00010000
00000000
00000100
00000000
00001000
00000000
,  // measure 46
00000010
00000100
00000010
00000000
00001000
00000000
00001000
00000000
00000100
00000010
00000100
00000000
00001000
00000000
00000001
00000000
,  // measure 47
00000100
00000001
00001000
00000010
00000100
00001000
00010000
01000000
,  // measure 48
10000000
00000000
00100000
00000000
01000000
00000000
00010000
00000000
10000000
00000000
00100000
00000000
01000000
00010000
10000000
00000000
,  // measure 49
02000000
00000000
00000000
03000000
;
