#TITLE:brightred;
#SUBTITLE:;
#ARTIST:Shatter;
#TITLETRANSLIT:;
#SUBTITLETRANSLIT:;
#ARTISTTRANSLIT:;
#CREDIT:;
#BANNER:brightred-bn.png;
#BACKGROUND:brightred-bg.png;
#LYRICSPATH:;
#CDTITLE:ddrencore.png;
#MUSIC:brightred.mp3;
#OFFSET:-0.026;
#SAMPLESTART:58.665;
#SAMPLELENGTH:11.840;
#SELECTABLE:YES;
#BPMS:0.000=180.000,78.000=359.999,349.000=180.000,393.000=359.999;
#STOPS:78.000=0.500
,136.000=0.170
,137.000=0.170
,138.000=0.170
,338.000=0.990
,348.000=1.490
,393.000=1.180
,451.000=0.170
,452.000=0.170
,453.000=0.170
,478.000=3.840
;
#BGCHANGES:;
// cache tags:
#FIRSTBEAT:16.000;
#LASTBEAT:492.000;
#SONGFILENAME:Songs/DDI/brightred/brightred.sm;
#HASMUSIC:1;
#HASBANNER:1;
#MUSICLENGTH:117.397;
// end cache tags

//---------------dance-single - ----------------
#NOTES:
     dance-single:
     :
     Hard:
     10:
     0.827,0.995,0.698,0.119,0.000,584.000,82.000,14.000,0.000,0.000:
0000
0000
0000
0000
,
0000
0000
0000
0000
,
0000
0000
0000
0000
,
0000
0000
0000
0000
,
2002
0000
0000
0000
,
0000
0000
0000
0000
,
0000
0000
0000
0000
,
0000
0000
3003
0000
,
1000
0010
0100
0001
1000
0001
0100
0010
,
1000
0001
1000
0100
1000
0001
0010
0001
,
1000
0001
0100
0010
1000
0001
1000
0001
,
0100
0001
0010
0001
1000
0001
1000
0100
,
0010
0001
0010
0100
1000
0001
1000
0100
,
1000
0001
0100
0001
0100
0010
1000
0001
,
1000
0001
0010
0100
1000
0001
1000
0100
,
0010
0001
1000
0010
0100
0001
1000
0001
,
0010
0100
0100
1000
0001
0100
0010
1000
,
0100
0010
0010
0001
0010
0100
1000
0001
,
0100
0001
0001
1000
0001
0010
0100
1000
,
0100
0000
0010
0000
0010
0000
0100
0000
2002
3003
0000
0000
1000
0000
0100
0000
,
1000
0100
1000
0000
0001
0000
1000
0000
,
0001
0100
0001
0100
0001
0000
0010
0000
,
0100
0000
1000
0100
1000
0100
0010
0000
,
0001
0000
0101
0000
1000
0000
0100
0010
,
0100
0010
0100
0000
1000
0000
0001
0000
,
0100
0010
0100
0010
1000
0000
0001
0000
,
1001
0000
1000
0100
1000
0100
0010
0000
,
0100
0000
1100
0000
1001
0000
0001
0100
,
0010
1000
0100
0000
0010
0000
1001
0000
,
1000
0100
0001
0100
1000
0000
0001
0000
,
1010
0000
0100
0010
1000
0100
0010
0000
,
0011
0000
1100
0000
1001
0000
0001
0010
,
0100
0010
0001
0000
1000
0000
1010
0000
,
0001
0100
0010
0100
1000
0000
0100
0000
,
1010
0101
0011
1100
,
1001
0000
0101
0000
,
0110
0000
1010
0000
,
1001
0000
1100
0000
,
0110
0000
0011
0000
,
0110
0000
1001
0000
,
1010
0000
0101
0000
,
1001
0000
0011
0000
,
1100
0000
1010
0101
,
1001
0000
0011
0000
,
0101
0000
0110
0000
,
1001
0000
1010
0000
,
1100
0000
0110
0000
,
0011
0000
1100
0000
,
1010
0000
0101
0000
,
0110
0000
1100
0000
,
0101
0000
0000
0000
1001
0000
0001
0100
,
0010
1000
0010
0100
,
0001
0010
0100
1000
,
0100
0100
0010
0001
,
0100
0001
1000
0100
,
0010
0010
0100
1000
,
0010
0100
1000
0100
,
0001
0001
1000
0100
,
1000
0001
0010
0100
,
1000
1000
0100
0001
,
0100
0010
0100
1000
,
0001
0001
0100
0010
,
0100
0010
1000
0001
,
0100
0100
0001
0010
,
0001
0100
0010
0001
,
0010
0010
1000
0100
,
0010
0100
0001
0001
,
0100
1000
0100
1000
0001
0000
0100
0000
,
0001
0000
0010
0001
0010
0100
1000
0000
,
0001
0000
0100
0000
0001
1000
0100
1000
,
0001
0100
0101
1010
,
1000
0100
1000
0100
0001
0000
0100
0000
,
0010
0000
0100
1000
0100
0010
0001
0000
,
1000
0000
0010
0000
0001
0010
0100
0010
,
1000
0001
1100
0101
,
0001
0100
0010
0100
0001
0000
1000
0000
,
0001
0000
0010
0100
0001
0100
1000
0000
,
0001
0000
1000
0000
0001
0100
0001
0100
,
1000
0100
1010
0101
,
0010
0001
0010
0001
0100
0000
0010
0000
,
1000
0000
0001
1000
0001
0100
0010
0000
,
1000
0000
0100
0000
0010
0100
1000
0010
,
0001
0010
1010
1001
,
0101
0000
0001
0100
0001
0000
1100
0000
,
1000
0000
0100
0000
1000
0000
0000
0000
0022
0033
0000
0000
0000
0000
0000
0000
,
0010
0000
0100
0000
1100
0000
0001
0010
,
0001
0000
1010
0000
0100
1000
0100
0000
,
2002
3003
0000
0000
1001
0000
1000
0000
0100
0000
0010
0000
0100
0000
1000
0000
,
0001
0010
0100
1000
0100
1000
0001
1000
,
0100
0010
0001
1000
0001
0100
0010
0100
,
0010
1000
0001
0100
0001
0010
0100
1000
,
0001
1000
0001
0000
0010
1000
0000
1000
,
0010
0000
0101
0000
1000
0001
0000
0001
,
1000
0000
1100
0000
0001
0100
0000
0100
,
0010
0000
0001
0000
1000
0100
0000
0100
,
1000
0000
0010
0000
0100
0010
1000
0000
,
1000
0010
0100
0000
0001
0000
0010
0000
,
0001
0000
1000
0000
0100
0001
0010
0000
,
0100
0000
0000
0000
2002
3003
0000
0000
1000
0000
0100
0000
1000
0000
0100
0000
,
0010
0000
0001
0010
0001
0000
0100
0000
,
0010
0100
1000
0000
0100
0000
0010
0100
,
0010
1000
0100
0000
0010
0100
0010
0000
,
0001
0000
1001
0000
1000
0100
0010
0100
,
1000
0000
0001
1000
0001
0000
1000
0000
,
0100
0010
0100
0000
0010
0000
0001
0010
,
0100
0010
1000
0000
0010
0100
0010
0000
,
0001
0000
0101
0000
0001
0100
0001
0100
,
0001
1000
0001
1000
0010
1000
0010
1000
,
0100
1000
0100
0010
0100
0010
0001
0010
,
0001
1000
0001
1000
0100
1000
0100
1000
,
0010
0100
0010
0100
0001
0100
0001
0010
,
0100
1000
0001
0100
0001
0010
0100
1000
,
0010
0100
0010
1000
0001
0000
0101
0000
,
1010
1100
0011
1100
,
0100
0010
0100
0000
0011
0000
1000
0001
,
1000
0000
0101
0000
1000
0010
1000
0000
,
0101
0000
0010
0001
0010
0000
1100
0000
,
0100
0010
0100
0000
1001
0000
0001
0100
,
0001
0000
1010
0000
0001
0010
0001
0000
,
1100
0000
0000
0000
0001
0000
2000
0000
0002
3003
0000
0000
0000
0000
0000
0000
,
2002
0000
0000
0000
,
0000
0000
0000
0000
,
0000
0000
0000
0000
,
3003
0000
0000
0000
;

//---------------dance-single - ----------------
#NOTES:
     dance-single:
     :
     Medium:
     8:
     0.447,0.576,0.221,0.102,0.000,329.000,26.000,12.000,0.000,0.000:
0000
0000
0000
0000
,
0000
0000
0000
0000
,
0000
0000
0000
0000
,
0000
0000
0000
0000
,
2002
0000
0000
0000
,
0000
0000
0000
0000
,
0000
0000
0000
0000
,
0000
0000
3003
0000
,
1000
0001
1000
0100
,
0010
0000
0001
0000
,
1000
0001
0100
0010
,
0100
0000
0001
0000
,
0000
1000
0000
0001
0000
1000
0000
0100
,
1000
0000
0001
0000
,
0000
0100
0000
0001
0000
1000
0000
0001
,
0100
0000
0010
0000
,
0000
1000
0000
0100
0000
0010
0000
0100
,
1000
0000
0001
0000
,
0000
0100
0000
0010
0000
0100
0000
0001
,
0010
0000
1001
1000
,
0100
1000
0000
0001
,
0100
0001
0000
1000
,
0100
1000
0001
0100
,
0000
0001
0000
0001
,
0100
0001
0000
1000
,
0100
1000
0000
0001
,
0100
0001
0010
0100
,
0000
1000
0000
0001
,
0010
0001
0010
0001
,
0100
0001
0100
0001
,
1000
0001
1000
0001
,
1000
0100
1000
0100
,
1000
0010
1000
0010
,
0100
0010
0100
0010
,
2002
0000
0000
3003
,
1001
0000
0100
0000
,
0010
0000
0001
0000
,
0011
0000
0001
0000
,
0010
0000
0100
0000
,
1100
0000
0100
0000
,
1000
0000
0010
0000
,
1010
0000
0010
0000
,
0100
0000
0001
0000
,
0101
0000
0001
0000
,
1000
0000
0001
0000
,
0011
0000
0001
0000
,
1000
0000
0001
0000
,
0110
0000
1000
0000
,
0100
0000
0010
0000
,
0110
0000
0001
0000
,
0010
0000
0100
0000
,
1001
1000
0100
0000
,
0010
0000
0001
0000
,
1000
0100
0010
0100
,
1000
0000
0001
0000
,
0100
0010
1000
0000
,
0001
0000
1000
0000
,
0001
0100
1000
0100
,
0010
0000
1000
0000
,
0001
0100
0001
0000
,
0010
0000
0001
0000
,
0010
0100
0010
0001
,
0010
0000
0100
1000
,
0001
0010
0100
0000
,
1000
0000
0100
1000
,
0010
0100
0001
0000
,
0001
0000
0010
0000
,
1100
0000
0001
0000
,
1000
0000
0001
1000
0001
0000
0000
0000
,
0100
0000
0001
0000
,
0001
0000
1000
0100
1000
0000
0000
0000
,
0100
0000
1000
0000
,
0001
0000
0100
0001
0100
0000
0000
0000
,
0001
0000
1000
0000
,
0100
0000
0010
0001
0010
0000
0000
0000
,
0100
0000
1000
0000
,
0100
0000
1000
0010
1000
0000
0000
0000
,
1000
0000
0100
0000
,
0010
0000
0001
1000
0001
0000
0000
0000
,
1000
0000
1001
0000
,
0101
0000
0011
0000
,
1100
0000
1010
0000
,
1001
0000
0101
0000
,
1001
0000
1000
0100
,
0000
0001
0100
0000
,
1000
0100
0001
0000
,
0100
1000
0000
0010
,
0001
2002
0000
0000
,
0000
0000
0000
0000
,
3003
0001
0000
1000
,
0001
0010
0000
0100
,
1000
0000
0001
0000
0100
0001
0000
0001
,
0100
0000
0001
0000
1000
0100
0000
0100
,
1000
0000
0001
0000
0010
0001
0000
0001
,
0010
0000
0001
0000
1000
0010
0000
0010
,
1000
0100
0010
0001
,
0010
0000
0100
0000
1000
0000
0100
0010
,
0001
1000
0010
0100
,
0001
1001
1000
0100
,
1000
0000
0001
0100
,
0001
0000
1000
0100
,
1000
0001
0100
0000
,
0001
0000
1000
0100
,
1000
0000
0001
0100
,
0001
0000
1000
0100
,
1000
0001
0100
0000
,
0010
0000
1000
0100
,
1000
0100
1000
0100
,
1000
0100
0010
0100
,
0010
0100
0010
0100
,
0010
0100
0010
0001
,
0010
0001
0010
0001
,
0010
0001
0100
2002
,
0000
0000
3003
1001
,
0000
0001
0100
0000
,
1000
0100
0000
0001
,
0010
0000
1000
0010
,
0000
0001
1000
0000
,
0100
0001
0000
0100
,
1000
0000
0000
0000
0002
0000
0000
0000
2000
3003
0000
0000
0000
0000
0000
0000
,
2002
0000
0000
0000
,
0000
0000
0000
0000
,
0000
0000
0000
0000
,
3003
0000
0000
0000
;

//---------------dance-single - ----------------
#NOTES:
     dance-single:
     :
     Easy:
     5:
     0.201,0.314,0.051,0.034,0.000,155.000,6.000,4.000,0.000,0.000:
0000
0000
0000
0000
,
0000
0000
0000
0000
,
0000
0000
0000
0000
,
0000
0000
0000
0000
,
2002
0000
0000
0000
,
0000
0000
0000
0000
,
0000
0000
0000
0000
,
0000
0000
0000
3003
,
1000
0000
1000
0000
,
0100
0100
0100
0000
,
0001
0000
0001
0000
,
0100
0100
0100
0000
,
1000
0000
1000
0000
,
0001
0000
0001
0000
,
0010
0000
0010
0000
,
0100
0000
0100
0000
,
1000
0000
1000
0000
,
0001
0000
0001
0000
,
0100
0000
0100
0000
,
0010
0000
1001
1000
,
0000
0000
0000
1000
,
0000
0000
0000
0001
,
0000
0000
0000
0001
,
0000
0000
0000
0010
,
0000
0000
0000
0010
,
0000
0000
0000
0100
,
0000
0000
0000
0100
,
0000
0000
0000
1000
,
0000
0000
0000
1000
,
0000
0000
0000
0001
,
0000
0000
0000
0001
,
0000
0000
0000
0100
,
0000
0000
0000
0100
,
0000
0000
0000
0010
,
0000
0000
0000
0000
,
1000
0000
0000
0000
,
0001
0000
0000
0000
,
0010
0000
0000
0000
,
0100
0000
0000
0000
,
1000
0000
0000
0000
,
0010
0000
0000
0000
,
0100
0000
0000
0000
,
0001
0000
0000
0000
,
0010
0000
0000
0000
,
0100
0000
0000
0000
,
1000
0000
0000
0000
,
0010
0000
0000
0000
,
0100
0000
0000
0000
,
0010
0000
0000
0000
,
0001
0000
0000
0000
,
0010
0000
0000
0000
,
1001
0000
0000
0000
,
1000
0000
0000
0000
,
1000
0000
0000
0000
,
1000
0000
0000
0000
,
0001
0000
0000
0000
,
0001
0000
0000
0000
,
0001
0000
0000
0000
,
0001
0000
0000
0000
,
0010
0000
0000
0000
,
0010
0000
0000
0000
,
0010
0000
0000
0000
,
0010
0000
0000
0000
,
0100
0000
0000
0000
,
0100
0000
0000
0000
,
0100
0000
0000
0000
,
0100
0000
0000
0000
,
0001
0000
0000
0000
,
0001
0000
0000
0000
,
0001
0000
0000
0000
,
0001
0000
0000
0000
,
1000
0000
0000
0000
,
1000
0000
0000
0000
,
1000
0000
0000
0000
,
1000
0000
0000
0000
,
0010
0000
0000
0000
,
0010
0000
0000
0000
,
0010
0000
0000
0000
,
0010
0000
0000
0000
,
0100
0000
0000
0000
,
0100
0000
0000
0000
,
0100
0000
0000
0000
,
0100
0000
0000
0000
,
0001
0000
0001
0000
,
0001
0000
0001
0000
,
0000
0000
1000
0000
,
1000
0000
1000
0000
,
1000
0001
0000
0001
,
0000
1000
0000
1000
,
0000
0001
0000
0001
,
0000
1000
0000
1000
,
0000
0010
0000
0010
,
0000
0100
0000
0100
,
0000
0010
0000
0010
,
0000
0100
0000
0100
,
0000
0001
0000
0001
,
0000
1000
0000
1000
,
0000
0100
0000
0100
,
0000
1001
1000
0000
,
0000
0000
0001
0000
,
0000
0000
1000
0000
,
0000
0000
0001
0000
,
0000
0000
0010
0000
,
0000
0000
0100
0000
,
0000
0000
0010
0000
,
0000
0000
0100
0000
,
0000
0000
1000
0000
,
1000
0000
1000
0000
,
1000
0000
0001
0000
,
0001
0000
0001
0000
,
0001
0000
1000
0000
,
1000
0000
1000
0000
,
1000
0000
0001
0000
,
0000
0000
0000
1001
,
0000
0001
0000
0001
,
0000
0001
0000
1000
,
0000
1000
0000
1000
,
0000
1000
0000
0010
,
0000
0010
0000
0010
,
0000
0010
0000
0000
,
2002
0000
0000
0000
,
0000
0000
0000
0000
,
0000
0000
0000
0000
,
3003
0000
0000
0000
;

//---------------dance-single - ----------------
#NOTES:
     dance-single:
     :
     Beginner:
     3:
     0.130,0.307,0.111,0.000,0.000,94.000,13.000,0.000,0.000,0.000:
0000
0000
0000
0000
,
0000
0000
0000
0000
,
0000
0000
0000
0000
,
0000
0000
0000
0000
,
1001
0000
0000
0000
,
0000
0000
0000
0000
,
0000
0000
0000
0000
,
0000
0000
0000
0000
,
1000
0000
0000
0000
,
0001
0000
0000
0000
,
0010
0000
0000
0000
,
0100
0000
0000
0000
,
1000
0000
1000
0000
,
1000
0000
0000
0000
,
0001
0000
0001
0000
,
0001
0000
0000
0000
,
0010
0000
0010
0000
,
0010
0000
0000
0000
,
0100
0000
0100
0000
,
0100
0000
1001
0000
,
0000
0000
0000
0000
,
0000
0000
0000
1000
,
0000
0000
0000
0000
,
0000
0000
0000
0010
,
0000
0000
0000
0000
,
0000
0000
0000
0001
,
0000
0000
0000
0000
,
0000
0000
0000
1000
,
0000
0000
0000
0000
,
0000
0000
0000
0010
,
0000
0000
0000
0000
,
0000
0000
0000
0001
,
0000
0000
0000
0000
,
0000
0000
0000
1000
,
0000
0000
0000
0000
,
0001
0000
0000
0000
,
0001
0000
0000
0000
,
0001
0000
0000
0000
,
0000
0000
0000
0000
,
1000
0000
0000
0000
,
1000
0000
0000
0000
,
1000
0000
0000
0000
,
0000
0000
0000
0000
,
0010
0000
0000
0000
,
0010
0000
0000
0000
,
0010
0000
0000
0000
,
0000
0000
0000
0000
,
0100
0000
0000
0000
,
0100
0000
0000
0000
,
0100
0000
0000
0000
,
0000
0000
0000
0000
,
0001
0000
0000
0000
,
0001
0000
0000
0000
,
0001
0000
0000
0000
,
0000
0000
0000
0000
,
1000
0000
0000
0000
,
1000
0000
0000
0000
,
1000
0000
0000
0000
,
0000
0000
0000
0000
,
0010
0000
0000
0000
,
0010
0000
0000
0000
,
0010
0000
0000
0000
,
0000
0000
0000
0000
,
0100
0000
0000
0000
,
0100
0000
0000
0000
,
0100
0000
0000
0000
,
0000
0000
0000
0000
,
0001
0000
0000
0000
,
0001
0000
0000
0000
,
0001
0000
0000
0000
,
0000
0000
0000
0000
,
0100
0000
0000
0000
,
0100
0000
0000
0000
,
0100
0000
0000
0000
,
0000
0000
0000
0000
,
0010
0000
0000
0000
,
0010
0000
0000
0000
,
0010
0000
0000
0000
,
0000
0000
0000
0000
,
1000
0000
0000
0000
,
1000
0000
0000
0000
,
1000
0000
0000
0000
,
0000
0000
0000
0000
,
1001
0000
0000
0000
,
0000
0000
1001
0000
,
0000
0000
1001
0000
,
0000
0000
0000
0000
,
1001
1000
0000
0000
,
0000
0100
0000
0000
,
0000
0001
0000
0000
,
0000
0010
0000
0000
,
0000
1000
0000
0000
,
0000
0001
0000
0000
,
0000
0100
0000
0000
,
0000
0010
0000
0000
,
0000
1000
0000
0000
,
0000
0001
0000
0000
,
0000
0100
0000
0000
,
0000
1001
0000
0000
,
0000
0000
0010
0000
,
0000
0000
0010
0000
,
0000
0000
0010
0000
,
0000
0000
0000
0000
,
0000
0000
0001
0000
,
0000
0000
0001
0000
,
0000
0000
0001
0000
,
0000
0000
0000
0000
,
0000
0000
1000
0000
,
0000
0000
1000
0000
,
0000
0000
1000
0000
,
0000
0000
0000
0000
,
0000
0000
0010
0000
,
0000
0000
0010
0000
,
0000
0000
0000
1001
,
0000
0000
0000
0000
,
0000
1001
0000
0000
,
0000
0000
0000
1001
,
0000
0000
0000
0000
,
0000
1001
0000
0000
,
0000
0000
1001
0000
,
1001
0000
0000
0000
;

//---------------dance-double - ----------------
#NOTES:
     dance-double:
     :
     Hard:
     10:
     0.736,0.995,0.315,0.102,0.000,556.000,37.000,12.000,0.000,0.000:
00000000
00000000
00000000
00000000
,
00000000
00000000
00000000
00000000
,
00000000
00000000
00000000
00000000
,
00000000
00000000
00000000
00000000
,
00022000
00000000
00000000
00000000
,
00000000
00000000
00000000
00000000
,
00000000
00000000
00000000
00000000
,
00000000
00000000
00000000
00033000
,
00010000
00000000
00001000
00010000
01000000
10000000
01000000
00000000
,
00100000
00000000
00010000
00100000
00001000
00010000
00001000
00000000
,
00010000
00000000
00000100
00001000
00000100
00000010
00000001
00000000
,
00000010
00000000
00000100
00001000
00000100
00001000
00010000
00100000
,
01000000
00100000
00010000
00100000
01000000
10000000
00100000
00010000
,
00001000
00010000
00000100
00001000
00000100
00000010
00000001
00000010
,
00000100
00001000
00000001
00000100
00000010
00001000
00010000
01000000
,
00100000
10000000
00010000
00100000
01000000
10000000
01000000
00010000
,
00001000
00000100
00000010
00001000
00000100
00010000
00000010
00001000
,
00000100
00000010
00001000
01000000
00010000
00100000
00001000
01000000
,
00010000
10000000
01000000
00100000
00010000
00001000
00010000
00100000
,
00001000
00000000
00010000
00000000
00001000
00000000
00000010
00000000
00002002
00003003
00000000
00000000
00000001
00000000
00000100
00000000
,
00000001
00000100
00000001
00000000
00001000
00000000
00000100
00000000
,
00010000
00001000
00010000
00001000
00010000
00000000
01000000
00000000
,
00100000
00000000
00010000
10000000
00010000
10000000
00010000
00000000
,
00100000
00000000
01000000
00000000
10000000
00000000
00010000
01000000
,
00010000
01000000
00010000
00000000
00100000
00000000
00001000
00000000
,
00010000
00001000
00010000
00001000
00010000
00000000
00000100
00000000
,
00001000
00000000
00000100
00000010
00000100
00000010
00000001
00000000
,
00000100
00000000
00000010
00000000
00001000
00000000
00000100
00001000
,
00000100
00001000
00000010
00000000
00010000
00000000
00001000
00000000
,
00010000
00001000
00010000
00001000
01000000
00000000
00100000
00000000
,
01000000
00000000
00010000
10000000
00010000
10000000
01000000
00000000
,
00100000
00000000
00001000
00000000
00010000
00000000
00000100
00010000
,
00000100
00010000
00001000
00000000
00000010
00000000
00000001
00000000
,
00001000
00000001
00001000
00000001
00000100
00000000
00000010
00000000
,
00001010
00011000
01001000
01010000
,
10000000
01000000
00100000
00010000
,
00100000
01000000
10000000
00010000
,
10000000
01000000
00100000
00001000
,
00010000
00001000
01000000
00001000
,
00010000
00000100
00001000
00000010
,
00001000
00000010
00000100
00000001
,
00001000
00000100
00000010
00000100
,
00001000
00000001
00000100
00000010
,
00001000
00010000
01000000
00100000
,
01000000
00010000
00100000
01000000
,
00010000
01000000
00100000
10000000
,
00100000
00001000
00010000
00000100
,
00001000
00000001
00000100
00001000
,
00010000
01000000
00100000
00010000
,
10000000
01000000
00100000
00001000
,
00010000
00000000
00000100
00000000
00000010
00000000
00000001
00000100
,
00000010
00001000
00000000
00011000
,
00000000
00000000
01000000
00010000
01000000
00000000
00100000
00000000
,
00000000
11000000
00000000
01000000
,
00000000
00000000
00100000
00010000
00100000
00000000
00001000
00000000
,
00000000
00001100
00000000
00000101
,
00000000
00000000
00000010
00000100
00000010
00000000
00010000
00000000
,
00000000
01001000
00000000
01010000
,
00000000
00000000
00010000
10000000
01000000
00000000
00100000
00000000
,
00000000
00011000
00000000
01010000
,
00000000
00000000
00001000
00010000
00000100
00000000
00001000
00000000
,
00000000
00000101
00000000
00000011
,
00000000
00000000
00000100
00000010
00001000
00000000
00000100
00000000
,
00000000
00011000
00000000
00001100
,
00000000
00000000
00100000
00010000
01000000
00000000
00100000
00000000
,
00000000
10010000
00000000
01010000
,
00000000
00000000
00001000
00010000
00001000
00000000
00000100
00000000
,
00000001
00000100
00000001
00000100
00000001
00000000
00001000
00000000
,
00000100
00000000
00000010
00000100
00000010
00000100
00001000
00000000
,
00010000
00000000
00001000
00000000
00010000
00001000
00010000
00001000
,
00010000
00100000
01000000
00010000
,
10000000
01000000
00100000
01000000
00100000
00000000
00010000
00000000
,
01000000
00000000
00001000
01000000
00001000
01000000
00010000
00000000
,
00100000
00000000
01000000
00000000
00100000
00010000
00100000
00010000
,
00100000
00001000
00010000
00000100
,
00001000
00000010
00001000
00000010
00000100
00000000
00000001
00000000
,
00000010
00000000
00000100
00001000
00000100
00001000
00000010
00000000
,
00010000
00000000
00001000
00000000
00010000
00001000
00010000
00001000
,
00100000
00010000
00100000
01000000
,
10000000
00010000
10000000
00010000
00100000
00000000
00010000
00000000
,
01000000
00000000
00001000
01000000
00001000
01000000
00010000
00000000
,
00100000
00000000
00001000
00000000
00010000
00000100
00010000
00000100
,
00001000
00000001
00000100
00000001
,
00000100
00000000
00001000
00010000
01000000
00000000
10000000
00000000
,
01000000
00000000
00010000
00000000
00001000
00000000
00000000
00000000
00000200
00000300
00000000
00000000
00000000
00000000
00000000
00000000
,
00000010
00000000
00001000
00000000
00000001
00000000
00000010
00001000
,
00010000
00000000
00100000
00000000
10000000
00100000
00010000
00000000
,
00002000
00003000
00000000
00000000
00010000
00000000
00001000
00000000
00010000
00000000
00000010
00000000
00001000
00000000
00000001
00000000
,
00000100
00001000
00010000
00001000
00100000
00010000
01000000
00100000
,
00010000
00001000
01000000
00010000
10000000
01000000
00100000
00010000
,
01000000
00100000
00010000
00001000
00010000
00000100
00001000
00000010
,
00010000
00001000
00100000
00000000
01000000
00100000
00000000
00100000
,
00010000
00000000
01000000
00000000
00010000
01000000
00000000
01000000
,
00100000
00000000
00010000
00000000
00001000
00010000
00000000
00010000
,
00000100
00000000
00001000
00000000
00000100
00000010
00000000
00000010
,
00000001
00000000
00001000
00000000
00000100
00000010
00000000
00000010
,
00001000
00000000
00010000
00000000
00001000
00100000
00000000
00100000
,
00010000
00000000
01000000
00000000
00100000
10000000
00000000
10000000
,
00100000
00000000
20020000
30030000
01000000
00010000
01000000
00010000
,
01000000
00000000
00001000
00010000
00001000
00000000
00010000
00000000
,
00000100
00001000
00000100
00000000
00000010
00000000
00000001
00000100
,
00000001
00000100
00000001
00000000
00000100
00001000
00000100
00000000
,
00001000
00000000
00010000
00000000
01000000
10000000
01000000
10000000
,
00010000
00000000
00100000
01000000
00100000
00000000
00001000
00000000
,
00010000
00001000
00010000
00000000
00000100
00000000
00001000
00000100
,
00001000
00000100
00000010
00000000
00000001
00001000
00000001
00000000
,
00000100
00000010
00001010
00000000
,
00010100
00000000
00011000
00000000
,
00101000
00000000
01010000
00000000
,
10010000
00000000
11000000
00000000
,
00110000
00000000
00011000
00000000
,
00001010
00000000
00001001
00000000
,
00000101
00000000
00000100
00001010
,
00011000
01010000
10000000
01000000
,
00010000
00001000
00000100
00000000
00000001
00000000
00000100
00001000
,
00010000
00000000
01000000
00000000
10000000
00100000
00010000
00000000
,
00001000
00000000
00000010
00000001
00000010
00000000
00001000
00000000
,
00010000
00100000
10000000
00000000
01000000
00000000
00010000
00001000
,
00000100
00000000
00000001
00000000
00000010
00001000
00010000
00000000
,
00100000
00000000
00000000
00000000
00010000
00000000
00002000
00000000
00020000
00033000
00000000
00000000
00000000
00000000
00000000
00000000
,
02000020
00000000
00000000
00000000
,
00000000
00000000
00000000
00000000
,
00000000
00000000
00000000
00000000
,
03000030
00000000
00000000
00000000
;

//---------------dance-double - ----------------
#NOTES:
     dance-double:
     :
     Easy:
     7:
     0.398,0.576,0.119,0.034,0.000,309.000,14.000,4.000,0.000,0.000:
00000000
00000000
00000000
00000000
,
00000000
00000000
00000000
00000000
,
00000000
00000000
00000000
00000000
,
00000000
00000000
00000000
00000000
,
00022000
00000000
00000000
00000000
,
00000000
00000000
00000000
00000000
,
00000000
00000000
00000000
00000000
,
00033000
00000000
00000000
00000000
,
10000000
00010000
01000000
00100000
,
01000000
00010000
10000000
01000000
,
10000000
00010000
01000000
00001000
,
01000000
00001000
00000100
00000001
,
00000001
00001000
00000001
00000000
00000100
00000000
00000010
00000000
,
00001000
00000100
00010000
01000000
,
10000000
00010000
10000000
00000000
00100000
00000000
01000000
00000000
,
00001000
00010000
00000100
00000010
,
00000001
00000100
00000001
00000000
00000010
00000000
00000100
00000000
,
00010000
00001000
01000000
00100000
,
10000000
01000000
10000000
00000000
01000000
00000000
00010000
00000000
,
01000000
10000000
10010000
00100000
,
00000000
00100000
00000000
01000000
,
00010000
00010000
00000000
01000000
,
00000000
00001000
00000000
00010000
,
00000100
00010000
00000100
00001000
,
00000000
00000010
00000000
00000100
,
00000001
00000001
00000000
00000010
,
00000100
00001000
00000001
00000100
,
00000010
00001000
00000001
00000100
,
00000000
00000010
00000000
00010000
,
00001000
00010000
00000000
00001000
,
00000000
01000000
00000000
00100000
,
10000000
00010000
01000000
00100000
,
00000000
10000000
00000000
01000000
,
00010000
00001000
00000000
00000100
,
00000001
00001000
00000001
00000100
,
00000010
00000000
00001001
00000000
,
00000100
00000000
00011000
00000000
,
01000000
00000000
10010000
00000000
,
10000000
00000000
01000000
00000000
,
00010000
00000000
01000000
00000000
,
00100000
00000000
01000000
00000000
,
00001000
00000000
00010000
00000000
,
00000100
00000000
00000010
00000000
,
00000001
00000000
00000010
00000000
,
00000100
00000000
00001000
00000000
,
00000100
00000000
00010000
00000000
,
00001000
00000000
01000000
00000000
,
00100000
00000000
10000000
00000000
,
00010000
00000000
01000000
00000000
,
00100000
00000000
10000000
00000000
,
00010000
00000000
01000000
00000000
,
00001000
00010000
00000000
00000100
,
00000000
00000010
00000000
00000001
,
00000000
00001000
00000000
00000010
,
00000000
00000100
00000000
00000001
,
00000000
00001000
00000000
00000100
,
00000000
00000010
00000000
00000001
,
00000000
00000100
00000000
00000010
,
00000000
00010000
00000000
00001000
,
00010000
00000000
01000000
00000000
,
10000000
00000000
00010000
00000000
,
01000000
00000000
10000000
00000000
,
01000000
00000000
00010000
00000000
,
10000000
00000000
00100000
00000000
,
01000000
00000000
00010000
00000000
,
01000000
00000000
00001000
00000000
,
00010000
00000000
00000100
00000000
,
00000010
00000001
00000010
00000000
,
00000100
00000000
00010000
00000000
,
00001000
00010000
00001000
00000000
,
01000000
00100000
01000000
00100000
,
01000000
00000000
00010000
00000000
,
10000000
01000000
10000000
00000000
,
00100000
00000000
01000000
00000000
,
00001000
00010000
00001000
00010000
,
00001000
00000000
00000100
00000000
,
00000001
00000010
00000001
00000000
,
00001000
00000000
00000100
00000000
,
00010000
00001000
00010000
00001000
,
00010000
00000000
01000000
00000000
,
10000000
00100000
10000000
00000000
,
00010000
00000000
00100000
00000000
,
01000000
00000000
10000000
00000000
,
00010000
01000000
00000000
00001000
,
00010000
00000000
00001000
00000000
,
00000000
00000000
00010000
00001000
,
00000000
00010000
00000100
00000000
,
00001000
00000001
00000100
00000010
,
00001000
00000100
00000001
00000100
,
00010000
00001000
01000000
00100000
,
10000000
00010000
01000000
10000000
,
01000000
00001000
00011000
00010000
,
00000100
00000010
00000011
00000001
,
00000100
00000010
00001100
00000100
,
00010000
00001000
00011000
01000000
,
10000000
00010000
01000000
00100000
,
10000000
00010000
01000000
00001000
,
00010000
00000000
00000100
00000000
00000010
00000000
00000001
00001000
,
00000001
00001001
00000100
00000000
,
00000010
00000000
00000000
00001000
,
00000000
00000000
00000100
00000000
,
00000000
00010000
00000000
00000000
,
00001000
00000000
00000000
01000000
,
00100000
00000000
00000000
10000000
,
00000000
00000000
01000000
00000000
,
00000000
00100000
00000000
00001000
,
00010000
00000000
00000001
00000000
,
00000001
00000000
00000001
00000000
,
00000001
00000000
00000100
00000000
,
00000100
00000000
00000010
00000000
,
00000010
00000000
00001000
00000000
,
00001000
00000000
00001000
00000000
,
00001000
00000000
00010000
00011000
,
00011000
00011000
00010000
01000000
,
00000000
00010000
00001000
00000000
,
00000100
00001000
00000000
00010000
,
00001000
00000000
01000000
00100000
,
00000000
01000000
00001000
00000000
,
00010000
00000010
00000000
00000100
,
00000010
00010000
00001000
00000000
,
00022000
00000000
00000000
00000000
,
00000000
00000000
00000000
00000000
,
00000000
00000000
00000000
00000000
,
00033000
00000000
00000000
00000000
;

//---------------dance-double - ----------------
#NOTES:
     dance-double:
     :
     Medium:
     9:
     0.548,0.786,0.153,0.060,0.000,425.000,18.000,7.000,0.000,0.000:
00000000
00000000
00000000
00000000
,
00000000
00000000
00000000
00000000
,
00000000
00000000
00000000
00000000
,
00000000
00000000
00000000
00000000
,
20000000
00000000
00000000
00000000
,
00000000
00000000
00000000
00000000
,
00000000
00000000
00000000
00000000
,
00000000
00000000
00000000
30000000
,
00100000
01000000
00010000
00000000
10000000
01000000
00100000
00000000
,
00010000
01000000
00001000
00000000
00010000
00000000
00011000
00000000
,
00000100
00001000
00000001
00000000
00000100
00000010
00001000
00000000
,
00000001
00000100
00000010
00000000
00001000
00000000
00001100
00000000
,
00010000
00001000
01000000
00000000
00100000
10000000
01000000
00000000
,
00010000
00001000
00000100
00000000
00000001
00000000
00001001
00000000
,
00000010
00001000
00000100
00000000
00000001
00000100
00001000
00000000
,
00000010
00000100
00000001
00000000
00001000
00000000
00000101
00000000
,
00000010
00001000
00000100
00010000
00001000
01000000
00100000
00000000
,
10000000
01000000
00100000
00010000
01000000
00001000
00010000
00000000
,
00000100
00000010
00000001
00000100
00000010
00010000
00001000
00000000
,
00010000
00001000
00010000
00000000
00011000
00000000
01000000
00000000
,
00010000
01000000
00100000
10000000
,
01000000
10000000
01000000
10000000
,
00010000
01000000
00100000
01000000
,
00010000
01000000
00001000
00010000
,
00001000
00010000
00000100
00000010
,
00000001
00001000
00000100
00000010
,
00000001
00000100
00000010
00001000
,
00000001
00000100
00000000
00000010
,
00000010
00001000
00000100
00010000
,
00001000
00010000
00001000
01000000
,
00100000
10000000
00010000
01000000
,
00010000
01000000
00001000
00010000
,
00001000
00010000
00000100
00001000
,
00000010
00000100
00000001
00001000
,
00000001
00000100
00000010
00001000
,
00000100
00000000
00010000
00000000
,
00001000
00000000
01000000
00000000
,
00100000
00000000
10000000
00000000
,
01000000
00000000
10010000
00000000
,
00100000
00000000
01000000
00000000
,
00001000
00000000
00010000
00000000
,
00000100
00000000
00000010
00000000
,
00000001
00000000
00000110
00000000
,
00001000
00000000
00000100
00000000
,
00010000
00000000
00001000
00000000
,
00100000
00000000
01000000
00000000
,
10000000
00000000
10010000
00000000
,
00100000
00000000
01000000
00000000
,
00001000
00000000
00010000
00000000
,
00000100
00000000
00001000
00000000
,
00000001
00000000
00000110
00000000
,
00000001
00000100
00000000
00000010
,
00000000
00001000
00000000
00000100
,
00010000
00001000
00000000
01000000
,
00000000
00100000
00000000
10000000
,
01000000
10000000
00000000
00010000
,
00000000
01000000
00000000
00100000
,
01000000
00010000
00000000
01000000
,
00000000
00001000
00000000
00010000
,
00001000
00010000
00000000
00000100
,
00000000
00000010
00000000
00000001
,
00000100
00000001
00000000
00001000
,
00000000
00000100
00000000
00000010
,
00000001
00000010
00000000
00000100
,
00000000
00010000
00000000
00001000
,
00010000
00001000
00000000
01000000
,
00000000
10000000
00000000
00100000
,
01000000
00010000
01000000
00001000
,
00010000
00000010
00000100
00000001
,
00001000
00000001
00000100
00000010
,
00001000
00000001
00001000
00000100
,
00010000
00001000
00100000
01000000
,
10000000
00010000
01000000
00100000
,
10000000
00010000
10000000
01000000
,
00100000
00001000
00010000
00000100
,
00001000
00000010
00000100
00000001
,
00001000
00000100
00001000
00000010
,
00000100
00000001
00001000
00000100
,
00010000
00001000
00010000
00001000
,
01000000
00100000
10000000
01000000
,
10000000
00100000
01000000
00010000
,
00100000
01000000
10000000
00010000
,
01000000
00001000
00010000
00000000
,
00011000
00000000
00001000
00010000
00001000
00000000
00011000
00000000
,
00010000
00001000
00010000
00000000
00011000
00000000
00000000
00000000
,
00010000
00000000
00000100
00000000
00001000
00000000
00000001
00000100
,
00000001
00000000
00000010
00000000
00000100
00001000
00000100
00000000
,
00000001
00000100
00000010
00001000
,
00000100
00010000
01000000
00100000
,
00010000
01000000
00100000
10000000
,
00010000
01000000
00001000
00010000
,
00000100
00000000
00001001
00000000
00000001
00000100
00000001
00000000
,
00001000
00000100
00001000
00000000
00000010
00010000
00001000
00000000
,
00011000
00000000
01000000
00000000
00100000
10000000
01000000
00000000
,
00010000
00001000
00000100
00000000
00000001
00000000
00000100
00000000
,
00000110
00000000
00001000
00000000
00000100
00010000
00001000
00000000
,
00100000
01000000
00010000
00000000
00001000
00000100
00000010
00000000
,
00001001
00000000
00000100
00000000
00010000
00001000
01000000
00000000
,
00100000
10010000
10000000
00010000
,
10000000
00100000
01000000
00010000
,
01000000
00001000
00010000
00001000
,
00010000
00000010
00001000
00000001
,
00000100
00000010
00001000
00000100
,
00001000
00000100
00010000
00001000
,
00010000
00001000
01000000
00100000
,
10000000
00010000
01000000
00100000
,
10000000
00010000
20000000
00010000
,
00010000
30010000
02000000
00100000
,
00100000
03100000
00002000
00010000
,
00010000
00013000
00000200
00000010
,
00000010
00000310
00000001
00000100
,
00000010
00001000
00000001
00000100
,
00000010
00001000
00000100
00010000
,
00001000
00010000
00001000
00000100
,
00000010
00010000
01000000
00100000
,
00001000
00010000
00000010
00001000
,
00000100
00010000
00001000
01000000
,
00100000
01000000
00001000
00010000
,
00000100
00000010
00001000
00000001
,
00001000
00001000
00000001
00000000
,
20020000
00000000
00000000
00000000
,
00000000
00000000
00000000
00000000
,
00000000
00000000
00000000
00000000
,
30030000
00000000
00000000
00000000
;
