#TITLE:FUNKY TOWN;
#SUBTITLE:;
#ARTIST:C-LOUD;
#TITLETRANSLIT:;
#SUBTITLETRANSLIT:;
#ARTISTTRANSLIT:;
#CREDIT:;
#BANNER:FUNKY TOWN.png;
#BACKGROUND:FUNKY TOWN-bg.png;
#LYRICSPATH:;
#CDTITLE:cd.png;
#MUSIC:FUNKY TOWN.mp3;
#OFFSET:-3.561;
#SAMPLESTART:36.593;
#SAMPLELENGTH:12.000;
#SELECTABLE:YES;
#BPMS:0.000=145.000;
#STOPS:;
#BGCHANGES:;
// cache tags:
#FIRSTBEAT:0.000;
#LASTBEAT:206.000;
#SONGFILENAME:Songs/DDI/FUNKY TOWN/FUNKY TOWN.sm;
#HASMUSIC:1;
#HASBANNER:1;
#MUSICLENGTH:89.364;
// end cache tags

//---------------dance-single - Basic----------------
#NOTES:
     dance-single:
     Basic:
     Easy:
     2:
     0.246,0.259,0.011,0.078,0.000,146.000,1.000,7.000,0.000,0.000:
0010
0000
1000
0000
,
0001
0000
0100
0000
,
0010
1000
0010
1000
,
0010
1000
0010
0000
,
0100
0000
0001
0000
,
1000
0000
0010
0000
,
0100
0010
0100
0010
,
0100
0010
0100
0000
,
0010
0000
0010
0000
,
0010
0000
0010
0000
,
0001
0010
0001
0010
,
0001
0010
0001
0000
,
0100
0000
1000
0000
,
0100
0000
0001
0000
,
1000
0001
1000
0001
,
1000
0001
1000
0000
,
0002
0000
0000
0000
,
1003
0000
0000
0000
,
0200
0000
0000
0000
,
0320
0000
1030
0000
,
0001
0000
0010
1000
,
0001
0100
0020
0000
,
0030
0000
0001
0010
,
0100
1000
0002
0000
,
0003
0000
1000
0010
,
0100
0001
2000
0000
,
3000
0000
0100
0001
,
1000
0010
0200
0000
,
0310
0000
0100
0001
,
0100
0000
1000
0100
,
1000
0000
0001
0010
,
0001
0000
1000
0010
,
1000
0000
0010
0100
,
0010
0000
1000
0001
,
1000
0000
0100
0010
,
0100
0000
0010
0100
,
0010
0010
1000
1000
,
0001
0001
0100
0100
,
0001
0100
0001
0100
,
0001
0100
0001
0000
,
0100
0100
0001
0001
,
1000
1000
0010
0010
,
0100
0010
0100
0010
,
0100
0010
0100
0000
,
1000
0000
1000
0000
,
1000
0000
1000
0000
,
0001
1000
0001
1000
,
0001
1000
0001
0000
,
0100
0000
0001
0000
,
0100
0000
1000
0000
,
0010
0100
0010
0100
,
0010
0100
0110
0000
;

//---------------dance-single - Trick----------------
#NOTES:
     dance-single:
     Trick:
     Medium:
     6:
     0.459,0.402,0.414,0.000,0.000,250.000,37.000,0.000,0.000,0.000:











0001
0001
0010
1000
,
0001
1000
0001
0000
0010
0000
0001
0000
,
1000
0100
1000
0100
0000
1000
0000
0100
,
1000
0100
1000
0100
0000
0000
1000
0000
,
0001
0000
0100
0000
0010
0000
1000
0100
,
1000
0010
0001
0001
,
0010
0100
0010
0100
0000
0010
0000
0100
,
0010
0100
0010
0100
0000
0000
1000
0000
,
0101
1000
0101
0010
,
1100
0010
1100
0010
,
0001
0010
0001
0010
0000
0001
0000
0010
,
0001
0010
0001
0010
0000
0000
0001
0000
,
1010
0001
1010
1000
,
0011
1000
0011
0100
,
1000
0001
1000
0001
0000
1000
0000
0001
,
1000
0001
1000
0001
0000
0000
0000
0000
,
0100
0100
0001
0001
,
1000
1000
0010
0010
,
0100
0010
0100
0000
0001
0000
0001
0000
,
1000
0001
1000
0000
0100
0000
0100
0000
,
0110
0000
1000
0000
0001
0100
0001
0000
,
0010
0000
1000
0000
0001
0010
0001
0000
,
0010
0000
0001
0000
0100
0010
0100
0000
,
0001
1000
0001
0000
0100
0010
0100
0000
,
1001
0000
0001
0000
0010
1000
0010
0000
,
0100
0000
0001
0000
1000
0100
1000
0000
,
0100
0000
1000
0000
0010
0100
0010
0000
,
1000
0001
1000
0000
0010
0100
0010
0000
,
0100
1100
0001
1010
,
0001
0110
0101
1001
,
0001
0110
1000
0110
,
0001
1000
0101
0101
,
1000
0011
1000
0101
,
1000
0110
1010
1001
,
1000
0110
0001
0110
,
1000
0001
1010
1010
,
0001
0100
0001
0000
0010
0000
0100
0000
,
1000
0001
1000
0000
0010
0000
0100
0000
,
0001
0010
0001
0010
0000
0001
0000
0010
,
0001
0010
0001
0010
0000
0000
1000
0000
,
0001
1000
0001
0000
1000
0010
1000
0000
,
0010
0100
0010
0000
0100
0001
0100
0000
,
0010
0100
0010
0100
0000
0010
0000
0100
,
0010
0100
0010
0100
0000
0000
1000
0000
,
0011
1000
0011
0100
,
1001
0100
1001
0010
,
1000
0100
1000
0100
0000
1000
0000
0100
,
1000
0100
1000
0100
0000
0000
1000
0000
,
0110
1000
0110
0001
,
0101
0001
0101
0100
,
1000
0001
1000
0001
0000
1000
0000
0001
,
1000
0001
1000
1001
0000
0000
0000
0000;

//---------------dance-single - Maniac----------------
#NOTES:
     dance-single:
     Maniac:
     Hard:
     7:
     0.523,0.489,0.213,0.123,0.000,297.000,19.000,11.000,0.000,0.000:













0010
0000
0001
1000
0100
0000
0010
0100
,
1000
0001
0000
0100
0000
0001
0010
0000
,
1000
0010
0100
0001
0000
1100
0000
0001
,
1000
0001
0100
0010
0000
0000
0001
0000
,
0100
0001
0010
0000
1000
0010
0100
0000
,
0010
0100
0001
0000
0010
1000
0100
0000
,
0001
0010
0100
1000
0000
0110
0000
1000
,
0010
0100
0010
1000
0000
0000
0001
0000
,
0100
0001
0010
0000
1000
0001
0100
0000
,
1000
0010
0100
0000
0010
0100
0001
0000
,
1000
0100
1000
0100
0000
0011
0000
0001
,
1000
0010
0100
0010
0000
0000
0010
0000
,
0100
0010
0100
0000
0001
1000
0001
0000
,
1000
0100
1000
0000
0120
0000
0031
0000
,
0001
0100
0001
0100
0000
1001
0000
0001
,
1000
0100
1000
0010
0000
0000
0000
0000
,
1000
0001
0100
1000
,
0010
0001
1000
0010
,
1000
0100
1000
0002
0000
0000
0013
0000
,
0001
0010
0001
2000
0000
0000
3100
0000
,
2100
0000
3001
0100
0010
1000
0100
0020
,
0000
0000
0031
1000
0001
0020
0000
0000
,
0130
0000
0001
0010
0100
1000
0001
2000
,
0000
0000
3001
0010
0001
2000
0000
0000
,
3010
0000
1000
0001
0100
0010
1000
0020
,
0000
0000
1030
0001
1000
0020
0000
0000
,
0130
0000
0001
1000
0001
0010
0100
1000
,
0010
1000
0001
0000
0101
0000
1001
0000
,
1100
0000
1000
0100
0010
0100
0001
1000
,
0001
0000
0001
1000
0001
0100
0010
0000
,
1100
0000
0010
0001
1000
0001
0100
0010
,
1000
0000
0010
1000
0001
0100
1000
0000
,
0010
0000
0001
0010
0100
1000
0010
0100
,
0001
0000
1000
0010
0001
0100
1000
0000
,
0101
0000
0010
1000
0001
0010
0100
1000
,
0001
0000
0001
1000
0010
0100
0001
0000
,
0100
0001
1000
0001
0010
0000
1000
0010
,
0100
0010
0000
1000
0000
0010
0100
0000
,
0001
0010
0100
1000
0000
1001
0000
0010
,
1000
0010
0100
0001
0000
0000
0001
0000
,
1000
0010
1000
0010
0100
0001
0100
0010
,
1000
0100
1000
0010
1000
0100
1000
0000
,
0001
1000
0001
1000
0000
0100
0000
0001
,
0100
0010
0100
0001
0000
0000
0001
0000
,
1000
0001
0110
0000
0100
0010
1001
0000
,
1000
0010
0101
0000
0001
0100
1010
0000
,
0100
0001
0100
0001
0000
0100
0000
1000
,
0010
1000
0001
0010
0000
0000
0010
0000
,
0100
0010
0100
0000
0001
1000
0001
0000
,
0100
0010
0100
0000
0012
0000
1003
0000
,
1000
0010
0100
0001
0000
1001
0000
0010
,
0100
0001
1000
0110
0000
0000
0000
0000;
