#TITLE:MY FIRE;
#SUBTITLE:;
#ARTIST:X-TREME;
#TITLETRANSLIT:;
#SUBTITLETRANSLIT:;
#ARTISTTRANSLIT:;
#CREDIT:;
#BANNER:MY FIRE.png;
#BACKGROUND:MY FIRE-bg.png;
#LYRICSPATH:;
#CDTITLE:./CDTITLES/DANCE MANIA WINTERS.PNG;
#MUSIC:MY FIRE.mp3;
#OFFSET:-0.062;
#SAMPLESTART:16.630;
#SAMPLELENGTH:12.000;
#SELECTABLE:YES;
#BPMS:0.000=130.200;
#STOPS:;
#BGCHANGES:;
// cache tags:
#FIRSTBEAT:23.000;
#LASTBEAT:171.500;
#SONGFILENAME:Songs/Disco/MY FIRE/MY FIRE.sm;
#HASMUSIC:1;
#HASBANNER:1;
#MUSICLENGTH:88.874;
// end cache tags

//---------------dance-single - ----------------
#NOTES:
     dance-single:
     :
     Beginner:
     1:
     0.119,0.144,0.034,0.000,0.000,71.000,3.000,0.000,0.000,0.000:
0000
0000
0000
0000
,
0000
0000
0000
0000
,
0000
0000
0000
0000
,
0000
0000
0000
0000
,
0000
0000
0000
0000
,
0000
0000
0000
0000
,
0000
0000
0000
0000
,
0000
0010
0000
0000
,
1001
0000
0000
0000
,
0001
0000
0001
0000
,
0100
0000
0000
0000
,
1000
0000
1000
0000
,
0100
0000
0000
0000
,
0001
0000
0001
0000
,
0100
0000
0000
0000
,
0010
0010
0000
0000
,
0100
0100
0000
0000
,
0000
1001
0000
0000
,
0000
1000
0000
0010
,
0000
0000
0000
0000
,
0000
0001
0000
0000
,
0001
0001
0001
0001
,
0000
1000
0000
0001
,
0000
1000
0000
0001
,
0000
0000
0000
0000
,
1000
1000
1000
1000
,
1000
0000
0001
0000
,
0100
0100
0100
0000
,
0001
0000
1000
0000
,
0010
0010
0010
0000
,
0010
0000
1000
0000
,
0001
0001
0001
0000
,
1000
0000
0010
0000
,
0100
0000
0001
0000
,
0100
0000
0001
0000
,
1000
1000
1000
0000
,
0001
0000
1000
0000
,
0001
0001
0001
0000
,
1000
0000
0100
0000
,
0010
0010
0010
0000
,
1000
1000
0000
0000
,
0010
0010
0000
0000
,
1001
0000
0000
0010
;

//---------------dance-single - ----------------
#NOTES:
     dance-single:
     :
     Easy:
     4:
     0.222,0.289,0.146,0.000,0.000,125.000,13.000,0.000,0.000,0.000:
0000
0000
0000
0000
,
0000
0000
0000
0000
,
0000
0000
0000
0000
,
0000
0000
0000
0000
,
0000
0000
0000
0000
,
0000
0000
0000
0000
,
0000
0000
0000
0100
,
0000
0000
0000
0100
,
0000
0000
0000
0100
,
0000
0100
0000
0100
,
0000
0100
0000
0100
,
0000
0001
0010
0100
,
0000
1000
0010
0100
,
0000
0001
0100
1000
,
0000
1000
0100
0001
,
0100
0010
0001
0010
,
0100
0010
1000
0010
,
0100
1001
0000
0001
,
0000
0100
0000
0100
,
0000
0000
0000
0000
0000
0000
0100
0100
,
0000
0000
0000
0000
0001
0000
0100
0100
,
0000
0000
0000
0000
1000
0000
0100
0100
,
0000
0000
0100
0000
1000
0000
0100
0100
,
0000
0000
0100
0000
0001
0000
0100
0100
,
0100
0001
1000
0100
,
1000
0100
1000
0100
,
0000
1000
0001
0100
,
1001
0100
0010
0001
,
0000
0001
1000
0100
,
1001
0100
0010
1000
,
0000
0010
0100
1001
,
0100
0010
0100
1001
,
0000
0001
0010
1000
,
0100
1000
0010
0001
,
0010
0100
0001
0100
,
1001
0000
0110
0000
0001
0000
0001
0001
,
0001
1000
0100
1000
,
1001
0000
0110
0000
1000
0000
0100
0100
,
0100
0010
1000
0010
,
1001
0000
0110
0000
0001
0000
1000
1000
,
1000
0001
0010
0001
,
1001
0000
0110
0000
0001
0000
0010
0010
,
0010
0000
0001
0000
1000
0000
0100
0100
;

//---------------dance-single - ----------------
#NOTES:
     dance-single:
     :
     Medium:
     5:
     0.259,0.289,0.191,0.000,0.000,144.000,17.000,0.000,0.000,0.000:
0000
0000
0000
0000
,
0000
0000
0000
0000
,
0000
0000
0000
0000
,
0000
0000
0000
0000
,
0000
0000
0000
0000
,
0000
0000
0000
0000
,
0000
0000
0000
0100
,
0000
0000
0000
0100
,
0000
0000
0000
0100
,
0000
0100
0001
0100
,
1000
0010
0100
0001
,
0100
0010
0001
0010
,
0100
0010
1000
0010
,
0000
0100
1000
0100
,
0001
0010
0100
1000
,
0100
0010
1000
0010
,
0100
0010
0001
0010
,
0100
1001
0000
0001
,
0000
0100
0000
0100
,
0010
0000
0001
0000
0100
0000
1000
1000
,
0000
0000
0001
0000
0000
0000
0001
0001
,
0010
0000
1000
0000
0100
0000
0001
0001
,
0000
0000
1000
0000
0000
0000
1000
1000
,
0010
0000
0001
0000
0100
0000
1000
1000
,
0100
0001
1000
0100
,
1000
0100
1000
0100
,
0010
0100
0001
0100
,
1001
0000
0110
0000
1000
0000
0001
0001
,
0001
1000
0100
1000
,
1001
0000
0110
0000
1000
0000
0100
0100
,
0100
0010
1000
0010
,
1001
0000
0110
0000
0001
0000
1000
1000
,
1000
0001
0010
0001
,
1001
0000
0110
0000
0001
0000
0010
0010
,
0010
0100
0001
0100
,
1100
0000
0101
0000
1000
0000
0001
0001
,
0001
1000
0100
1000
,
1100
0000
0101
0000
1000
0000
0100
0100
,
0100
0010
1000
0010
,
0101
0000
1100
0000
0001
0000
1000
1000
,
1000
0001
0010
0001
,
0101
0000
1100
0000
0001
0000
0010
0010
,
0010
0000
0001
0000
1000
0000
0100
0100
;

//---------------dance-single - ----------------
#NOTES:
     dance-single:
     :
     Hard:
     6:
     0.278,0.314,0.023,0.000,0.000,171.000,2.000,0.000,0.000,0.000:
0000
0000
0000
0000
,
0000
0000
0000
0000
,
0000
0000
0000
0000
,
0000
0000
0000
0000
,
0000
0000
0000
0000
,
0000
0000
0000
0000
,
0000
0000
0000
0000
,
0000
0000
0000
0000
,
0000
0100
0000
0100
,
1000
0000
0100
0000
1000
0010
0001
0000
,
1000
0000
0100
0000
0010
0000
1000
0100
,
0001
0000
0100
0000
0001
0010
1000
0000
,
0001
0000
0100
0000
0010
0000
0001
0100
,
1000
0000
0010
0000
1000
0010
0001
0000
,
1000
0100
0001
0000
0010
0000
1000
0100
,
0001
0000
0010
0000
0001
0010
1000
0000
,
0101
0000
1000
0000
0010
0000
0001
0100
,
1000
1001
0000
0001
,
0000
0100
0000
0100
,
0001
0000
1000
0000
0010
0000
0001
0100
,
1000
0000
0001
0000
0010
0000
1000
0100
,
0001
0000
0100
0000
1000
0000
0010
0001
,
0100
0000
0001
0000
1000
0000
0010
0001
,
0100
0000
1000
0000
0001
0000
0100
1000
,
0100
0001
1000
0100
,
1000
0100
1000
0100
,
0010
0100
0001
0100
,
1000
0100
0001
0100
1000
0000
0001
0010
,
1000
0001
0010
0001
,
0001
0100
1000
0100
0001
0000
0010
1000
,
0100
0010
1000
0010
,
0001
0100
1000
0100
0001
0000
1000
0100
,
0001
1000
0100
1000
,
1000
0100
0001
0100
1000
0000
0100
0001
,
0010
1000
0001
0100
,
1000
0000
0100
0001
0010
0000
1000
0010
,
0001
0010
0100
1000
,
0010
0000
1000
0100
0001
0000
0010
0001
,
0100
0001
1000
0010
,
0001
0000
0010
1000
0100
0000
0001
0100
,
1000
0100
0010
0001
,
0100
0000
0001
0010
1000
0000
0100
1000
,
0010
0000
0001
0010
1000
0000
0100
0100
;

//---------------dance-single - ----------------
#NOTES:
     dance-single:
     :
     Challenge:
     9:
     0.535,0.634,0.011,0.000,0.624,332.000,1.000,0.000,0.000,0.000:
0000
0000
0000
0000
,
0000
0000
0000
0000
,
0000
0000
0000
0000
,
0000
0000
0000
0000
,
0000
0000
0000
0000
,
0000
0000
0000
0000
,
1000
0100
1000
0100
0010
0100
0010
0100
1000
0100
1000
0100
0010
0000
0000
0000
,
0001
0100
0001
0100
0010
0100
0010
0100
0001
0100
0001
0100
0010
0000
0000
0000
,
1000
0001
1000
0001
1000
0000
0000
0000
0010
0100
0000
0000
0010
0100
0000
0000
,
0001
0010
0001
0010
0001
0000
0000
0000
0100
0010
0000
0000
0100
0010
0000
0000
,
1000
0100
1000
0100
1000
0000
0000
0000
0010
0100
0000
0000
0010
0100
0000
0000
,
0001
0000
0001
0000
1000
0100
0000
0000
0001
0000
0001
0000
1000
0100
0000
0000
,
0010
0100
0010
0100
0010
0000
0000
0000
0001
0100
0000
0000
0001
0100
0000
0000
,
0010
1000
0010
1000
0010
0000
0000
0000
0100
0001
0000
0000
0100
0001
0000
0000
,
0010
0000
0010
0000
0100
1000
0000
0000
0010
0000
0010
0000
0100
1000
0000
0000
,
0001
0000
0001
0000
0100
0010
0000
0000
0001
0000
0001
0000
0100
0010
0000
0000
,
1000
0100
0010
0001
1000
0000
1001
0000
,
1000
0100
1000
0100
1000
0000
0010
0000
0100
0000
0100
0000
0010
0100
0000
0000
,
0001
0010
0001
0010
0001
0000
0100
0000
0010
0000
0010
0000
0100
0010
0000
0000
,
1000
0100
1000
0100
1000
0000
0000
0000
0001
0100
0001
0100
0001
0000
0000
0000
,
0010
0100
0010
0100
0010
0000
0001
0000
1000
0000
1000
0000
0001
1000
0000
0000
,
0010
0100
0010
0100
0010
0000
1000
0000
0001
0000
0001
0000
0010
0000
0100
0000
,
1000
0010
1000
0010
1000
0000
0100
0000
0010
0000
0010
0000
0001
1000
0000
0000
,
0010
0100
0010
0100
0010
0000
0000
0000
1000
0100
1000
0100
1000
0000
0000
0000
,
0001
0100
0001
0100
0010
1000
0010
1000
0001
0010
0001
0010
0100
0000
0000
0000
,
1000
0100
1000
0000
0000
0000
0001
0100
0001
0100
0000
0000
0000
0000
0000
0000
,
0001
0100
0010
0000
0010
0000
0001
0100
0010
0000
0010
0000
0001
0100
0010
0000
,
1000
0000
0100
0000
0010
0001
0000
0000
0100
0010
1000
0000
1000
0000
0000
0000
,
1000
0000
0100
0000
0010
0001
0100
0000
0010
1000
0100
0000
0100
0000
0100
0000
,
0100
0000
0010
0000
0001
0100
0000
0000
0010
0100
0000
0000
0010
1000
0000
0000
,
0001
0000
0010
0000
0100
1000
0000
0100
0010
0001
0000
0000
0010
0100
0000
0000
,
1000
0000
1000
0000
1000
0001
0000
0000
0010
0000
0010
0000
0010
0100
0000
0000
,
1000
0000
1000
0000
1000
0010
0000
0000
0100
0000
0100
0000
0100
0001
0000
0000
,
0000
0000
0000
0000
0000
0000
1000
0100
1000
0000
0000
0000
0000
0000
0001
0010
,
0001
0000
1000
0010
1000
0000
0001
0010
0001
0000
0000
0000
0000
0000
0001
0000
,
1000
0000
1000
0000
0100
0010
0000
0000
0001
0000
0001
0000
0100
0010
0000
0000
,
1000
0000
0100
0000
0010
0100
0010
0000
0001
0100
0001
0000
0001
0000
0000
0000
,
1000
0000
1000
0000
0100
0010
0000
0001
1000
0000
0010
0100
0000
0001
0010
0000
,
0100
0000
0100
0000
1000
0010
0000
0100
0001
0000
0010
0100
0000
1000
0010
0000
,
0100
0000
0100
0000
0001
1000
0000
0000
0010
0000
0010
0000
1000
0001
0000
0000
,
0010
0100
1000
0000
1000
0000
0001
1000
0100
0000
0100
0000
0010
0000
0001
0000
,
1000
0000
0010
0000
0100
0001
0010
0100
1000
0010
0100
0001
0010
0000
0000
0000
;

//---------------dance-double - ----------------
#NOTES:
     dance-double:
     :
     Easy:
     5:
     0.204,0.259,0.113,0.000,0.000,117.000,10.000,0.000,0.000,0.000:
00000000
00000000
00000000
00000000
,
00000000
00000000
00000000
00000000
,
00000000
00000000
00000000
00000000
,
00000000
00000000
00000000
00000000
,
00000000
00000000
00000000
00000000
,
00000000
00000000
00000000
00000000
,
00000000
00000000
00000000
00001000
,
00000000
00000000
00000000
00001000
,
00000000
00001000
00000000
00001000
,
00000000
00001000
00000000
00001000
,
00000000
00001000
00000100
00010000
,
00000000
00010000
01000000
00001000
,
00000100
00000001
00001000
00000010
,
00000100
00000001
00010000
00001000
,
01000000
10000000
00010000
00100000
,
01000000
10000000
00001000
00010000
,
01000000
00010000
00000000
00001000
,
00000000
00000100
00000000
00000100
,
00000000
00000000
00000000
01000000
,
00000000
00000000
00000100
00001000
,
00000000
00000000
01000000
01000000
,
00000000
00100000
00000100
00001000
,
00000000
00000100
01000000
00010000
,
00000100
00001000
00000100
00001000
,
00000100
00000001
00001000
00000001
,
00000000
00001000
00000001
00000100
,
00001001
00000100
00000010
00000001
,
00000000
00000001
00001000
00000100
,
00001001
00000100
00000010
00001000
,
00000000
00000010
00000100
00001001
,
00000100
00000010
00000100
00001001
,
00000000
00000100
00000001
00000010
,
00001000
00000100
00010000
00001000
,
01001000
00010000
00000010
10000000
,
00000100
00010000
00000010
00010000
,
00010100
00001000
00100000
00001000
,
01000000
00001000
00100000
00001000
,
01001000
00010100
00000001
00010000
,
00100000
00000100
00001000
01000000
,
00010100
01001000
10000000
00001000
,
00000010
01000000
00010000
00000100
,
00001000
00000000
00000001
00000000
00000010
00000000
00000100
00000100
;

//---------------dance-double - ----------------
#NOTES:
     dance-double:
     :
     Medium:
     6:
     0.257,0.306,0.270,0.000,0.000,136.000,24.000,0.000,0.000,0.000:
00000000
00000000
00000000
00000000
,
00000000
00000000
00000000
00000000
,
00000000
00000000
00000000
00000000
,
00000000
00000000
00000000
00000000
,
00000000
00000000
00000000
00000000
,
00000000
00000000
00000000
00000000
,
00000000
00000000
00000000
00000000
,
00000000
00001000
00000000
00001000
,
00000000
00001000
00000000
00001000
,
00000000
00001000
00000000
00001000
,
00000101
00000010
00000100
00000010
,
00001001
00000100
00001000
00010000
,
11000000
00100000
01000000
00100000
,
10010000
01000000
00100000
00001000
,
00000100
00000001
00000010
00001000
,
00010000
01000000
10000000
00100000
,
01000000
10010000
00000000
00010000
,
00000000
01000000
00000000
01000000
,
00100000
00000000
01000000
00000000
10000000
00000000
00100000
00010000
,
01000000
00000000
10000000
00000000
01000000
00000000
00010000
01000000
,
10000000
00000000
01000000
00000000
00010000
00000000
01000000
00010000
,
10000000
00000000
00100000
00000000
00010000
00000000
01000000
10000000
,
00100000
10000000
01000000
00010000
,
00001000
00000010
00000001
00000100
,
00001000
00000100
00001000
00000100
,
01001000
00010000
00000010
01000000
,
00000100
00010000
00000010
00010000
,
00000100
00001000
00100000
00001000
,
01000000
00001000
00100000
00001000
,
01001000
00010100
00000001
00010000
,
01000000
00000100
00100000
00001000
,
00010100
01001000
10000000
00001000
,
00000100
01000000
00000010
00010000
,
10100000
01010000
11000000
00010000
,
00001000
00000010
00000001
00000100
,
00000011
00001100
00000101
00001000
,
00010000
00100000
10000000
01000000
,
00110000
01010000
00001100
00001010
,
00000100
00000010
00000001
00000100
,
00001010
00001100
01010000
00110000
,
01000000
00100000
10000000
01000000
,
10000000
00000000
00010000
00000000
00100000
00000000
01000000
01000000
;

//---------------dance-double - ----------------
#NOTES:
     dance-double:
     :
     Hard:
     7:
     0.363,0.353,0.090,0.000,0.000,218.000,8.000,0.000,0.000,0.000:
00000000
00000000
00000000
00000000
,
00000000
00000000
00000000
00000000
,
00000000
00000000
00000000
00000000
,
00000000
00000000
00000000
00000000
,
00000000
00000000
00000000
00000000
,
00000000
00000000
00000000
00000000
,
00000000
00000000
00000000
00000000
,
00010000
00010000
00010000
00000000
10000000
10000000
10000000
00000000
,
00100000
00000000
01000000
00000000
00001000
00001000
00001000
00000000
,
00010000
00000100
00000010
00000001
00000100
00000010
00001000
00000100
,
00010000
00000000
00001000
00000000
00100000
00100000
00100000
00000000
,
00010000
10000000
01000000
00100000
00001000
00010000
00000100
00000010
,
00000001
00000000
00000100
00000000
00000010
00000010
00000010
00000000
,
00001000
00000100
00010000
00001000
00100000
00010000
10000000
01000000
,
00100000
00000000
00001000
00000000
00010000
00010000
00010000
00000000
,
00000100
00000000
00000010
00000000
00000001
00000001
00000001
00000000
,
00000000
00000000
00001000
00001000
00000000
00000000
00011000
00000000
,
00100000
00010000
01000000
00000000
00100000
10000000
01000000
00000000
,
00100000
00001000
00010000
00000000
00000100
00001000
00000001
00000100
,
00000010
00001000
00000100
00000000
00010000
00001000
00100000
00000000
,
00010000
10000000
01000000
00000000
00100000
00001000
00010000
00000100
,
00000010
00000001
00000100
00000000
00000010
00010000
00000100
00000000
,
00001000
00000010
00010000
00000000
00001000
01000000
00010000
10000000
,
00100000
01000000
00010000
00000000
00100000
00001000
00010000
00000000
,
00000100
00000010
00000001
00000100
00000010
00001000
00000100
00000000
,
00011000
00000000
10010000
00000000
01000000
00100000
00010000
00000000
,
01000000
00001000
00010000
00000100
00000010
00000001
00000100
00000000
,
00001100
00000000
00011000
00000000
00100000
00010000
10000000
00000000
,
01000000
00100000
00001000
00010000
00000100
00000010
00000001
00000000
,
00001100
00000000
00000101
00000000
00001000
00000100
00010000
00000000
,
00001000
00100000
00010000
10000000
01000000
00100000
00010000
00000000
,
01000000
01000000
01000000
00000000
00001000
00001000
00001000
00000000
,
00010000
00000100
00000010
00000001
00001000
00001000
00001000
00000000
,
00000010
00010000
00001000
01000000
00010000
00100000
01000000
00000000
,
10000000
10000000
10000000
00000000
00100000
01000000
00001000
00010000
,
00000100
00000000
00000010
00000010
00000000
00000001
00000001
00000000
,
00000100
00000010
00001000
00000100
00010000
00001000
00100000
00000000
,
10010000
00000000
00100000
01000000
00000000
10000000
00010000
00000000
,
01000000
00001000
00010000
00000100
00000010
00000001
00000100
00000010
,
00001000
00000100
00000100
00000000
00010000
00001000
00001000
00000000
,
00100000
00010000
10000000
01000000
00100000
00010000
01000000
00001000
,
00010000
00000000
00000100
00000100
00000100
00000000
00000010
00000001
;

//---------------dance-couple - ----------------
#NOTES:
     dance-couple:
     :
     Easy:
     4:
     0.431,0.613,1.000,0.000,0.000,125.000,121.000,0.000,0.000,11.000:
00000000
00000000
00000000
00000000
,
00000000
00000000
00000000
00000000
,
00000000
00000000
00000000
00000000
,
00000000
00000000
00000000
00000000
,
00000000
00000000
00000000
00000000
,
00000000
00000000
00000000
01000100
,
00000000
00000000
00000000
01000100
,
00000000
00000000
00000000
01000100
,
00000000
01000100
00000000
01000100
,
00000000
01000100
00000000
01000100
,
00000000
00010001
00100010
01000100
,
00000000
10001000
00100010
01000100
,
00000000
00010001
01000100
10001000
,
00000000
10001000
01000100
00010001
,
01000100
00100010
00011000
00100010
,
01000100
00100010
10000001
00100010
,
01000100
10011001
00000000
00011000
,
00000000
01000100
00000000
01000100
,
00000000
00000000
00000000
00000000
00000000
00000000
01000100
01000100
,
00000000
00000000
00000000
00000000
00011000
00000000
01000100
01000100
,
00000000
00000000
00000000
00000000
10000001
00000000
01000100
01000100
,
00000000
00000000
01000100
00000000
10000001
00000000
01000100
01000100
,
00000000
00000000
01000100
00000000
00011000
00000000
01000100
01000100
,
01000100
00011000
10000001
01000100
,
10000001
01000100
10000001
01000100
,
00000000
10001000
00000001
01000100
,
00001001
01000100
00000010
00010001
,
00000000
00010001
10000000
01000100
,
10010000
01000100
00100000
10001000
,
00000000
00100010
01000100
10011001
,
01000100
00100010
01000100
10011001
,
00000000
00010001
00100010
10001000
,
01000100
10001000
00100010
00010001
,
00100010
01000100
00010001
01000100
,
10011001
00000000
01100110
00000000
10001000
00000000
00010001
00010001
,
00010001
10001000
01000100
10001000
,
10011001
00000000
01100110
00000000
10001000
00000000
01000100
01000100
,
01000100
00100010
10001000
00100010
,
10011001
00000000
01100110
00000000
00010001
00000000
10001000
10001000
,
10001000
00010001
00100010
00010001
,
10011001
00000000
01100110
00000000
00010001
00000000
00100010
00100010
,
00100010
00000000
00010001
00000000
10001000
00000000
01000100
01000100
;

//---------------dance-couple - ----------------
#NOTES:
     dance-couple:
     :
     Medium:
     5:
     0.466,0.613,1.000,0.000,0.000,144.000,128.000,0.000,0.000,9.000:
00000000
00000000
00000000
00000000
,
00000000
00000000
00000000
00000000
,
00000000
00000000
00000000
00000000
,
00000000
00000000
00000000
00000000
,
00000000
00000000
00000000
00000000
,
00000000
00000000
00000000
01000100
,
00000000
00000000
00000000
01000100
,
00000000
00000000
00000000
01000100
,
00000000
01000100
00010001
01000100
,
10001000
00100010
01000100
00010001
,
01000100
00100010
00010001
00100010
,
01000100
00100010
10001000
00100010
,
00000000
01000100
10001000
01000100
,
00010001
00100010
01000100
10001000
,
01000100
00100010
10001000
00100010
,
01000100
00100010
00010001
00100010
,
01000100
10011001
00000000
00010001
,
00000000
01000100
00000000
01000100
,
00100010
00000000
00011000
00000000
01000100
00000000
10000001
10000001
,
00000000
00000000
00011000
00000000
00000000
00000000
00011000
00011000
,
00100010
00000000
10000001
00000000
01000100
00000000
00011000
00011000
,
00000000
00000000
10000001
00000000
00000000
00000000
10000001
10000001
,
00100010
00000000
00011000
00000000
01000100
00000000
10000001
10000001
,
01000100
00011000
10000001
01000100
,
10000001
01000100
10000001
01000100
,
00100000
01000000
00010000
01000100
,
10010000
00000000
01100000
00000000
10000000
00000000
00010001
00010001
,
00000001
00001000
00000100
10001000
,
00001001
00000000
00000110
00000000
00001000
00000000
01000100
01000100
,
01000000
00100000
10000000
00100010
,
10010000
00000000
01100000
00000000
00010000
00000000
10001000
10001000
,
00001000
00000001
00000010
00010001
,
00001001
00000000
00000110
00000000
00000001
00000000
00100010
00100010
,
00100010
01000100
00010001
01000100
,
11001100
00000000
01010101
00000000
10001000
00000000
00010001
00010001
,
00010001
10001000
01000100
10001000
,
11001100
00000000
01010101
00000000
10001000
00000000
01000100
01000100
,
01000100
00100010
10001000
00100010
,
01010101
00000000
11001100
00000000
00010001
00000000
10001000
10001000
,
10001000
00010001
00100010
00010001
,
01010101
00000000
11001100
00000000
00010001
00000000
00100010
00100010
,
00100010
00000000
00010001
00000000
10001000
00000000
01000100
01000100
;

//---------------dance-couple - ----------------
#NOTES:
     dance-couple:
     :
     Hard:
     6:
     0.505,0.565,1.000,0.000,0.000,170.000,138.000,0.000,0.000,3.000:
00000000
00000000
00000000
00000000
,
00000000
00000000
00000000
00000000
,
00000000
00000000
00000000
00000000
,
00000000
00000000
00000000
00000000
,
00000000
00000000
00000000
00000000
,
00000000
00000000
00000000
00000000
,
00000000
00000000
00000000
00000000
,
00000000
01000100
00000000
01000100
,
10001000
00000000
01000100
00000000
10001000
00100010
00010001
00000000
,
10001000
00000000
01000100
00000000
00100010
00000000
10001000
01000100
,
00010001
00000000
01000100
00000000
00010001
00100010
10001000
00000000
,
00010001
00000000
01000100
00000000
00100010
00000000
00010001
01000100
,
10001000
00000000
00100010
00000000
10001000
00100010
00010001
00000000
,
11001100
00000000
00010001
00000000
00100010
00000000
10001000
01000100
,
00010001
00000000
00100010
00000000
00010001
00100010
10001000
00000000
,
01010101
00000000
10001000
00000000
00100010
00000000
00010001
01000100
,
10001000
10011001
00000000
00010001
,
00000000
01000100
00000000
01000100
,
10000001
00000000
00011000
00000000
00100010
00000000
10000001
01000100
,
00011000
00000000
10000001
00000000
00100010
00000000
00011000
01000100
,
10000001
00000000
01000100
00000000
00011000
00000000
00100010
10000001
,
01000100
00000000
10000001
00000000
00011000
00000000
00100010
10000001
,
01000100
00000000
00011000
00000000
10000001
00000000
00100010
00011000
,
01000100
10000001
00011000
01000100
,
00011000
01000100
00011000
01000100
,
00100010
01000000
00010000
01000000
,
10000000
01000000
00010000
01000000
10000000
00000000
00010001
00100010
,
10001000
00000001
00000010
00000001
,
00000001
00000100
00001000
00000100
00000001
00000000
00100010
10001000
,
01000100
00100000
10000000
00100000
,
00010000
01000000
10000000
01000000
00010000
00000000
10001000
01000100
,
00010001
00001000
00000100
00001000
,
00001000
00000100
00000001
00000100
00001000
00000000
01000100
00010001
,
00100010
10001000
00010001
01000100
,
10001000
00000000
01000100
00010001
00100010
00000000
10001000
00100010
,
00010001
00100010
01000100
10001000
,
00100010
00000000
10001000
01000100
00010001
00000000
00100010
00010001
,
01000100
00010001
10001000
00100010
,
00010001
00000000
00100010
10001000
01000100
00000000
00010001
01000100
,
10001000
01000100
00100010
00010001
,
01000100
00000000
00010001
00100010
10001000
00000000
01000100
10001000
,
00100010
00000000
00010001
00100010
10001000
00000000
01000100
01000100
;

//---------------dance-solo - ----------------
#NOTES:
     dance-solo:
     :
     Easy:
     4:
     0.215,0.306,0.146,0.000,0.000,121.000,13.000,0.000,0.000,0.000:
000000
000000
000000
000000
,
000000
000000
000000
000000
,
000000
000000
000000
000000
,
000000
000000
000000
000000
,
000000
000000
000000
000000
,
000000
000000
000000
001000
,
000000
000000
000000
001000
,
000000
000000
000000
000010
,
000000
010000
000000
000010
,
000000
010000
000000
000010
,
000000
000001
000100
001000
,
000000
100000
000100
001000
,
000000
000001
001000
010000
,
000000
100000
001000
000010
,
001000
000100
000001
000100
,
001000
000100
100000
000100
,
001000
100001
000000
000010
,
000000
001000
000000
001000
,
000000
000000
000000
000000
000000
000000
001000
001000
,
000000
000000
000000
000000
000010
000000
001000
001000
,
000000
000000
000000
000000
010000
000000
001000
001000
,
000000
000000
001000
000000
100000
000000
001000
001000
,
000000
000000
001000
000000
000001
000000
001000
001000
,
001000
000001
100000
001000
,
010000
001000
100000
001000
,
000000
010000
000001
001000
,
100001
001000
000100
000001
,
000000
000010
010000
001000
,
100001
001000
000100
100000
,
000000
000100
001000
100001
,
001000
000100
001000
100001
,
000000
000010
000100
100000
,
001000
010000
000100
000001
,
000100
001000
000001
001000
,
100001
001100
100000
000010
,
000000
100000
001000
100000
,
100001
000000
001100
000000
100000
000000
001000
001000
,
001000
000100
010000
000100
,
100001
001100
000001
010000
,
000000
000010
000100
000001
,
100001
000000
001100
000000
000001
000000
000100
000100
,
000100
000000
000001
000000
010000
000000
001000
001000
;

//---------------dance-solo - ----------------
#NOTES:
     dance-solo:
     :
     Medium:
     6:
     0.217,0.235,0.011,0.000,0.000,134.000,1.000,0.000,0.000,0.000:
000000
000000
000000
000000
,
000000
000000
000000
000000
,
000000
000000
000000
000000
,
000000
000000
000000
000000
,
000000
000000
000000
000000
,
000000
000000
000000
001000
,
000000
000000
000000
001000
,
000000
000000
000000
001000
,
000000
000010
000000
100000
000000
001000
000000
000100
,
000000
000001
000000
000010
000000
000001
000000
000010
,
000000
010000
000000
000001
000000
001000
000000
000100
,
000000
100000
000000
010000
000000
100000
000000
010000
,
000000
001000
000000
000100
000000
000001
000000
001000
,
000000
000010
000000
000001
000000
000010
000000
000001
,
000000
100000
000000
001000
000000
100000
000000
001000
,
000000
100000
000000
001000
000000
100000
000000
001000
,
001000
000000
000000
100001
,
000000
001000
000000
001000
,
000100
000001
001000
000010
,
000000
000001
000000
010000
,
000100
000000
100000
000000
001000
000000
000001
000001
,
000000
000000
100000
000000
000000
000000
100000
100000
,
000100
000000
000010
000000
001000
000000
100000
100000
,
001000
000001
010000
001000
,
100000
001000
010000
001000
,
000000
000010
000000
100000
000000
001000
000000
000100
,
000000
000001
000000
000010
000000
000001
000000
000010
,
000000
010000
000000
000001
000000
001000
000000
000100
,
000000
100000
000000
010000
000000
100000
000000
010000
,
000000
001000
000000
000100
000000
000001
000000
001000
,
000000
000010
000000
000001
000000
000010
000000
000001
,
000000
100000
000000
001000
000000
100000
000000
001000
,
000000
100000
000000
001000
000000
100000
000000
010000
,
000000
000010
000000
100000
000000
001000
000000
000100
,
000000
000001
000000
000010
000000
000001
000000
000010
,
000000
010000
000000
000001
000000
001000
000000
000100
,
000000
100000
000000
010000
000000
100000
000000
010000
,
000000
001000
000000
000100
000000
000001
000000
001000
,
000000
000010
000000
000001
000000
000010
000000
000001
,
000000
100000
000000
001000
000000
100000
000000
001000
,
000000
100000
000000
001000
000000
100000
000000
001000
,
001000
000100
000001
010000
;

//---------------dance-solo - ----------------
#NOTES:
     dance-solo:
     :
     Hard:
     6:
     0.278,0.283,0.034,0.000,0.000,170.000,3.000,0.000,0.000,0.000:
000000
000000
000000
000000
,
000000
000000
000000
000000
,
000000
000000
000000
000000
,
000000
000000
000000
000000
,
000000
000000
000000
000000
,
000000
000000
000000
000000
,
000000
000000
000000
000000
,
000000
001000
000000
001000
,
010000
000000
001000
000000
100000
000100
000001
000000
,
100000
000000
001000
000000
010000
000000
100000
001000
,
000001
000000
001000
000000
000001
000100
100000
000000
,
000001
000000
001000
000000
000010
000000
000001
001000
,
010000
000000
000100
000000
100000
000100
000001
000000
,
011000
000000
000001
000000
000100
000000
100000
001000
,
000010
000000
000100
000000
000001
000100
100000
000000
,
001010
000000
100000
000000
000100
000000
000001
001000
,
010000
100001
000000
000001
,
000000
001000
000000
001000
,
000010
000000
100000
000000
000100
000000
000001
001000
,
010000
000000
000001
000000
000100
000000
100000
001000
,
000010
000000
001000
000000
100000
000000
000100
000001
,
001000
000000
000010
000000
100000
000000
000100
000010
,
001000
000000
100000
000000
000001
000000
000100
010000
,
001000
000001
100000
001000
,
100000
001000
010000
001000
,
000100
001000
000001
001000
,
100000
001000
000001
001000
010000
000000
000001
000100
,
100000
000001
000100
000001
,
000001
001000
100000
001000
000010
000000
000100
010000
,
001000
000100
100000
000100
,
000001
001000
100000
001000
000010
000000
100000
001000
,
000010
100000
001000
100000
,
100000
001000
000001
001000
010000
000000
001000
000001
,
000100
100000
000010
001000
,
100000
000000
001000
000001
000100
000000
100000
000100
,
000001
000100
001000
100000
,
000100
000000
100000
001000
000010
000000
000100
000010
,
001000
000001
100000
000100
,
000001
000000
000100
100000
001000
000000
000001
001000
,
010000
001000
000100
000001
,
001000
000000
000001
000100
100000
000000
001000
010000
,
000100
000000
000001
000100
100000
000000
001000
001000
;
