#TITLE:Billie Jean;
#SUBTITLE:;
#ARTIST:Micheal Jackson remixed by Soundbluntz;
#TITLETRANSLIT:;
#SUBTITLETRANSLIT:;
#ARTISTTRANSLIT:;
#CREDIT:;
#BANNER:Billie Jean-bn.png;
#BACKGROUND:Billie Jean-bg.png;
#LYRICSPATH:;
#CDTITLE:sporktitles4.png;
#MUSIC:Billie Jean.mp3;
#OFFSET:-0.059;
#SAMPLESTART:69.100;
#SAMPLELENGTH:15.360;
#SELECTABLE:YES;
#BPMS:0.000=125.000;
#STOPS:;
#BGCHANGES:;
// cache tags:
#FIRSTBEAT:16.000;
#LASTBEAT:228.000;
#SONGFILENAME:Songs/Pop/Billie Jean/Billie Jean.sm;
#HASMUSIC:1;
#HASBANNER:1;
#MUSICLENGTH:111.916;
// end cache tags

//---------------dance-single - ----------------
#NOTES:
     dance-single:
     :
     Beginner:
     1:
     0.143,0.178,0.134,0.018,0.000,95.000,15.000,2.000,0.000,0.000:
0000
0000
0000
0000
,
0000
0000
0000
0000
,
0000
0000
0000
0000
,
0000
0000
0000
0000
,
0001
0000
0100
0000
,
0001
0000
1000
0000
,
0001
0000
0010
0000
,
0001
0000
1000
0000
,
1001
0000
0000
0000
,
1001
0000
0000
0000
,
0110
0000
0000
0000
,
1001
0000
0000
0000
,
1000
0000
0010
0000
,
1000
0000
0000
0000
,
0001
0000
0010
0000
,
0001
0000
1000
0000
,
0100
0000
0000
0000
,
1001
0000
1001
0000
,
1001
0000
0000
0000
,
0010
0000
0100
0000
,
0001
0000
0000
0000
,
1001
0000
1001
0000
,
1001
0000
0000
0000
,
0110
0000
0000
0000
,
0010
0000
1000
0000
,
0100
0000
0000
0000
,
0010
0000
0100
0000
,
1000
0000
0001
0000
,
0100
0000
0000
0000
,
1001
0000
1001
0000
,
1001
0000
0000
0000
,
1000
0000
0000
0000
,
0001
0001
0001
0000
,
1000
0000
0010
0000
,
0100
0000
0001
0000
,
1000
0000
0000
0000
,
1000
1000
1000
0000
,
0100
0000
0010
0000
,
0001
0001
0001
0000
,
1000
1000
1000
0000
,
0010
0000
0000
0000
,
0100
0000
0001
0000
,
1000
0000
0100
0000
,
0010
0010
0010
0010
,
0010
0000
0000
0000
,
0001
0000
1000
0000
,
0100
0000
0100
0000
,
1000
0000
0001
0001
,
0001
0000
0100
0000
,
0010
0010
0010
0010
,
0010
0000
0000
0000
,
0010
0000
0000
0000
,
1000
0000
0100
0000
,
1000
0000
0001
0000
,
1000
0000
0010
0000
,
1000
0000
0001
0000
,
2002
0000
0000
0000
,
3003
0000
0000
0000
;

//---------------dance-single - ----------------
#NOTES:
     dance-single:
     :
     Easy:
     4:
     0.266,0.306,0.197,0.188,0.000,165.000,22.000,21.000,0.000,0.000:
0000
0000
0000
0000
,
0000
0000
0000
0000
,
0000
0000
0000
0000
,
0000
0000
0000
0000
,
0010
1000
0001
1001
,
0010
0001
1000
1001
,
0010
0100
0001
1001
,
0010
0100
1000
1001
,
2000
0000
3001
0100
,
0020
0000
1030
0001
,
0200
0000
0301
1000
,
0002
0000
0103
0000
,
0010
1000
0010
0100
,
0001
0000
1000
0000
,
0100
1000
0100
0010
,
0001
1000
0010
0100
,
0002
0000
1003
0001
,
0110
0000
1001
0000
,
0210
0000
0301
1000
,
0020
0000
1030
0100
,
2000
0000
3001
0100
,
0110
0000
1001
0000
,
0120
0000
1030
0001
,
0200
0000
0310
0000
,
0010
1000
0010
0100
,
0001
0000
1000
0000
,
0001
0010
0100
1000
,
0010
0000
0100
0000
,
0002
0000
1003
0001
,
0110
0000
1001
0000
,
0210
0000
0301
1000
,
0200
0000
0310
0000
,
0001
0010
0001
0000
,
1000
0010
1000
0000
,
0001
0100
0010
1000
,
0100
0000
1001
0000
,
1000
0010
1000
0000
,
0001
0100
0001
0000
,
1000
0100
0010
0001
,
0010
0100
1000
0001
,
2000
0010
3010
0000
,
0001
0100
0010
1000
,
0002
0010
0013
0000
,
0001
1000
0010
0100
,
1001
0000
0010
0000
,
0100
0010
1000
0001
,
0020
0000
0130
1000
,
0002
0000
1003
0010
,
1001
0000
0100
0000
,
0001
0010
0100
1000
,
0020
0000
0130
0001
,
2000
0000
3001
0110
,
0001
1000
0100
1100
,
1000
0001
0100
0101
,
0001
1000
0010
1010
,
1000
0001
0010
0011
,
2002
0000
0000
0000
,
3003
0000
0000
0000
;

//---------------dance-single - ----------------
#NOTES:
     dance-single:
     :
     Medium:
     6:
     0.331,0.306,0.134,0.268,0.009,214.000,15.000,30.000,0.000,0.000:
0000
0000
0000
0000
,
0000
0000
0000
0000
,
0000
0000
0000
0000
,
0000
0000
0000
0000
,
1000
0000
0010
0000
1000
0001
0100
0000
,
0001
0000
0010
0000
0001
1000
0100
0000
,
1000
0000
0001
0000
1000
0010
0100
0000
,
0001
0000
1000
0000
0001
0010
0100
0000
,
2000
0000
0000
3002
0000
0000
1003
0000
,
0002
0000
0000
2003
0000
0000
3001
0000
,
0200
0000
0000
0320
0000
0000
0130
0000
,
0020
0000
0000
0230
0000
0000
0310
1000
,
0001
0000
1000
0000
0010
0000
0100
0001
,
0000
1000
0000
0001
0010
0000
0100
0000
,
1000
0000
0001
0000
1000
0000
0010
0100
,
0000
0001
0000
1000
0000
0100
1000
0001
,
0100
0000
0000
1001
0000
0000
0010
0100
,
0000
0000
0010
1000
0000
0000
0010
0100
,
0002
0000
0000
2003
0000
0000
3100
0000
,
0010
0000
0001
1000
0000
0010
1000
0001
,
0100
0000
0000
1001
0000
0000
0100
0010
,
0000
0000
0100
0001
0000
0000
0100
0010
,
2000
0000
0000
3002
0000
0000
1003
0000
,
0200
0000
0000
0320
0000
0000
0130
0000
,
1000
0010
0100
0001
,
0010
0000
0100
0000
0010
0001
1000
0000
,
0010
0100
0001
1000
,
0100
0000
1000
0001
0000
0100
0010
1000
,
0001
0000
0000
1001
0000
0000
1000
0010
,
0000
0000
1000
0001
0000
0000
1000
0010
,
0200
0000
0000
0320
0000
0000
0130
0000
,
0002
0000
0000
2003
0000
0000
3001
0000
,
2002
0000
0000
3003
,
0220
0000
0000
0330
,
1000
0100
0010
0001
,
1000
0000
0000
0110
0000
0000
0001
0000
,
0202
0000
0000
0303
,
2020
0000
0000
3030
,
1000
0000
0010
1000
0001
0000
1000
0000
,
0100
0000
1000
0001
0000
1000
0010
0000
,
0100
0000
0001
1000
0010
0000
0100
0000
,
0001
0010
0000
0100
0000
1001
0000
0100
,
0010
0000
0100
0010
0001
0000
0100
0000
,
0010
1000
0000
0001
0000
0100
0001
1000
,
0010
0000
0000
0110
0000
1001
0000
0001
,
0010
0000
0001
0000
0100
0010
0000
0000
,
2000
0000
0000
3002
0000
0000
0103
0000
,
0010
0000
0100
0001
0000
1000
0100
0010
,
0001
0000
0000
1001
0000
0110
0000
0010
,
0001
0000
1000
0000
0010
1000
0000
0000
,
0010
0000
0100
0000
0000
0001
0000
0000
1000
0000
0000
0000
0010
0000
0000
0000
,
0100
0000
0001
0000
0000
1000
0000
0000
0010
0000
0000
0000
1001
0000
0000
0000
,
0001
0000
1000
0000
0010
0100
0001
0000
,
1000
0000
0100
0000
0010
0100
1000
0000
,
0001
0000
0100
0000
0010
1000
0001
0000
,
0010
0000
0100
0000
1000
0000
0010
0100
,
2002
0000
0000
0000
,
3003
0000
0000
0000
;

//---------------dance-double - ----------------
#NOTES:
     dance-double:
     :
     Easy:
     4:
     0.234,0.306,0.170,0.089,0.000,154.000,19.000,10.000,0.000,0.000:
00000000
00000000
00000000
00000000
,
00000000
00000000
00000000
00000000
,
00000000
00000000
00000000
00000000
,
00000000
00000000
00000000
00000000
,
00010000
01000000
00100000
01100000
,
10000000
00010000
00100000
01100000
,
00010000
00100000
00001000
00011000
,
01000000
00001000
00100000
00110000
,
00100000
00000000
00000000
00100000
00000000
00000000
00000000
00000000
,
01000000
00000000
00000000
01000000
00000000
00000000
00000000
00000000
,
10000000
00000000
00000000
10000000
00000000
00000000
00000000
00000000
,
00010000
00000000
00000000
00010000
00000000
00000000
01000000
00000000
,
00100000
10000000
00100000
01000000
,
00010000
00000000
00100000
00000000
,
01000000
00100000
00010000
00100000
,
00001000
00000000
00010000
00001000
,
00010000
00000000
00011000
00000000
,
00000100
00000000
00001000
00000000
,
00000010
00000000
00000000
00000010
00000000
00000000
00000000
00000000
,
00000100
00000000
00000000
00000100
00000000
00000000
00000000
00000000
,
00000001
00000000
00001001
00000000
,
00000100
00000000
00000010
00000000
,
00010000
00000000
00000000
00010000
00000000
00000000
00000000
00000000
,
00001000
00000000
00000000
00001000
00000000
00000000
00000000
00000000
,
01000000
00010000
01000000
00100000
,
10000000
00000000
00010000
00000000
,
00100000
01000000
00100000
00010000
,
01000000
00000000
00001000
00010000
,
00001000
00000000
00011000
00000000
,
01000000
00000000
00010000
00000000
,
00100000
00000000
00000000
00100000
00000000
00000000
00000000
00000000
,
10010000
00000000
00000000
10010000
00000000
00000000
00000000
00000000
,
02200000
00000000
00000000
03300000
,
20020000
00000000
00000000
30030000
,
10000000
01000000
00100000
00001000
,
00010000
00000000
00000000
00011000
00000000
00000000
00010000
00000000
,
00002200
00000000
00000000
00003300
,
00000220
00000000
00000000
00000330
,
00000001
00001000
00000100
00000000
,
00000010
00000000
00000100
00000000
00001000
00000001
00001000
00000000
,
00000001
00000100
00000010
00000000
,
00000100
00000001
00001000
00000100
,
00000010
00000100
00001000
00000000
,
00000010
00010000
00001000
00100000
,
00010000
00000000
01000000
00000000
,
00100000
01000000
00010000
10000000
,
01000000
00000000
00000000
01000000
00000000
00000000
00000000
00000000
,
00100000
00000000
00000000
00100000
00000000
00000000
00010000
00000000
,
10000000
00100000
01000000
00010000
,
00100000
01000000
00100000
00001000
,
00010000
00000000
00001000
00010000
00001000
00000000
00010000
00000000
,
00000100
00000000
00001000
00000100
00001000
00000000
00000010
00000000
,
00000100
00000001
00000010
00000011
,
00000100
00001000
00000010
00000110
,
00000001
00000100
00000010
00001001
,
00000100
00010000
00001000
00011000
,
00202000
00000000
00000000
00000000
,
00303000
00000000
00000000
00000000
;

//---------------dance-double - ----------------
#NOTES:
     dance-double:
     :
     Medium:
     5:
     0.301,0.306,0.054,0.232,0.009,204.000,6.000,26.000,0.000,0.000:
00000000
00000000
00000000
00000000
,
00000000
00000000
00000000
00000000
,
00000000
00000000
00000000
00000000
,
00000000
00000000
00000000
00000000
,
00000100
00000000
00001000
00000000
00000010
00001000
00000010
00000000
,
00000100
00000000
00000001
00000000
00001000
00000100
00001000
00000000
,
00000010
00000000
00010000
00000000
00001000
00010000
00001000
00000000
,
00100000
00000000
00010000
00000000
01000000
00010000
01000000
00000000
,
00200000
00000000
00000000
02300000
00000000
00000000
03100000
00000000
,
20000000
00000000
00000000
30020000
00000000
00000000
00130000
00000000
,
00002000
00000000
00000000
00023000
00000000
00000000
00030010
00000000
,
00002000
00000000
00000000
00003002
00000000
00000000
00000003
00000000
,
00001000
00000010
00000100
00000001
,
00001000
00000100
00001000
00000000
00000001
00000010
00000001
00000000
,
00000100
00000000
00000010
00000000
00001000
00000000
00000100
00010000
,
00000000
00001000
00000000
00100000
00000000
00001000
00010000
00000000
,
00001000
00000000
00000000
00011000
00000000
00000000
00001000
01000000
,
00000000
00000000
00001000
00010000
00000000
00000000
00001000
00100000
,
00020000
00000000
00000000
20030000
00000000
00000000
30000000
00000000
,
02000000
00000000
00000000
03200000
00000000
00000000
00300000
00000000
,
00001000
00000000
00000000
00011000
00000000
00000000
00010000
00000100
,
00000000
00000000
00010000
00001000
00000000
00000000
00010000
00000010
,
00002000
00000000
00000000
00003002
00000000
00000000
00000003
00000000
,
00000200
00000000
00000000
00000320
00000000
00000000
00000030
00000000
,
00000100
00000001
00000100
00000010
,
00001000
00000000
00000100
00000000
00000010
00000100
00001000
00000000
,
00000010
00000000
00010000
00000000
00001000
00000000
00010000
00001000
,
00000000
00100000
00000000
00001000
00000000
00010000
00001000
00000000
,
00100000
00000000
00000000
10010000
00000000
00000000
10000000
00100000
,
00000000
00000000
10000000
00010000
00000000
00000000
10000000
01000000
,
00200000
00000000
00000000
00302000
00000000
00000000
00003000
00000000
,
00020000
00000000
00000000
00030200
00000000
00000000
00000300
00000000
,
00001000
00000100
00000010
00000001
,
00001000
00000010
00000100
00000000
,
00000010
00001000
00000100
00010000
,
00001000
00000000
00000000
00011000
00000000
00000000
00001000
00000000
,
01000000
00010000
00100000
01000000
,
10000000
01000000
00100000
00000000
,
00010000
01000000
00001000
00000000
,
00010000
00000000
00000100
00000000
00001000
00000010
00000100
00000000
,
00000010
00000100
00000001
00001000
,
00000100
00000010
00000000
00000001
00000000
00001000
00000000
00000001
,
00000100
00000000
00000010
00001000
00000010
00000000
00010000
00000000
,
00001000
00010000
00000000
00001000
00000000
01000000
00010000
01000000
,
00100000
00000000
00000000
00000000
10000000
00000000
01000000
00100000
,
00010000
00000000
10000000
00000000
00100000
01000000
00000000
00000000
,
00200000
00000000
00000000
02300000
00000000
00000000
03001000
00000000
,
00020000
00000000
00000000
00032000
00000000
00000000
00013000
00000000
,
00000100
00000000
00001000
00000000
00000010
00000000
00000100
00000001
,
00000100
00000000
00000010
00000000
00001000
00000100
00000000
00000000
,
00000000
00000000
00010000
00000000
00000000
00001000
00000000
00000000
00010000
00000000
00000000
00000000
00000000
00000000
00000000
00000000
,
00000000
00000000
00001000
00000000
00000000
00010000
00000000
00000000
00001000
00000000
00000000
00000000
00101000
00000000
00000000
00000000
,
00100000
00000000
00010000
00000000
10000000
01000000
10000000
00000000
,
00100000
00000000
01000000
00000000
00010000
00100000
00010000
00000000
,
01000000
00000000
00001000
00000000
00010000
00001000
00010000
00000000
,
00000100
00000000
00001000
00000000
00000010
00000100
00000010
00000000
,
00002002
00000000
00000000
00000000
,
00003003
00000000
00000000
00000000
;

//---------------dance-single - ----------------
#NOTES:
     dance-single:
     :
     Hard:
     7:
     0.405,0.407,0.134,0.197,0.112,280.000,15.000,22.000,0.000,0.000:
0000
0000
0000
0000
,
0000
0000
0000
0000
,
0000
0000
0000
0000
,
0000
0000
0000
0000
,
0001
0000
0000
0000
0100
0000
0000
0001
0100
0000
0010
0000
0010
0000
0000
0000
,
1000
0000
0000
0000
0100
0000
0000
1000
0100
0000
1000
0000
0001
0000
0000
0000
,
1000
0000
0000
0000
0010
0000
0000
1000
0010
0000
0100
0000
0100
0000
0000
0000
,
0001
0000
0000
0000
0010
0000
0000
0001
0010
0000
0001
0000
1000
0000
0000
0000
,
1020
0000
0000
0230
0000
0000
0301
0000
,
0021
0000
0000
0230
0000
0000
1300
0000
,
2001
0000
0000
3200
0000
0000
0310
0000
,
0110
0000
0000
0000
0000
0000
1001
0000
0000
0000
0000
0000
1000
0100
1000
0100
,
1000
0001
0100
0010
1000
0100
0010
0001
,
1000
0100
0000
0100
1000
0001
0100
0000
,
1001
0000
0100
0000
0010
1000
0100
0010
,
0001
1000
0000
0010
0000
0100
0001
1000
,
0100
0000
0000
0000
0000
0000
1001
0000
0000
0000
0000
0000
0001
0100
0001
0000
,
0000
0000
0000
0000
1000
0010
1000
0000
0000
0000
0000
0000
0001
1000
0001
0000
,
0200
0000
0000
0320
0000
0000
1030
0000
,
0001
0010
0001
0100
0000
0010
1000
0001
,
0010
0000
0000
0000
0000
0000
1001
0000
0000
0000
0000
0000
1000
0100
1000
0000
,
0000
0000
0000
0000
0001
0100
0001
0000
0000
0000
0000
0000
1000
0001
1000
0000
,
0200
0000
0000
0320
0000
0000
0031
0000
,
2000
0000
0000
0002
0000
0000
3003
0000
,
0001
0100
1000
0000
1000
0100
0001
0000
,
0010
0000
0100
0000
0010
0001
0100
0000
,
0001
0010
1000
0000
1000
0010
0001
0000
,
0100
0000
0010
0000
1000
0001
0010
0100
,
0010
0000
0000
0000
0000
0000
1001
0000
0000
0000
0000
0000
0001
0010
0001
0000
,
0000
0000
0000
0000
1000
0010
1000
0000
0000
0000
0000
0000
0001
1000
0001
0000
,
0020
0000
0000
0230
0000
0000
1300
0000
,
0002
0000
0000
2000
0000
0000
3003
0000
,
0001
0000
0000
0000
0100
0000
0000
0100
0010
0000
0010
0000
1000
0000
0000
0000
,
0001
0100
0010
0000
0010
1000
0100
0000
,
0100
0010
0001
0010
0100
1000
0010
0100
,
0001
0000
0000
2001
0000
0000
3100
0000
,
1000
0000
0000
0000
0010
0000
0000
0010
0100
0000
0100
0000
0001
0000
0000
0000
,
0010
0001
0100
0010
1000
0000
0001
0000
,
0010
0001
0010
0100
1000
0000
0010
0000
,
1000
0010
1000
0001
0100
0010
0010
0000
,
0110
0000
0010
1000
0001
0000
0010
0000
,
0100
1000
0000
0010
0000
1001
0000
0001
,
0010
0000
0100
0010
0001
0000
1000
0000
,
0010
0100
0001
0010
0100
1000
0001
0100
,
0010
1000
0001
0100
,
0001
0010
0100
0000
0010
0100
1000
0000
,
0102
0000
0000
2003
0000
0000
3010
0000
,
0100
0001
0100
0010
0000
1000
0100
0010
,
0001
0100
0000
0010
0000
1001
0000
0100
,
0001
0000
0010
0000
0100
1000
0000
0100
,
0020
0000
0100
0000
0000
0100
0000
0000
0130
0000
0000
0000
1000
0000
0000
0000
,
0020
0000
0100
0000
0000
0100
0000
0000
0130
0000
0000
0000
1001
0000
0000
0000
,
0001
0000
0000
0000
0010
0000
0000
0001
0010
0000
0100
0000
0100
0000
0000
0000
,
1000
0000
0000
0000
0010
0000
0000
1000
0010
0000
1000
0000
0001
0000
0000
0000
,
1000
0000
0000
0000
0100
0000
0000
1000
0100
0000
0010
0000
0010
0000
0000
0000
,
0001
0000
0000
0000
0100
0000
0000
0001
0100
0000
0001
0000
1000
0001
1000
0001
,
0200
0000
0000
0000
,
0300
0000
0000
0000
;

//---------------dance-double - ----------------
#NOTES:
     dance-double:
     :
     Hard:
     7:
     0.443,0.458,0.125,0.268,0.130,303.000,14.000,30.000,0.000,0.000:
00000000
00000000
00000000
00000000
,
00000000
00000000
00000000
00000000
,
00000000
00000000
00000000
00000000
,
00000000
00000000
00000000
00000000
,
00000001
00000000
00000000
00000000
00000100
00000000
00000000
00000100
00000010
00000000
00001000
00000000
00000010
00000000
00000000
00000000
,
00001000
00000000
00000000
00000000
00000100
00000000
00000000
00000100
00000010
00000000
00000001
00000000
00001000
00000000
00000000
00000000
,
00000100
00000000
00000000
00000000
00010000
00000000
00000000
00010000
00001000
00000000
01000000
00000000
00100000
00000000
00000000
00000000
,
01000000
00000000
00000000
00000000
00010000
00000000
00000000
00010000
10000000
00000000
00100000
00000000
10000000
00000000
00000000
00000000
,
10020000
00000000
00000000
02030000
00000000
00000000
03100000
00000000
,
20100000
00000000
00000000
30020000
00000000
00000000
00130000
00000000
,
00210000
00000000
00000000
02300000
00000000
00000000
03100000
00000000
,
00002000
00000000
00000000
00000000
00000000
00000000
00023000
00000000
00000000
00000000
00000000
00000000
00031000
00010000
00001000
00010000
,
00000100
00001000
00000010
00000100
00000001
00001000
00000100
00000010
,
00000001
00000000
00000100
00000000
00000000
00000000
00000010
00001000
00000001
00000000
00000010
00000000
00000100
00001000
00000001
00000000
,
00000100
00000010
00010000
00001000
01000000
00100000
10000000
00010000
,
00100000
01000000
00100000
00010000
00000000
00010000
10000000
00100000
,
01000000
00000000
00000000
00000000
00000000
00000000
00011000
00000000
00000000
00000000
00000000
00000000
00010000
00001000
00020000
00000000
,
00000000
00000000
00000000
00000000
00030100
00001000
00000200
00000000
00000000
00000000
00000000
00000000
00010300
00001000
00010000
00000000
,
00002000
00000000
00000000
00203000
00000000
00000000
00310000
00000000
,
01000000
00100000
10000000
00010000
00000000
00100000
01000000
10000000
,
00010000
00000000
00000000
00000000
00000000
00000000
00011000
00000000
00000000
00000000
00000000
00000000
00001000
00010000
00002000
00000000
,
00000000
00000000
00000000
00000000
00103000
00010000
00200000
00000000
00000000
00000000
00000000
00000000
00301000
00010000
00001000
00000000
,
00020000
00000000
00000000
00030200
00000000
00000000
00001300
00000000
,
00000020
00000000
00000000
00000230
00000000
00000000
00000301
00000000
,
00001000
00000010
00000100
00000001
00000010
00000100
00001000
00000010
,
00010000
00000000
00001000
00000000
01000000
00000000
00100000
01000000
00100000
00000000
01000000
00000000
00010000
00000000
00000000
00000000
,
00100000
00010000
01000000
00100000
10000000
00010000
00100000
00001000
,
00010000
00000010
00000100
00000001
00000000
00001000
00000001
00000010
,
00000100
00000000
00000000
00000000
00000000
00000000
00011000
00000000
00000000
00000000
00000000
00000000
00010000
00001000
00020000
00000000
,
00000000
00000000
00000000
00000000
00030010
00001000
00000020
00000000
00000000
00000000
00000000
00000000
00010030
00001000
00010000
00000000
,
00002000
00000000
00000000
00203000
00000000
00000000
00310000
00000000
,
20000000
00000000
00000000
00020000
00000000
00000000
30030000
00000000
,
10000000
00000000
00000000
00000000
01000000
00000000
00000000
01000000
00100000
00000000
00010000
00000000
10000000
00000000
00000000
00000000
,
00010000
00100000
01000000
10000000
01000000
10010000
10010000
00000000
,
01000000
00100000
00010000
00100000
00001000
00010000
00000100
00001000
,
00000010
00000000
00000000
00002001
00000000
00000000
00003010
00000000
,
00001000
00000000
00000000
00000000
00000010
00000000
00000000
00000010
00000100
00000000
00000001
00000000
00001000
00000000
00000000
00000000
,
00000001
00000100
00000010
00001000
00000010
00001001
00001001
00000000
,
00000001
00000100
00000010
00001000
00000010
00000000
00000010
00000000
,
00000010
00001000
00000100
00010000
00001000
01000000
01000000
00000000
,
00100000
10000000
01000000
00100000
00010000
01000000
00100000
10000000
,
00010000
00100000
00000000
00001000
00000000
00011000
00000000
00001000
,
01000000
00100000
10000000
00010000
00100000
00001000
00010000
00000100
,
00001000
00000010
00000000
00000100
00000000
00000001
00000100
00000010
,
00001000
00000000
00000000
00000000
00000001
00000000
00000000
00000010
00000100
00000000
00000010
00000000
00000001
00000000
00001000
00000000
,
00000010
00000000
00000100
00000000
00000010
00001000
00000000
00001000
,
00000200
00000000
00000000
00020300
00000000
00000000
00031000
00000000
,
00100000
00010000
01000000
00100000
00000000
10000000
00010000
01000000
,
00100000
10000000
00000000
00010000
00000000
01100000
00000000
10000000
,
00100000
00000000
01000000
00000000
00010000
00100000
00000000
00100000
,
00002000
00000000
00010000
00000000
00000000
00010000
00000000
00000000
00013000
00000000
00000000
00000000
00000100
00000000
00000000
00000000
,
00020000
00000000
00001000
00000000
00000000
00001000
00000000
00000000
00031000
00000000
00000000
00000000
01010000
00000000
00000000
00000000
,
10000000
00000000
00000000
00000000
00100000
00000000
00000000
00100000
01000000
00000000
00010000
00000000
01000000
00000000
00000000
00000000
,
00010000
00000000
00000000
00000000
00100000
00000000
00000000
00100000
01000000
00000000
10000000
00000000
00010000
00000000
00000000
00000000
,
00100000
00000000
00000000
00000000
00001000
00000000
00000000
00001000
00010000
00000000
00000010
00000000
00000100
00000000
00000000
00000000
,
00000010
00000000
00000000
00000000
00001000
00000000
00000000
00001000
00000001
00000000
00000100
00000000
00000001
00001000
00000001
00001000
,
00000200
00000000
00000000
00000000
,
00000300
00000000
00000000
00000000
;
