#TITLE:DREAM A DREAM;
#SUBTITLE:;
#ARTIST:CAPTAIN JACK;
#TITLETRANSLIT:;
#SUBTITLETRANSLIT:;
#ARTISTTRANSLIT:;
#CREDIT:;
#BANNER:DREAM A DREAM.png;
#BACKGROUND:DREAM A DREAM-bg.png;
#LYRICSPATH:;
#CDTITLE:./CDTITLES/DANCE MANIA 12.PNG;
#MUSIC:DREAM A DREAM.mp3;
#OFFSET:-1.955;
#SAMPLESTART:63.120;
#SAMPLELENGTH:12.000;
#SELECTABLE:YES;
#BPMS:0.000=141.000;
#STOPS:;
#BGCHANGES:;
// cache tags:
#FIRSTBEAT:16.000;
#LASTBEAT:188.000;
#SONGFILENAME:Songs/Dance/DREAM A DREAM/DREAM A DREAM.sm;
#HASMUSIC:1;
#HASBANNER:1;
#MUSICLENGTH:85.765;
// end cache tags

//---------------dance-single - ----------------
#NOTES:
     dance-single:
     :
     Easy:
     4:
     0.248,0.247,0.105,0.000,0.000,140.000,9.000,0.000,0.000,0.000:
0000
0000
0000
0000
,
0000
0000
0000
0000
,
0000
0000
0000
0000
,
0000
0000
0000
0000
,
1000
0000
0001
0000
,
1000
0100
0010
0000
,
0001
0100
0010
0000
,
1000
1000
1000
0000
,
0001
0000
0100
0000
,
0010
0000
1000
0000
,
1000
0100
0010
0001
,
1001
0000
0000
0000
,
0010
0010
0100
0100
,
0001
0001
1000
1000
,
0010
0100
0001
1000
,
0100
0100
0100
0000
,
0010
0010
0001
0001
,
1000
1000
0100
0100
,
0010
0001
0100
0010
,
1000
1000
1000
0000
,
1001
0000
0010
0100
,
0001
0100
1000
0100
,
0001
0010
0100
0100
,
1000
1000
1000
0000
,
1001
0000
0100
0010
,
0001
1000
0100
0010
,
0001
0001
0100
0100
,
0010
1001
0100
0000
,
0010
0001
0010
0001
,
1000
0100
1000
0100
,
0010
0001
1000
0100
,
0010
0001
0001
0000
,
1000
0010
1000
0010
,
0100
0001
0100
0001
,
1000
0100
0010
0001
,
1000
0100
0100
0000
,
1001
0000
0110
0000
,
1000
0100
0100
0000
,
0010
0001
1000
1000
,
0010
0100
0100
0000
,
1001
0000
0110
0000
,
0001
0010
0100
0000
,
1000
0010
0100
0000
,
0001
0001
0001
0000
,
1000
0000
0100
0000
,
0010
0000
0001
0000
,
0001
0100
0010
1000
,
1001
0000
0000
0000
;

//---------------dance-single - ----------------
#NOTES:
     dance-single:
     :
     Medium:
     6:
     0.338,0.356,0.187,0.000,0.000,187.000,16.000,0.000,0.000,0.000:
0000
0000
0000
0000
,
0000
0000
0000
0000
,
0000
0000
0000
0000
,
0000
0000
0000
0000
,
1000
0000
1000
0000
0001
0100
0001
0000
,
1000
0000
1000
0000
0001
0010
0001
0000
,
1000
0100
1000
0000
0001
0100
0001
0000
,
1000
0010
1000
0010
0000
0000
0000
0000
,
1000
0100
0010
0001
,
1000
0010
1000
0100
,
0000
0010
0100
0010
0100
0000
1001
0000
,
0110
0000
0000
0000
,
1000
0001
0100
0010
0000
0000
0000
0000
,
1001
0000
0110
0000
,
1000
0001
0100
0010
0000
0000
0000
0000
,
1000
0001
0100
0000
,
0010
1000
0100
0010
0000
0000
0000
0000
,
1001
0000
0110
0000
,
0001
0010
0100
1000
0000
0000
0000
0000
,
1001
0000
0110
0000
,
1000
0000
0000
0000
0001
0100
0001
0000
,
1000
0000
0000
0000
0001
0100
0001
0000
,
1000
0000
0000
0000
0001
0100
0001
0000
,
1000
0000
0000
0000
0001
0100
0001
0000
,
0010
0000
0000
0000
0100
1000
0001
0000
,
0100
0000
0000
0000
0001
1000
0100
0000
,
0010
0000
0000
0000
0001
0100
0001
0000
,
1000
0000
0000
0000
0100
1000
0001
0000
,
1000
0100
1000
0000
0001
0010
0001
0000
,
1000
0010
1000
0000
0001
0100
0001
0000
,
1000
0100
1000
0000
0001
0100
0001
0000
,
0110
1001
0110
0000
,
1000
0100
1000
0000
0001
0010
0001
0000
,
1000
0010
1000
0000
0001
0100
0001
0000
,
1000
0100
1000
0000
0001
0100
0001
0000
,
0110
1001
0110
0000
,
1000
0000
1000
0000
0001
0100
0001
0000
,
1000
0000
1000
0000
0001
0010
0001
0000
,
1000
0100
1000
0000
0001
0100
0001
0000
,
1000
0010
1000
0010
0000
0000
0000
0000
,
0001
0000
0001
0000
1000
0100
1000
0000
,
0001
0000
0001
0000
1000
0010
1000
0000
,
0001
0100
0001
0000
1000
0100
1000
0000
,
0001
0010
0001
0010
0000
0000
0000
0000
,
1000
0100
0010
0001
,
1000
0010
1000
0100
,
0000
0010
0100
0010
0100
0000
1001
0000
,
0110
0000
0000
0000
;

//---------------dance-single - ----------------
#NOTES:
     dance-single:
     :
     Hard:
     7:
     0.431,0.411,0.093,0.000,0.000,251.000,8.000,0.000,0.000,0.000:
0000
0000
0000
0000
,
0000
0000
0000
0000
,
0000
0000
0000
0000
,
0000
0000
0000
0000
,
0100
0000
0010
0000
0100
0000
1000
0001
,
1000
0100
1000
0010
1000
0000
0001
0010
,
0001
0100
0001
0100
0001
0000
1000
0100
,
0010
0001
0010
0001
0000
0000
0000
0000
,
0100
0010
1000
0010
0000
1000
1000
1000
,
0000
0001
1000
0001
,
0000
0010
0100
1000
0001
0100
0010
1000
,
0001
0000
0000
0000
,
1001
0000
1100
0000
0001
0100
0001
0000
,
0010
0100
0010
0000
0001
1000
0100
0000
,
1001
0000
0101
0000
1000
0100
1000
0000
,
0010
0100
0001
0010
0100
0000
0000
0000
,
1001
0000
1100
0000
0001
0100
0001
0000
,
0010
0100
0010
0000
0001
1000
0100
0000
,
1001
0000
0101
0000
1000
0100
1000
0000
,
0010
0100
0001
0010
0100
0000
0000
0000
,
1000
0100
1000
0100
1000
0001
1000
0000
,
0010
1000
0010
0000
0100
0001
0100
0000
,
0010
0100
0010
0100
0010
0100
0001
1000
,
0001
1000
0100
1000
1000
0000
0000
0000
,
1000
0100
1000
0100
1000
0001
1000
0000
,
0010
1000
0010
0000
0100
0001
0100
0000
,
0010
0100
0010
0100
0010
0100
0001
1000
,
0001
1000
0100
1000
1000
0000
0000
0000
,
1000
0100
1000
0001
0001
0100
0001
0000
,
1000
0100
0010
0000
0001
0100
0010
0000
,
1000
0001
0100
0010
1000
0010
1000
0010
,
1000
0001
1000
0001
0001
0000
0000
0000
,
1000
0100
1000
0001
0001
0100
0001
0000
,
1000
0100
0010
0000
0001
0100
0010
0000
,
1000
0001
0100
0010
1000
0010
1000
0010
,
1000
0001
1000
0001
0001
0000
0000
0000
,
1000
0000
0100
0000
1000
0000
0001
0010
,
0001
0100
0001
0100
0001
0000
0100
0001
,
1000
0100
1000
0100
1000
0000
0100
1000
,
0001
0010
0001
0010
0000
0000
0000
0000
,
0100
0000
0100
0000
0100
0000
1000
0001
,
1000
0100
1000
0010
1000
0000
0001
0010
,
0001
0100
0001
0100
0001
0000
1000
0100
,
0010
0001
0010
0001
0000
0000
0000
0000
,
0100
0010
1000
0010
0000
1000
1000
1000
,
0000
0001
1000
0001
,
0000
0010
0100
1000
0001
0100
0010
1000
,
0001
0000
0000
0000
;

//---------------dance-double - ----------------
#NOTES:
     dance-double:
     :
     Easy:
     4:
     0.270,0.301,0.152,0.000,0.000,149.000,13.000,0.000,0.000,0.000:
00000000
00000000
00000000
00000000
,
00000000
00000000
00000000
00000000
,
00000000
00000000
00000000
00000000
,
00000000
00000000
00000000
00000000
,
00100000
00000000
00000000
00000000
,
01000000
00100000
00001000
00000000
,
00010000
00000100
00000010
00000000
,
00000001
00001000
00000001
00000000
,
00000010
00000000
00000100
00000000
,
00010000
00000000
00001000
00000000
,
00100000
01000000
10000000
00010000
,
01100000
00000000
00000000
00000000
,
10000000
10000000
01000000
00100000
,
00001000
00000100
00010000
01000000
,
10000000
10000000
00100000
01000000
,
00001000
00010000
00000100
00000000
,
00000010
00000010
00000001
00000100
,
00001000
00100000
01000000
10000000
,
00010000
00010000
01000000
00001000
,
00010000
00000100
00000010
00000000
,
00001001
00000100
00010000
00010000
,
00001000
00100000
01000000
10000000
,
10010000
00100000
00001000
00001000
,
00010000
00000100
00000010
00000000
,
00001001
00000100
00010000
00010000
,
00001000
00100000
01000000
10000000
,
10010000
01000000
00001000
00001000
,
00010000
00000010
00000100
00001001
,
00000100
00010000
00000100
00000010
,
00000001
00001000
00000100
00010000
,
00001000
00100000
01000000
10000000
,
00010000
01000000
01000000
00000000
,
00001000
00010000
00000100
00000010
,
00000001
00000100
00001000
00000100
,
00010000
00001000
00100000
01000000
,
10010000
01100000
01100000
00000000
,
10000000
01000000
00100000
00010000
,
01000000
00001000
00001000
00010000
,
00000100
00000010
00000010
00000001
,
00001000
00000100
00010000
00000000
,
00001000
00100000
00100000
00010000
,
10000000
01000000
01000000
00100000
,
00001000
00010000
00000100
00000010
,
00000001
00001000
00001000
00000000
,
00000100
00010000
00000000
00011000
,
00000000
10010000
00000000
01100000
,
00000000
00010000
00100000
00001000
,
00011000
00000000
00000000
00000000
;

//---------------dance-double - ----------------
#NOTES:
     dance-double:
     :
     Medium:
     6:
     0.353,0.356,0.408,0.000,0.000,177.000,35.000,0.000,0.000,0.000:
00000000
00000000
00000000
00000000
,
00000000
00000000
00000000
00000000
,
00000000
00000000
00000000
00000000
,
00000000
00000000
00000000
00000000
,
10000000
00000000
00010000
00100000
00001000
00000000
00010000
00000000
,
00000100
00000000
00000010
00000001
00000100
00000000
00000010
00000000
,
00001000
00000000
00000100
00010000
00001000
00000000
00100000
00000000
,
00010000
10000000
01000000
00100000
,
00010000
00010000
01000000
01000000
,
00001000
00010000
00000100
00000010
,
00001001
00000000
00000000
00000000
,
00011000
00000000
00000000
00000000
,
00100000
01000000
10000000
00000000
00010000
00000000
00010000
00000000
,
01000000
00001000
00010000
00000000
00000100
00000010
00000001
00000000
,
00001000
00000000
00001000
00000000
00000100
00010000
00001000
00000000
,
00110000
10010000
11000000
00000000
,
00100000
00010000
01000000
00000000
00001000
00000000
00001000
00000000
,
00010000
00000100
00001000
00000000
00000001
00000100
00000010
00000000
,
00010000
00000000
00010000
00000000
00001000
00100000
00010000
00000000
,
11000000
01010000
00011000
00000000
,
00001001
00000000
00000100
00001000
00000100
00000000
00000000
00000000
,
00000000
00000000
00011000
00000000
00100000
00010000
00100000
00000000
,
00000000
00000000
11000000
00000000
00100000
00010000
00100000
00000000
,
00011000
00001010
00000101
00000000
,
00001100
00000000
00000000
00000000
00010000
00001000
00010000
00000000
,
00000000
00000000
00110000
00000000
10000000
00100000
01000000
00000000
,
00000000
00000000
00011000
00000000
00000100
00000010
00000001
00000000
,
00000101
00001100
00011000
00000000
,
00100000
00010000
10000000
01100000
,
00001000
00010000
00000100
00001001
,
00000100
00000010
00001000
00000000
00000100
00000000
00011000
00000000
,
00100000
01000000
10000000
00000000
,
00100000
01000000
00010000
00011000
,
00000100
00000010
00000001
00001100
,
00010000
00001000
00100000
00000000
00010000
00000000
01001000
00000000
,
00010000
00000000
00000100
00000010
00000001
00000000
00000000
00000000
,
00001000
00000000
00000100
00000000
00010000
00001000
00100000
00000000
,
01000000
10000000
00010000
01000000
,
00001000
00010000
00000100
00000000
00001000
00000000
00000001
00000000
,
00000110
00001100
00010010
00000000
,
00001000
00000000
01000000
00000000
00100000
00000000
10000000
01000000
,
00100000
00000000
00010000
00000000
01000000
00000000
00001000
00010000
,
00000100
00000010
00000001
00001000
,
00010100
00101000
10010000
00000000
,
01000000
00000000
00100000
00000000
00001000
00000000
00010000
00000100
,
00000000
00001001
00000000
00000110
,
00000001
00000000
00000100
00000000
00000010
00010000
00001000
00000000
,
10010000
00000000
00000000
00000000
;

//---------------dance-double - ----------------
#NOTES:
     dance-double:
     :
     Hard:
     7:
     0.390,0.438,0.326,0.000,0.000,206.000,28.000,0.000,0.000,0.000:
00000000
00000000
00000000
00000000
,
00000000
00000000
00000000
00000000
,
00000000
00000000
00000000
00000000
,
00000000
00000000
00000000
00000000
,
10000000
00000000
00010000
00000000
01000000
00000000
00001000
00001000
,
00001000
00000000
00000000
00000000
00000000
00000000
00010000
00010000
,
00010000
00000000
00000000
00000000
00000000
00000000
00000100
00000100
,
00000100
00000000
00000000
00000000
,
00000010
00000000
00001001
00000000
,
00000100
00000000
00011000
00000000
,
00100000
01000000
10000000
00010000
,
00000000
00000000
00000000
00000000
,
00011000
00000000
00000000
00000000
00000010
00000100
00000001
00000000
,
00001000
00000000
00000100
00000000
00010000
00001000
00100000
00000000
,
10010000
01100000
10010000
01100000
,
10000000
01000000
00100000
00010000
01000000
00000000
00011000
00000000
,
00000100
00000010
00000001
00001000
00000100
00010000
00001000
00000000
,
00100000
00010000
10000000
00000000
00001000
00010000
00001000
00000000
,
01000000
00100000
10000000
01000000
00100000
00010000
01000000
00000000
,
00010010
00001001
00000110
00000000
,
00001000
00000001
00000000
00000100
00000010
00010000
00010000
00000000
,
00001000
10000000
00000000
01000000
00100000
00001000
00001000
00000000
,
00010000
00000100
00000000
00000010
00000001
00001000
00001000
00000000
,
00011000
10010000
11000000
00000000
,
00100000
00010000
00000000
01000000
00001000
00010000
00010000
00000000
,
00000100
00000010
00000000
00000001
00001000
00000100
00000100
00000000
,
00010000
00001000
00000000
10010000
00000000
01100000
00000000
10010000
,
00000000
01100000
00000000
01100000
00000000
01100000
00000000
00000000
,
10000000
01000000
00100000
00010000
01000000
00000000
00000000
00000000
,
00001000
00010000
00000100
00000010
00000001
00000000
00000000
00000000
,
00001000
00000100
00010000
00001000
00100000
00010000
10000000
00000000
,
00100000
00100000
00100000
00100000
00000000
00000000
10010000
00000000
,
00100000
00001000
00010000
00000100
00000000
00000100
00000100
00000000
,
00000010
00000001
00001000
00000100
00000000
00000100
00000100
00000000
,
00010000
00001000
00100000
00010000
10000000
01000000
00100000
00000000
,
10010000
01100000
10010000
00000000
,
01000000
01000000
00001000
00001000
00010000
00000000
00000000
00000000
,
00000100
00000100
00000010
00000010
00000001
00000000
00000000
00000000
,
00001000
00000100
00010000
00000000
00001000
01000000
00010000
00000000
,
00100000
01000000
10000000
00010000
00000000
00000000
00000000
00000000
,
01000000
01000000
00010000
00010000
00100000
00000000
00000000
00000000
,
00001000
00001000
00010000
00010000
00000100
00000000
00000000
00000000
,
00000010
00000001
00000100
00000010
00001000
00000100
00010000
00000000
,
00101000
10010000
01001000
00000000
,
00010000
00000100
00000010
00000001
00000000
00000100
00000100
00000100
,
00000000
00000000
00001100
00000000
00010000
00001000
00010000
00000000
,
00000000
00000010
00001000
00000100
00010000
00001000
01000000
00100000
,
10000000
00000000
00000000
00000000
;

//---------------dance-couple - ----------------
#NOTES:
     dance-couple:
     :
     Medium:
     4:
     0.380,0.493,0.466,0.000,0.000,180.000,40.000,0.000,0.000,6.000:
00000000
00000000
00000000
00000000
,
00000000
00000000
00000000
00000000
,
00000000
00000000
00000000
00000000
,
00000000
00000000
00000000
00000000
,
10000000
00000000
00010000
00000000
,
10000000
01000000
00100000
00000000
,
00010000
01000000
00100000
00000000
,
10000000
10000000
10000000
00000000
,
00001000
00000100
00000010
00000000
,
00000001
00000000
00001000
00000000
,
00000001
00000100
00000010
00000000
,
00001000
00001000
00001000
00000000
,
10010001
00000000
11000000
00000000
00010000
01000000
00010000
00000000
,
00100001
01000000
00100000
00000000
00010000
10000000
01000000
00000000
,
10010001
00000000
01010000
00000000
10000000
01000000
10000000
00000000
,
00100001
01000000
00010000
00100000
01000000
00000000
00000000
00000000
,
10001001
00000000
00001100
00000000
00000001
00000100
00000001
00000000
,
10000010
00000100
00000010
00000000
00000001
00001000
00000100
00000000
,
10001001
00000000
00000101
00000000
00001000
00000100
00001000
00000000
,
10000010
00000100
00000001
00000010
00000100
00000000
00000000
00000000
,
10000000
00000000
00000000
00000000
00010000
01000000
00010000
00000000
,
00001000
00000000
00000000
00000000
00000001
00000100
00000001
00000000
,
10000000
00000000
00000000
00000000
00010000
01000000
00010000
00000000
,
00001000
00000000
00000000
00000000
00000001
00000100
00000001
00000000
,
00100000
00000000
00000000
00000000
01000000
10000000
00010000
00000000
,
00000010
00000000
00000000
00000000
00000100
00001000
00000001
00000000
,
01000000
00000000
00000000
00000000
00010000
10000000
01000000
00000000
,
00000100
00000000
00000000
00000000
00000001
00001000
00000100
00000000
,
10000000
01000000
10000000
00000000
00001000
00000100
00001000
00000000
,
00010000
00100000
00010000
00000000
00000001
00000010
00000001
00000000
,
10000000
00100000
10000000
00000000
00001000
00000010
00001000
00000000
,
01100000
00001001
01100000
00000000
,
00001000
00000100
00001000
00000000
10000000
01000000
10000000
00000000
,
00000001
00000010
00000001
00000000
00010000
00100000
00010000
00000000
,
00001000
00000010
00001000
00000000
10000000
00100000
10000000
00000000
,
00000110
10010000
00000110
00000000
,
10010000
00000001
01100000
00000001
,
10000000
01000001
01000000
00000001
,
00100000
00010001
10000000
10000001
,
00100000
01000000
01000000
00000000
,
00001001
10000000
00000110
10000000
,
00001000
10000100
00000100
10000000
,
00000010
10000001
00001000
10001000
,
00000010
00000100
00000100
00000000
,
00011000
00100100
01000010
10000001
,
00000000
00100100
00000000
01000010
,
00000000
00100100
01000010
00100100
01000010
00000000
10011001
00000000
,
01100110
00000000
00000000
00000000
;

//---------------dance-solo - ----------------
#NOTES:
     dance-solo:
     :
     Easy:
     4:
     0.260,0.301,0.140,0.000,0.000,144.000,12.000,0.000,0.000,0.000:
000000
000000
000000
000000
,
000000
000000
000000
000000
,
000000
000000
000000
000000
,
000000
000000
000000
000000
,
000010
000000
001000
000000
,
000001
100000
001000
000000
,
000100
000001
100000
000000
,
001000
001000
001000
000000
,
010000
000000
000001
000000
,
000100
000010
010000
000000
,
001000
000100
000001
100000
,
001000
000000
000000
000000
,
000001
000001
100000
100000
,
000010
000100
000001
100000
,
000100
000100
001000
001000
,
000010
100000
000100
000000
,
010000
010000
000010
000010
,
100000
001000
000100
000001
,
001000
001000
000100
000100
,
100001
001100
100001
000000
,
001000
000000
000100
000001
,
100000
001000
010000
000001
,
001000
000000
000010
100000
,
001000
001000
001000
000000
,
100001
000000
001000
000100
,
100000
000000
001000
000000
,
100001
000000
000100
001000
,
010000
000010
000100
000000
,
001000
001000
100000
100000
,
000001
000001
001000
000010
,
100000
100000
001000
001000
,
000100
000001
010000
000010
,
100000
100000
001000
001000
,
000100
000001
010000
000010
,
001000
001000
000100
000100
,
100001
001100
100001
000000
,
010000
001000
000100
100001
,
000010
001000
000100
000000
,
100000
001000
000001
001000
,
000100
000100
000100
000000
,
100000
001000
010000
100001
,
001000
000010
100000
000000
,
000100
010000
001000
001000
,
000100
000001
100000
000000
,
100001
001000
000000
000100
,
000000
000001
010000
000010
,
000000
000100
001000
000100
,
100001
000000
000000
000000
;

//---------------dance-solo - ----------------
#NOTES:
     dance-solo:
     :
     Medium:
     5:
     0.346,0.356,0.117,0.000,0.000,198.000,10.000,0.000,0.000,0.000:
000000
000000
000000
000000
,
000000
000000
000000
000000
,
000000
000000
000000
000000
,
000000
000000
000000
000000
,
000001
000000
000001
000000
100000
001000
100000
000000
,
000001
000000
000001
000000
100000
000100
100000
000000
,
000001
001000
000001
000000
100000
001000
100000
000000
,
000001
000100
000001
000010
000000
000000
000000
000000
,
000100
001000
100000
000001
,
010000
001000
000100
000001
,
000000
100000
000100
001000
000010
000000
100001
000000
,
001100
000000
000000
000000
,
100000
000000
100000
000000
001000
010000
001000
000000
,
000100
000100
000001
000001
,
010000
000000
010000
000000
000010
000100
000010
000000
,
001000
000100
100000
000000
,
000001
000000
000001
000000
001000
000010
001000
000000
,
000100
000100
100000
100000
,
000010
000000
000010
000000
010000
000100
010000
000000
,
001000
000100
000001
000000
,
100000
000000
000000
000000
000001
001000
000010
000000
,
100000
000000
000000
000000
000001
001000
000010
000000
,
100000
000000
000000
000000
000001
001000
000010
000000
,
100000
000000
100000
000000
000001
001000
000010
000000
,
000100
000000
000000
000000
001000
100000
000010
000000
,
001000
000000
000000
000000
000001
100000
001000
000000
,
000100
000000
000000
000000
000001
001000
000010
000000
,
100000
000000
100000
000000
001000
010000
000001
000000
,
100000
001000
100000
000000
000001
000100
000001
000000
,
100000
000100
100000
000000
000001
001000
000001
000000
,
100000
001000
010000
000000
000001
001000
000010
000000
,
001100
100001
001100
000000
,
100000
001000
100000
000000
000001
000100
000001
000000
,
100000
000100
100000
000000
000001
001000
000001
000000
,
100000
001000
010000
000000
000001
001000
000010
000000
,
001100
100001
001100
000000
,
100000
000000
100000
000000
000001
001000
000001
000000
,
100000
000000
100000
000000
000001
000100
000001
000000
,
100000
001000
100000
000000
000001
001000
000001
000000
,
100000
000100
100000
010000
000000
000000
000000
000000
,
000001
000000
000001
000000
100000
001000
100000
000000
,
000001
000000
000001
000000
100000
000100
100000
000000
,
000001
001000
000001
000000
100000
001000
100000
000000
,
000001
000100
000001
000010
000000
000000
000000
000000
,
010000
000010
001000
000001
,
100000
000100
001000
000001
,
000000
000100
001000
010000
000001
000000
100010
000000
,
001100
000000
000000
000000
;

//---------------dance-solo - ----------------
#NOTES:
     dance-solo:
     :
     Hard:
     7:
     0.423,0.384,0.070,0.000,0.000,248.000,6.000,0.000,0.000,0.000:
000000
000000
000000
000000
,
000000
000000
000000
000000
,
000000
000000
000000
000000
,
000000
000000
000000
000000
,
001000
000000
001000
000000
001000
000000
010000
000001
,
100000
001000
100000
000100
100000
000000
000010
000100
,
000001
001000
000001
001000
000001
000000
100000
001000
,
000100
000001
000010
000001
000000
000000
000000
000000
,
000100
001000
010000
001000
000000
100000
100000
100000
,
000000
000001
000001
000001
,
000000
010000
001000
000100
000001
001000
000010
100000
,
000100
000000
000000
000000
,
010000
001000
000100
000001
010000
001000
001000
000000
,
000000
100001
000000
001100
,
010000
000001
100000
000100
001000
000001
100000
000010
,
000000
010100
000000
100001
,
001000
000100
000001
010000
000010
100000
001000
000000
,
000000
001001
000000
101000
,
000100
000001
010000
000010
100000
000100
001000
000001
,
000100
000010
000010
000000
,
100000
001000
100000
001000
010000
000001
010000
000000
,
000100
100000
000100
000000
001000
000001
001000
000000
,
000100
001000
000100
001000
000100
001000
000001
100000
,
000010
010000
001000
100000
100000
000000
000000
000000
,
100000
001000
100000
001000
010000
000001
010000
000000
,
000100
100000
000100
000000
001000
000001
001000
000000
,
000100
001000
000100
001000
000100
001000
000001
100000
,
000010
010000
001000
100000
100000
000000
000000
000000
,
100000
001000
100000
000001
000001
001000
000001
000000
,
100000
001000
000100
000000
000001
001000
000100
000000
,
100000
000001
001000
000100
100000
010000
100000
000100
,
100000
000010
100000
000001
000001
000000
000000
000000
,
100000
001000
100000
000001
000001
001000
000001
000000
,
100000
001000
000100
000000
000001
001000
000100
000000
,
100000
000001
001000
000100
100000
010000
100000
000100
,
100000
000010
100000
000001
000001
000000
000000
000000
,
010000
000000
010000
000000
010000
000000
000010
000100
,
000001
001000
000001
001000
000001
000000
001000
000010
,
100000
000100
100000
000100
100000
000000
001000
010000
,
000001
000100
000001
000100
000000
000000
000000
000000
,
001000
000000
001000
000000
001000
000000
010000
000001
,
100000
001000
100000
000100
100000
000000
000010
000100
,
000001
001000
000001
001000
000001
000000
100000
001000
,
000100
000001
000010
000001
000000
000000
000000
000000
,
000100
001000
010000
001000
000000
100000
100000
100000
,
000000
000001
000001
000001
,
000000
010000
001000
000100
000001
001000
000010
100000
,
000100
000000
000000
000000
;

//---------------dance-single - beginner----------------
#NOTES:
     dance-single:
     beginner:
     Beginner:
     1:
     0.168,0.192,0.105,0.000,0.000,92.000,9.000,0.000,0.000,0.000:
0000
0000
0000
0000
,
0000
0000
0000
0000
,
0000
0000
0000
0000
,
0000
0000
0000
0000
,
1000
0000
0001
0000
,
1000
0000
0010
0000
,
0001
0000
0010
0000
,
1000
1000
1000
0000
,
0001
0000
0100
0000
,
0010
0000
1000
0000
,
1000
0000
0010
0000
,
1001
0000
0000
0000
,
0010
0010
0000
0100
,
0000
0001
0000
1000
,
0000
0100
0000
1000
,
0000
0100
0100
0000
,
0010
0010
0000
0001
,
0000
1000
0000
0100
,
0000
0001
0000
0010
,
0000
1000
1000
0000
,
1001
0000
0010
0000
,
0001
0000
1000
0000
,
0001
0000
0100
0100
,
0000
1000
1000
0000
,
1001
0000
0100
0000
,
0001
0000
0100
0000
,
0001
0001
0000
0100
,
0000
1001
0000
0000
,
0010
0000
0010
0000
,
1000
0000
1000
0000
,
0010
0000
1000
0000
,
0010
0000
0001
0000
,
1000
0000
1000
0000
,
0100
0000
0100
0000
,
1000
0000
0010
0000
,
1000
0000
0100
0000
,
1001
0000
0110
0000
,
1000
0000
0100
0000
,
0010
0000
1000
1000
,
0000
0100
0100
0000
,
1001
0000
0110
0000
,
0001
0000
0100
0000
,
1000
0000
0100
0000
,
0001
0001
0001
0000
,
1000
0000
0100
0000
,
0010
0000
0001
0000
,
0001
0000
0010
0000
,
1001
0000
0000
0000
;
