#TITLE:HUNGRY LIKE THE WOLF;
#SUBTITLE:;
#ARTIST:DURAN DURAN;
#TITLETRANSLIT:;
#SUBTITLETRANSLIT:;
#ARTISTTRANSLIT:;
#CREDIT:;
#BANNER:HUNGRY LIKE THE WOLF.png;
#BACKGROUND:HUNGRY LIKE THE WOLF-bg.png;
#LYRICSPATH:;
#CDTITLE:cd.png;
#MUSIC:HUNGRY LIKE THE WOLF.mp3;
#OFFSET:-3.530;
#SAMPLESTART:46.700;
#SAMPLELENGTH:12.000;
#SELECTABLE:YES;
#BPMS:0.000=128.995;
#STOPS:;
#BGCHANGES:;
// cache tags:
#FIRSTBEAT:0.000;
#LASTBEAT:175.000;
#SONGFILENAME:Songs/Rock/HUNGRY LIKE THE WOLF/HUNGRY LIKE THE WOLF.sm;
#HASMUSIC:1;
#HASBANNER:1;
#MUSICLENGTH:85.245;
// end cache tags

//---------------dance-single - Basic----------------
#NOTES:
     dance-single:
     Basic:
     Easy:
     3:
     0.235,0.205,0.023,0.070,0.000,132.000,2.000,6.000,0.000,0.000:
0100
0000
0000
0000
,
0001
0000
0000
0001
,
0000
1000
1000
0010
,
0010
0001
0100
0000
,
0000
0001
0001
0100
,
0100
0010
1000
0000
,
0001
0000
1000
0000
,
0100
0000
0010
0000
,
0100
0100
0000
0100
,
0001
1000
0010
0010
,
0200
1300
1000
0000
,
0020
0031
0001
0000
,
0000
1000
0001
0100
,
0020
1030
1000
0000
,
1000
0000
0001
0000
,
0100
0000
0010
0000
,
0001
0000
1000
0001
,
0001
1000
0001
1000
,
0010
0010
0000
0010
,
1001
0000
0010
0010
,
0010
0100
0100
0100
,
0010
0000
1000
0001
,
0010
0000
0001
1000
,
0100
0001
1000
1000
,
1000
0001
0001
0001
,
1000
0000
0001
0100
,
1000
0000
0001
0010
,
0001
0000
0010
0010
,
0010
1000
1000
1000
,
0010
0000
0100
1000
,
0100
0001
0010
0100
,
0010
0000
1000
1000
,
1000
0010
0010
0010
,
1000
0000
0001
0010
,
1000
0000
1000
0010
,
0001
0000
0010
0010
,
0010
0001
0001
0001
,
0010
0000
0100
1000
,
0010
0000
1000
0010
,
0100
0000
0100
0100
,
0100
0001
0001
0001
,
0200
0000
0000
0000
,
0301
0000
1000
0000
,
0001
1000
2002
3003
;

//---------------dance-single - Trick----------------
#NOTES:
     dance-single:
     Trick:
     Medium:
     6:
     0.344,0.359,0.282,0.023,0.000,179.000,24.000,2.000,0.000,0.000:











0001
0001
0010
0100
,
0010
0010
1000
0010
,
0001
0100
0010
1000
,
0100
0001
0100
0000
0001
0000
1000
0000
,
0100
0000
0010
0100
0010
0000
1000
0000
,
0001
0100
0001
0000
0010
0000
1000
0000
,
0101
0010
1100
0001
,
0110
1000
1001
0100
,
1010
1010
0000
0001
,
0100
1000
0010
0100
,
0010
0100
1000
0001
,
1000
0001
1000
0000
0010
0000
0100
0000
,
0001
0000
0010
1000
0010
0000
0100
0000
,
0001
0010
0100
1000
,
0011
1000
0110
0001
,
0101
1000
1100
0010
,
0101
0101
0000
0010
,
1000
0001
0100
0010
,
0010
0000
0100
0000
1000
0001
1000
0001
,
0000
0000
1000
0000
0010
0100
0010
0100
,
0000
0001
0000
1000
0000
0010
0000
1001
,
0000
0000
0000
0000
0010
1000
0010
1000
,
0000
0000
0001
0000
0100
0001
0100
0001
,
0000
0000
0000
0010
0000
0010
0000
0000
,
1000
0000
0000
0010
0000
0100
0000
1001
,
0000
0000
0000
0000
0001
0010
0001
0010
,
0000
0000
0100
0000
1000
0100
1000
0100
,
0000
0000
0010
0000
0001
1000
0001
1000
,
0000
0100
0000
0001
0000
0100
0000
1100
,
0000
0000
0000
0000
0010
0100
0010
0100
,
0000
0000
0010
0000
1000
0001
1000
0001
,
0000
0000
0000
0100
0000
0100
0000
0000
,
0001
0000
0000
0001
0000
0100
0000
0101
,
0000
0000
0000
0000
0100
0001
0100
0001
,
0000
0000
0010
0000
1000
0010
1000
0010
,
0000
0000
0100
0000
0001
0010
0001
1000
,
0000
0100
0000
0010
0000
0001
0000
1001
,
0000
0000
0000
0000
1000
0010
1000
0001
,
0000
0000
1001
0000
0100
0010
0100
0010
,
0000
0000
0000
0100
0000
0001
0000
0000
,
0101
0000
0000
0010
0000
0100
0000
2020
,
0000
0000
0000
3030
,
0001
1001
0010
0110
,
0001
0100
0101
0101;

//---------------dance-single - Maniac----------------
#NOTES:
     dance-single:
     Maniac:
     Hard:
     7:
     0.446,0.385,0.199,0.117,0.070,239.000,17.000,10.000,0.000,0.000:



1000
0010
0100
0001
1000
0010
0100
0000
,
1000
0001
0000
0010
0000
0100
0001
0000
,
0000
0001
0100
0010
1000
0200
0000
0000
,
1300
0001
0100
0020
0000
0000
0130
0000
,
0000
0001
1000
0010
0100
0001
1000
0001
,
0100
0010
1000
0200
0000
0310
0000
0001
,
0100
0000
0000
0010
0000
0000
0100
0000
0001
0000
0000
0010
0000
0000
0100
0000
,
1000
0000
0000
0100
0000
0000
0010
0000
0100
0000
0000
0001
0000
0000
0100
0000
,
0000
0010
0000
0000
1000
0000
1010
0000
,
0001
0000
0000
0000
0011
0000
0000
0000
0010
0000
0001
0000
0010
0001
0010
0001
,
0000
1000
0010
1000
0001
0100
0001
0000
,
0100
0001
0010
0200
0000
0000
0310
0000
,
0000
0100
1000
0100
0010
0001
0010
0001
,
0100
0010
1000
0100
0000
1000
0000
0010
,
1000
0000
0000
0100
0000
0000
1000
0000
0010
0000
0000
1000
0000
0000
0010
0000
,
0100
0000
0000
0001
0000
0000
1000
0000
0001
0000
0000
0100
0000
0000
0010
0000
,
0000
0110
0000
0000
0001
0000
0011
0000
,
1000
0000
0000
0000
1010
0000
0000
0000
0001
0000
0100
0000
0001
0100
0001
0100
,
0000
0000
1000
0010
1000
0001
1000
0100
,
1000
0000
0100
0000
0001
0010
0100
1000
,
0000
1000
0000
0101
0000
0010
0000
0101
,
0000
0000
0001
0100
0001
1000
0001
0010
,
0001
0000
0100
0010
0100
0001
0100
0010
,
0100
0000
0000
0200
0000
0301
0000
0001
,
1000
0000
0001
0100
0000
0001
0000
1010
,
0000
0000
0100
0001
1000
0001
0100
0001
,
0010
0000
0001
0010
0100
1000
0010
1000
,
0001
0000
0001
0000
0100
1000
0001
1000
,
0000
0010
0000
1001
0000
0100
0000
1001
,
0000
0000
0100
0000
0001
0010
0001
1000
,
0010
0000
1000
0100
1000
0001
0100
0010
,
0000
0010
0000
1000
0000
0010
0000
0100
,
0001
0000
1000
0010
0000
1000
0000
2002
,
0000
0000
3003
0000
0010
1000
0100
0001
,
0100
1000
0100
0010
0001
0100
0010
1000
,
0001
0000
0010
0000
0001
1000
0100
1000
,
0000
0010
0000
0100
0000
0001
0000
1010
,
0000
0000
1000
0000
0010
1000
0100
0001
,
0100
1000
0010
0100
0001
0100
0010
0100
,
0000
0000
0001
1000
0000
0010
0000
0100
,
0001
0000
1000
0010
0000
1001
0000
2002
,
0000
0000
0000
3003
,
0011
0001
1010
1000
,
0100
1001
2000
3001;
