#TITLE:Fighting For Freedom;
#SUBTITLE:;
#ARTIST:StripE;
#TITLETRANSLIT:;
#SUBTITLETRANSLIT:;
#ARTISTTRANSLIT:;
#CREDIT:;
#BANNER:Fighting For Freedom-bn.png;
#BACKGROUND:Fighting For Freedom-bg.png;
#LYRICSPATH:;
#CDTITLE:kimonos3.png;
#MUSIC:Fighting For Freedom.mp3;
#OFFSET:-0.024;
#SAMPLESTART:61.620;
#SAMPLELENGTH:11.860;
#SELECTABLE:YES;
#BPMS:0.000=148.000;
#STOPS:;
#BGCHANGES:;
// cache tags:
#FIRSTBEAT:8.000;
#LASTBEAT:355.500;
#SONGFILENAME:Songs/Encore/Fighting For Freedom/Fighting For Freedom.sm;
#HASMUSIC:1;
#HASBANNER:1;
#MUSICLENGTH:145.614;
// end cache tags

//---------------dance-single - ----------------
#NOTES:
     dance-single:
     :
     Hard:
     9:
     0.617,0.885,0.357,0.213,0.560,546.000,52.000,31.000,0.000,0.000:
0000
0000
0000
0000
,
0000
0000
0000
0000
,
0220
0000
0000
0000
,
0000
0030
2000
3000
,
0002
0000
0000
0000
,
0000
0000
0000
0300
,
0200
0000
0000
0000
,
0000
0003
0020
0030
,
2000
0000
0000
3000
,
0301
0000
0000
0000
1000
0001
1000
0001
0010
0000
0100
0000
1100
0000
0000
0000
,
1001
0000
0001
0000
0000
0010
0000
0000
0100
0000
0000
1000
0000
0000
0001
0000
,
0000
1000
0000
0000
0001
0000
0000
0010
0000
0000
0100
0000
1000
0000
0010
0000
,
0000
0100
0000
0000
0002
0000
0000
0010
0000
0000
1000
0000
0000
0103
0000
0001
,
0000
0010
0000
0000
0100
0000
0000
2000
0000
0000
0010
0000
0001
0000
3100
0000
,
1000
0000
0010
0000
0000
0100
0000
0000
0001
0000
0000
1000
0000
0000
0001
0000
,
0000
1000
0000
0000
0010
0000
0000
0100
0000
0000
0100
0000
0001
0000
0010
0000
,
0000
0100
0000
0000
2000
0000
0000
0100
0000
0000
0001
0000
0000
3010
0000
1000
,
0000
0010
0000
0000
0001
0010
0000
1000
0000
0001
0000
0010
0100
1000
0000
0001
,
0100
0000
0101
0000
0000
1001
0000
0000
0011
0000
0000
0110
0000
0000
1100
0000
,
0000
1001
0000
0000
1010
0000
0000
0110
0000
0000
0101
0000
1001
0000
1100
0000
,
0000
0000
0000
0000
,
0000
0000
0000
0000
0000
0000
1010
0100
,
1002
0000
1000
0000
0000
1003
0000
0000
2001
0000
0000
0100
0000
0000
3100
0000
,
0000
0012
0000
0000
0100
0000
0000
0103
0000
0000
1010
0000
0100
0000
0011
0000
,
0000
0000
0000
0000
,
0000
0000
0000
0000
,
1000
0000
0010
0000
0100
0000
0001
0000
1000
0000
0010
0000
0100
0000
0001
1000
,
0001
0000
1000
0000
0001
0000
0010
0000
0100
0000
1000
0000
0001
0000
1000
0001
,
1000
0000
0010
0000
0100
0000
0001
0000
1000
0000
0010
0000
1000
0000
0001
1000
,
0001
0000
1000
0000
0100
0000
0010
0000
0001
0000
1000
0000
0100
0000
1000
0001
,
1000
0000
0100
0000
1000
0000
0001
1000
0001
0000
0100
0000
0001
0000
1000
0001
,
1000
0000
0010
0000
1000
0000
0001
1000
0001
0000
0010
0000
0001
0000
1000
0100
,
1000
0000
0001
0100
0001
0000
1000
0100
1000
0000
0001
0100
0001
0000
1000
0001
,
1000
0001
1000
0001
1000
0001
1000
0001
1000
0001
1000
0001
1000
0001
1000
0002
,
2000
0000
0000
0000
,
3003
0000
0000
0000
0000
0000
0101
0010
,
1100
0000
0100
0000
0010
0001
0000
0001
0010
0000
0010
0100
0000
0100
1000
0000
,
1000
0010
0000
0010
0100
0000
0100
0001
0000
0001
1000
0000
0000
0000
0000
0000
,
1001
0000
0000
1000
0000
0100
0010
0000
0001
0000
0000
1000
0000
0001
0010
0100
,
0000
1000
0000
0100
0000
0010
0001
0000
0010
0000
0001
0000
0100
0000
0010
0000
,
1000
0000
0000
0001
0000
0100
0010
0000
1000
0000
0000
0010
0000
0100
0001
1000
,
0000
0001
0000
0100
0000
0010
1000
0000
0001
0000
0100
0000
0010
0000
1000
0000
,
0100
0000
0000
0010
0000
0100
1000
0000
0001
0000
0000
1000
0000
0100
0010
0001
,
0000
1000
0000
0010
0000
0100
0001
0000
1000
0000
0100
0000
0010
0000
0001
0000
,
1000
0000
0000
0001
0000
0100
0010
0000
1000
0000
0000
0001
0000
0010
0100
1000
,
0001
0000
1000
0100
0000
0010
0001
0000
0200
0000
0000
0320
0000
0000
0230
0000
,
0301
0000
0010
0000
0100
0000
1000
0000
0001
0000
1000
0000
0010
0000
1000
0100
,
1000
0000
0100
0000
0001
0000
0100
0000
1000
0001
0100
0000
0001
0000
1000
0100
,
0010
0000
0001
0000
1000
0000
0001
0000
0010
0000
0100
0000
1000
0000
0010
0100
,
0010
0000
0100
0000
0001
0000
0100
0000
1000
0000
0100
0001
0000
0001
0010
0000
,
1001
0000
0001
0000
0010
0000
0100
0000
1000
0000
0001
0000
1000
0000
0010
0001
,
0010
0000
1000
0000
0001
0000
1000
0000
0001
0010
0100
0000
1000
0001
0100
0001
,
1000
0000
0101
0000
,
1001
0000
0000
0000
0010
0100
0010
0100
0010
0000
0001
0000
0010
0000
0100
0000
,
1100
1000
0001
0100
,
0001
0010
0100
1000
,
0010
1000
0001
0100
,
1000
0100
0010
0100
,
0001
0010
0100
0010
,
0100
1000
0100
0010
,
0100
0001
0100
1000
,
0001
1000
0010
0100
,
1001
0000
0001
0000
0100
0000
0001
0000
0010
0000
0000
0010
0000
0000
0010
0000
,
0100
0000
1000
0000
0001
0000
1000
0010
0000
0000
0010
0000
0100
0000
0001
0000
,
1000
0000
0100
0000
1000
0000
0001
1000
0000
0000
0001
0000
0000
0100
0000
0000
,
0010
1000
0100
0010
0001
1000
0001
0100
,
0002
0000
1000
0000
0000
1000
0000
0000
1000
0000
0000
1000
0000
0000
2003
0000
,
0000
0100
0000
0000
0100
0000
0000
0100
0000
0000
0100
0000
0001
0000
3020
0000
,
0100
0000
0000
0100
0000
0000
0100
0000
0030
0100
0010
0000
0100
0000
1001
0000
,
0200
0000
0000
0000
0300
0000
1001
0010
,
1100
0000
1001
0000
0000
1010
0000
0000
0110
0000
0000
0101
0000
0000
1001
0000
,
0000
0011
0000
0000
0110
0000
0000
1100
0000
0000
1001
0000
0000
0000
0000
0000
,
0110
0000
0100
0000
0001
0000
1000
0000
0001
0000
0010
0100
0000
0100
1000
0000
,
0010
0000
0001
0000
0010
0000
1000
0000
0001
0000
0010
0000
0100
0000
1000
0001
,
1000
0000
0001
0000
0200
0000
0000
0001
0000
0000
0010
0000
0000
1300
0000
0100
,
0000
0001
0000
0000
0010
0000
0000
0100
0000
0000
1100
0000
0010
0000
0101
0000
,
1000
0000
0001
0000
0010
0000
0001
0000
0100
0000
0010
1000
0000
1000
0100
0000
,
1000
0000
0001
0000
0010
0000
0100
0000
1000
0000
0010
0000
0100
0000
0001
1000
,
0001
0100
0000
0000
0020
0000
0000
0001
0000
0000
0100
0000
0000
1000
0030
0001
,
0000
0010
0000
0000
0100
1000
0000
0001
0000
1000
0000
0010
0100
0001
0000
0001
,
1000
0000
0100
0000
1000
0000
0001
0000
0100
0000
0001
1000
0000
1000
0100
0000
,
0010
0000
0100
0000
0001
0000
0000
0200
0000
0000
0001
0000
0010
0000
1000
0300
,
0000
0100
0000
0000
0002
0000
0000
1000
0000
0000
0100
0000
0000
0013
0000
0001
,
0000
0100
0000
0000
0001
0000
0000
0010
0000
0000
0100
0000
1000
0000
0001
0000
,
2001
0000
0100
0000
0000
0100
0000
0000
3100
0000
0000
0200
0000
0000
0010
0000
,
0000
0010
0000
0000
0310
0000
0000
0020
0000
0000
0001
0000
0100
0000
1000
0030
,
0000
0011
0000
0000
1100
0000
0000
1010
0000
0000
0101
0000
0000
0011
0000
0101
,
0000
1100
0000
0000
0010
0100
0000
0001
1000
0000
0100
0000
0010
0000
0001
0000
,
2002
0000
0000
0000
0000
0000
0000
3003
;

//---------------dance-single - ----------------
#NOTES:
     dance-single:
     :
     Medium:
     7:
     0.408,0.580,0.233,0.082,0.034,370.000,34.000,12.000,0.000,0.000:
0000
0000
0000
0000
,
0000
0000
0000
0000
,
2001
0000
0000
0000
,
0000
0000
3200
0000
,
0320
0000
0000
0000
,
0000
0000
0000
0000
,
0032
0000
0000
0000
,
0000
0000
0023
0000
,
0230
0000
0000
0000
,
1300
0000
0001
1000
0001
0000
0010
0000
,
1001
1000
0010
0100
,
0001
0000
0100
0000
0010
0000
1000
0001
,
0010
0100
1000
0100
,
0010
0000
0001
0000
0010
0000
0100
1000
,
0001
1000
0010
1000
,
0001
0000
1000
0000
0100
0000
1000
0100
,
0010
0001
1000
0001
,
0100
0000
0001
0010
0100
0000
1000
0010
,
0100
0101
0000
0000
1001
0000
0000
1100
,
0000
0000
0110
0000
0000
0011
0010
0100
,
1000
0000
0000
0000
,
0000
0000
0000
0000
,
1000
1100
0000
0000
1001
0000
0000
0101
,
0000
0000
0110
0000
0000
1010
0010
0100
,
0001
0000
0000
0000
,
0000
0000
0000
0000
,
1000
0001
1000
0001
,
1000
0001
1000
0001
,
1000
0001
1000
0001
,
1000
0001
1000
0001
,
1000
0001
1000
0001
1000
0001
1000
0001
,
1000
0001
1000
0001
1000
0001
1000
0001
,
1000
1000
0001
0001
1000
1000
0001
0001
,
1000
0000
1000
0000
0001
0000
0001
0000
1000
0000
1000
0000
0001
1000
0001
2000
,
0002
0000
0000
0000
,
3003
0000
0000
0000
0000
0000
1000
0100
,
0010
0011
0000
0000
0110
0000
0000
1100
,
0000
0000
1001
0000
0000
0011
0000
0000
,
1001
0001
0010
0000
0100
1000
0100
0000
,
1000
0010
0100
0000
0001
1000
0001
0010
,
0100
0000
1000
0000
0010
0100
0010
0000
,
0100
0001
1000
0000
0001
0100
0001
0000
,
0010
0100
1000
0000
0010
1000
0010
0000
,
0100
0010
1000
0000
0100
1000
0100
0010
,
0001
0000
1000
0000
0100
0010
0100
0000
,
0010
0001
0000
1000
0000
0100
0000
0010
,
0001
0000
0001
0000
0001
0100
0010
1000
,
0100
0000
1000
0000
1000
0100
0010
0001
,
1000
0000
0010
0000
0010
0100
0010
1000
,
0001
0000
0010
0000
0010
0100
0010
0001
,
1000
0000
0100
1000
0100
0000
0010
0000
,
0001
0000
0100
0001
0100
0000
0010
0000
,
2000
0000
3002
0000
,
0103
0000
0001
1000
0001
0000
0010
0000
,
1001
0001
0100
1000
,
0010
1000
0100
0001
,
0010
1000
0010
0001
,
1000
0010
0100
0001
,
1000
0010
1000
0100
,
0001
0010
0001
0100
,
1000
0001
1000
0010
,
0001
0010
1000
0001
,
0110
0100
1000
0010
,
0100
0000
0001
0000
1000
0100
0010
0001
,
1000
0001
0001
0010
,
0100
0000
1000
0000
0010
0000
0100
0001
,
1000
0000
0001
0000
0000
1000
0000
0000
0001
0000
0000
1000
0000
0000
0001
0000
,
0000
1000
0000
0000
0001
0000
0000
1000
0000
0000
0001
0000
1000
0000
0001
0000
,
1000
1100
0001
0101
,
1001
0000
0000
0000
,
1000
1001
0000
0000
1100
0000
0000
0110
,
0000
0000
0011
0000
0000
0101
0000
0000
,
1001
0000
0001
0000
0010
0100
1000
0000
,
0010
0000
0100
0000
0001
0100
0010
1000
,
0001
0000
0010
0000
0001
0010
0100
0000
,
1000
0000
0100
0000
1000
0010
0100
0010
,
1000
0000
0001
0000
1000
0001
1000
0000
,
0100
0000
0010
0000
0100
1000
0001
0010
,
0001
0000
1000
0000
0001
1000
0001
0000
,
0100
0000
0010
0000
0100
0010
0100
0001
,
1000
0000
0001
0000
1000
0001
0010
0000
,
0100
0000
1000
0000
0100
1000
0100
0010
,
0001
0000
1000
0000
0001
1000
0001
0000
,
0100
0000
0001
0000
0010
0001
0010
0100
,
1000
0000
0001
0000
0000
1000
0000
0000
0001
0000
0000
1000
0000
0000
0010
0000
,
0000
0100
0000
0000
0010
0000
0000
0100
0000
0000
0010
0000
1000
0000
0001
0000
,
0000
1100
0101
0011
,
1010
0000
0000
0000
,
2002
0000
0000
0000
0000
0000
0000
3003
;

//---------------dance-single - ----------------
#NOTES:
     dance-single:
     :
     Easy:
     5:
     0.225,0.336,0.165,0.069,0.000,195.000,24.000,10.000,0.000,0.000:
0000
0000
0000
0000
,
0000
0000
0000
0000
,
2001
0000
0000
0000
,
0000
0000
3200
0000
,
0320
0000
0000
0000
,
0000
0000
0000
0000
,
0032
0000
0000
0000
,
0000
0000
0023
0000
,
0230
0000
0000
0000
,
1300
0000
0100
0000
,
1001
0000
1000
0000
,
0100
0000
0010
0000
,
0001
0000
0010
0000
,
0100
0000
1000
0000
,
0001
0000
0100
0000
,
0010
0000
1000
0000
,
0010
0000
0100
0000
,
0001
0000
1000
0000
,
1001
0000
0110
0000
,
1001
0000
0110
0000
,
1001
0000
0000
0000
,
0000
0000
0000
0000
,
1001
0000
0110
0000
,
1001
0000
0110
0000
,
1001
0000
0000
0000
,
0000
0000
0000
0000
,
1000
0000
0001
0000
,
1000
0000
0001
0000
,
1000
0000
0001
0000
,
1000
0000
0001
0000
,
1000
0001
1000
0001
,
1000
0001
1000
0001
,
1000
1000
0001
0001
,
1000
0000
1000
0000
0001
1000
0001
2000
,
0002
0000
0000
0000
,
3003
0000
0000
0000
,
1100
0000
0101
0000
,
1100
0000
0101
0000
,
1001
0000
0001
0000
,
0010
0000
0100
1000
,
0010
0000
0100
0000
,
0001
0000
0100
0010
,
1000
0000
0001
0000
,
1000
0000
0001
0010
,
0100
0000
1000
0000
,
0001
0000
0110
0000
,
1001
0000
1000
0000
,
0010
0000
0100
0001
,
1000
0000
0001
0000
,
0010
0000
0100
1000
,
0010
0000
0100
0000
,
0010
0000
0100
0001
,
1000
0000
0001
0000
,
0110
0000
0000
0000
,
1000
0000
0100
0000
,
0010
0000
0001
0000
,
0100
0000
0010
0000
,
1000
0000
0001
0000
,
0100
0000
0001
0000
,
0010
0000
0100
0000
,
1000
0000
0010
0000
,
1000
0000
0001
0000
,
0100
0100
0001
0000
,
1000
1000
0100
0000
,
0010
0010
0100
0000
,
1000
1000
0001
0000
,
0001
0001
0100
0000
,
0010
0010
1000
0000
,
0001
0001
0010
0100
,
0110
0000
0000
0000
,
0001
1000
0000
0000
0001
0000
0000
1000
,
0000
0000
0001
0000
0000
1000
0000
0000
,
1001
0000
0001
0100
,
0001
0000
0010
0100
,
1000
0000
0001
1000
,
0001
0000
0001
0100
,
0010
0000
1000
0001
,
1000
0000
0010
0100
,
0001
0000
0010
0100
,
1000
0000
0001
1000
,
0001
0000
0100
0010
,
1000
0000
0100
0010
,
0001
0000
0001
0100
,
1000
0000
1000
0100
,
0001
1000
0000
0000
0001
0000
0000
0010
,
0000
0000
0100
0000
0000
0010
0100
1000
,
0001
0000
1000
0000
,
0110
0000
0000
0000
,
2002
0000
0000
0000
0000
0000
0000
3003
;

//---------------dance-single - ----------------
#NOTES:
     dance-single:
     :
     Beginner:
     1:
     0.106,0.212,0.110,0.000,0.000,92.000,16.000,0.000,0.000,0.000:
0000
0000
0000
0000
,
0000
0000
0000
0000
,
1001
0000
0000
0000
,
0000
0000
0001
0000
,
1000
0000
0000
0000
,
0000
0000
0000
0000
,
0001
0000
0000
0000
,
0000
0000
0010
0000
,
0100
0000
0000
0000
,
0000
0000
0000
0000
,
1001
0000
0000
0000
,
1000
0000
0000
0000
,
0001
0000
0000
0000
,
1000
0000
0000
0000
,
0010
0000
0000
0000
,
0100
0000
0000
0000
,
0010
0000
0000
0000
,
0100
0000
0000
0000
,
1001
0000
0000
0000
,
0110
0000
0000
0000
,
1001
0000
0000
0000
,
0000
0000
0000
0000
,
1001
0000
0000
0000
,
0110
0000
0000
0000
,
1001
0000
0000
0000
,
0000
0000
0000
0000
,
1000
0000
0000
0000
,
0001
0000
0000
0000
,
1000
0000
0000
0000
,
0001
0000
0000
0000
,
1000
0000
0000
0000
,
0001
0000
0000
0000
,
1000
0000
0001
0000
,
1000
0000
0001
0000
,
1001
0000
0000
0000
,
0000
0000
0000
0000
,
1001
0000
0000
0000
,
0110
0000
0000
0000
,
1001
0000
0000
0000
,
1000
0000
0000
0000
,
0100
0000
0000
0000
,
0010
0000
0000
0000
,
0001
0000
0000
0000
,
0010
0000
0000
0000
,
0100
0000
0000
0000
,
1000
0000
0000
0000
,
0010
0000
0000
0000
,
0100
0000
0000
0000
,
0001
0000
0000
0000
,
0010
0000
0000
0000
,
0100
0000
0000
0000
,
1000
0000
0000
0000
,
0001
0000
0000
0000
,
0010
0000
0000
0000
,
1001
0000
0000
0000
,
0001
0000
0000
0000
,
0001
0000
0000
0000
,
1000
0000
0000
0000
,
1000
0000
0000
0000
,
0100
0000
0000
0000
,
0100
0000
0000
0000
,
0010
0000
0000
0000
,
0010
0000
0000
0000
,
0001
0000
0000
0000
,
1000
0000
0000
0000
,
0100
0000
0000
0000
,
0010
0000
0010
0000
,
0001
0000
0001
0000
,
1000
0000
1000
0000
,
0110
0000
0000
0000
,
1001
0000
0001
0000
,
0010
0000
0100
0000
,
1000
0000
0000
0000
,
0001
0000
0000
0000
,
0100
0000
0000
0000
,
0010
0000
0000
0000
,
1000
0000
0000
0000
,
0100
0000
0000
0000
,
0010
0000
0000
0000
,
0001
0000
0000
0000
,
0100
0000
0000
0000
,
0001
0000
0000
0000
,
1000
0000
0000
0000
,
0010
0000
0000
0000
,
0001
0000
0000
0000
,
1000
0000
0000
0000
,
0100
0100
0100
0100
,
0100
0000
0000
0000
,
1001
0000
0000
0000
;

//---------------dance-double - ----------------
#NOTES:
     dance-double:
     :
     Easy:
     5:
     0.242,0.336,0.151,0.069,0.000,215.000,22.000,10.000,0.000,0.000:
00000000
00000000
00000000
00000000
,
00000000
00000000
00000000
00000000
,
00012000
00000000
00000000
00000000
,
00000000
00000000
02003000
00000000
,
03200000
00000000
00000000
00000000
,
00000000
00000000
00000000
00000000
,
02300000
00000000
00000000
00000000
,
00000000
00000000
03002000
00000000
,
00023000
00000000
00000000
00000000
,
00031000
00000000
00010000
00001000
,
00000100
00000000
00000001
00000000
,
00001000
00000000
00000100
00000000
,
00010000
00000000
00001000
00000000
,
00100000
00000000
00010000
00000000
,
10000000
00000000
01000000
00000000
,
00100000
00000000
00001000
00000000
,
00010000
00000000
00000100
00000000
,
00001000
00000000
00000001
00001000
,
00001001
00000000
00001100
00000000
,
00010100
00000000
00011000
00000000
,
00101000
00000000
00000000
00000000
,
00000000
00000000
00000000
00000000
,
00110000
00000000
01100000
00000000
,
11000000
00000000
10010000
00000000
,
01001000
00000000
00000000
00000000
,
00000000
00000000
00000000
00000000
,
00001000
00000000
00010000
00000000
,
00001000
00000000
00010000
00000000
,
00001000
00000000
00010000
00000000
,
00001000
00000000
00010000
00000000
,
00001000
00010000
00001000
00010000
,
00001000
00010000
00001000
00010000
,
00001000
00001000
00010000
00010000
,
00001000
00000000
00001000
00000000
00010000
00001000
00010000
00002000
,
00020000
00000000
00000000
00000000
,
00033000
00000000
00000000
00000000
,
10000000
00000000
01000000
00000000
,
00100000
00000000
00010000
00000000
,
00011000
00000000
00010000
00001000
,
00000100
00000000
00000001
00001000
,
00000001
00000000
00000010
00000100
,
00010000
00000000
00001000
00010000
,
00001000
00000000
00100000
00010000
,
01000000
00000000
00100000
10000000
,
01000000
00000000
00100000
00001000
,
00010000
00000000
00010100
00000100
,
00001100
00000000
00000010
00000001
,
00000100
00000000
00000001
00000100
,
00001000
00000000
00010000
00001000
,
00010000
00000000
00001000
00100000
,
00010000
00000000
01000000
00100000
,
10000000
00000000
01000000
00100000
,
00010000
00000000
00100000
00001000
,
00010000
00000000
00011000
00011000
,
00011000
00000000
00000100
00000000
,
00001000
00000000
00000010
00000000
,
00000100
00000000
00000001
00000000
,
00001000
00000000
00000100
00000000
,
00010000
00000000
00001000
00000000
,
01000000
00000000
00010000
00000000
,
00100000
00000000
01000000
00000000
,
10000000
00000000
00010000
00000000
,
01000000
00000000
00010000
00010000
,
00010000
00000000
00100000
00100000
,
00100000
00000000
00001000
00001000
,
00001000
00000000
00010000
00010000
,
00010000
00000000
00000100
00000100
,
00000100
00000000
00001000
00001000
,
00001000
00000000
00000010
00000010
,
00000010
00000000
00000000
00000000
,
00000001
00000100
00001000
00000000
,
00000100
00001000
00010000
00000000
,
00011000
00001000
00010000
00001000
,
00100000
00010000
00100000
00010000
,
10000000
01000000
10000000
01000000
,
00100000
00010000
01000000
00010000
,
01000000
00001000
00010000
00001000
,
00010000
00000100
00010000
00000100
,
00001000
00000100
00000010
00000001
,
00000100
00000010
00000100
00000010
,
00001000
00000010
00001000
00000100
,
00010000
00001000
00010000
00001000
,
01000000
00001000
01000000
00010000
,
01000000
00100000
01000000
00010000
,
10010000
00000000
00000000
00000000
,
00011000
00000000
00000000
00000000
,
00001001
00000001
00000100
00000010
,
00001000
00000000
00000000
00000000
,
00022000
00000000
00000000
00000000
00000000
00000000
00000000
00033000
;

//---------------dance-double - ----------------
#NOTES:
     dance-double:
     :
     Medium:
     6:
     0.384,0.580,0.213,0.076,0.034,349.000,31.000,11.000,0.000,0.000:
00000000
00000000
00000000
00000000
,
00000000
00000000
00000000
00000000
,
00012000
00000000
00000000
00000000
,
00000000
00000000
02003000
00000000
,
03020000
00000000
00000000
00000000
,
00000000
00000000
00000000
00000000
,
00230000
00000000
00000000
00000000
,
00000000
00000000
00302000
00000000
,
00020000
00000000
00000000
00033000
,
00011000
00000000
00001000
00010000
00001000
00000000
00010000
00000000
,
00011000
00001000
00000100
00000010
,
00001000
00000001
00001000
00000100
,
00010000
00001000
00010000
00001000
,
01000000
00010000
00100000
00010000
,
10000000
00010000
10000000
01000000
,
00100000
00010000
10000000
00010000
,
01000000
00001000
01000000
00001000
,
00010000
00001000
00010000
00000100
,
00000000
00001100
00000000
00000000
00000110
00000000
00000000
00000011
,
00000000
00000000
00001001
00000000
00000000
00000101
00000000
00000000
,
00000110
00000000
00000000
00000000
,
00000000
00000000
00000000
00000000
,
00000000
00110000
00000000
00000000
01100000
00000000
00000000
11000000
,
00000000
00000000
10010000
00000000
00000000
10100000
00000000
00000000
,
01100000
00000000
00000000
00000000
,
00000000
00000000
00000000
00000000
,
00001000
00010000
00001000
00010000
,
00001000
00010000
00001000
00010000
,
00001000
00010000
00001000
00010000
,
00001000
00010000
00001000
00010000
,
00001000
00010000
00001000
00010000
00001000
00010000
00001000
00010000
,
00001000
00010000
00001000
00010000
00001000
00010000
00001000
00010000
,
00001000
00001000
00010000
00010000
00001000
00001000
00010000
00010000
,
00001000
00000000
00001000
00000000
00010000
00000000
00010000
00000000
00001000
00000000
00001000
00000000
00010000
00001000
00010000
00002000
,
00020000
00000000
00000000
00000000
,
00033000
00000000
00000000
00000000
,
00000000
00011000
00000000
00000000
00010010
00000000
00000000
00011000
,
00000000
00000000
00101000
00000000
00000000
00011000
00000000
00000000
,
00011000
00000000
00001000
00000000
00010000
00000000
00001000
00100000
,
00010000
00000000
00100000
00000000
01000000
00000000
10000000
00010000
,
01000000
00000000
00100000
00000000
01000000
00000000
00010000
00100000
,
00001000
00000000
00010000
00000000
00000100
00000000
00001000
00000010
,
00001000
00000000
00000100
00000000
00000010
00000000
00000001
00001000
,
00000100
00000000
00000010
00000000
00000100
00000000
00001000
00000100
,
00010000
00000000
00001000
00000000
00010000
00000000
00001000
00010000
,
00001000
01000000
00001000
00100000
,
00010000
00000000
00100000
00000000
01000000
00000000
10000000
01000000
,
10000000
00000000
01000000
00000000
00100000
00000000
00010000
01000000
,
00001000
00000000
00010000
00000000
00001000
00000000
00010000
00000010
,
00001000
00000000
00000100
00000000
00001000
00000000
00000100
00000010
,
00000100
00000000
00000010
00000000
00000001
00000000
00001000
00000001
,
00000100
00000000
00000010
00000000
00000100
00000000
00000001
00001000
,
00000001
00000000
00001000
00000000
00000100
00000000
00010000
00001000
,
00020000
00030000
00001000
00001000
00010000
00010000
00001000
00001000
,
00100000
00100000
00010000
00010000
,
10000000
10000000
01000000
01000000
,
00100000
00100000
00010000
00010000
,
01000000
01000000
00001000
00001000
,
00010000
00010000
00000100
00000100
,
00001000
00001000
00000100
00000100
,
00000010
00000010
00000001
00000001
,
00000100
00000100
00000010
00000010
,
00010000
00000000
00001000
00010000
00001000
00000000
00100000
00000000
,
00100000
00000000
00010000
00100000
00010000
00000000
10000000
00000000
,
10000000
00000000
01000000
00100000
01000000
00000000
00100000
00000000
,
00100000
00000000
00001000
00010000
00001000
00000000
00010000
00000000
,
00001000
00000000
00010000
00000000
00000000
00001000
00000000
00000000
00010000
00000000
00000000
00001000
00000000
00000000
00010000
00000000
,
00000000
00001000
00000000
00000000
00010000
00000000
00000000
00001000
00000000
00000000
00010000
00000000
00001000
00000000
00010000
00000000
,
00011000
00000000
00011000
00000000
,
00011000
00000000
00000000
00000000
,
00000000
00011000
00000000
00000000
00101000
00000000
00000000
00011000
,
00000000
00000000
00010100
00000000
00000000
00011000
00000000
00000000
,
00011000
00000000
00001000
00000000
00010000
00000000
00001000
00100000
,
00010000
00000000
00100000
00000000
01000000
10000000
01000000
10000000
,
01000000
00000000
00100000
00000000
00010000
00000000
01000000
00001000
,
01000000
00000000
00001000
00000000
00010000
00001000
00010000
00001000
,
00010000
00000000
00000100
00000000
00001000
00000000
00000010
00000100
,
00000010
00000000
00000100
00000000
00000001
00001000
00000001
00001000
,
00000100
00000000
00010000
00000000
00001000
00000000
00010000
00000100
,
00010000
00000000
00000100
00000000
00001000
00000100
00001000
00000100
,
00010000
00000000
00001000
00000000
00100000
00000000
00001000
01000000
,
00001000
00000000
01000000
00000000
00010000
00100000
00010000
00100000
,
00010000
00000000
00100000
00000000
01000000
00000000
00100000
00010000
,
00100000
00000000
00001000
00000000
00100000
00001000
00100000
00001000
,
00010000
00000000
00001000
00000000
00000000
00010000
00000000
00000000
00001000
00000000
00000000
00010000
00000000
00000000
00001000
00000000
,
00000000
00010000
00000000
00000000
00001000
00000000
00000000
00010000
00000000
00000000
00001000
00000000
00010000
00000000
00001000
00000000
,
00010000
00000100
00000000
00000000
00001000
00000100
00000000
00010000
,
00001000
00000000
00000000
00000000
,
00022000
00000000
00000000
00000000
00000000
00000000
00000000
00033000
;

//---------------dance-double - ----------------
#NOTES:
     dance-double:
     :
     Hard:
     9:
     0.606,0.885,0.364,0.137,0.474,545.000,53.000,20.000,0.000,0.000:
00000000
00000000
00000000
00000000
,
00000000
00000000
00000000
00000000
,
00202000
00000000
00000000
00000000
,
00000000
00003000
20000000
30000000
,
00020000
00000000
00000000
00000000
,
00000000
00000000
00000000
00030000
,
00002000
00000000
00000000
00000000
,
00000000
00300000
00003200
00000000
,
00000002
00000000
00000000
00000300
,
00001003
00000000
00000000
00000000
00000100
00000010
00000100
00000010
00000100
00000000
00010000
00000000
00101000
00000000
00000000
00000000
,
00011000
00000000
00010000
00000000
00000000
00100000
00000000
00000000
10000000
00000000
00000000
01000000
00000000
00000000
00100000
00000000
,
00000000
00010000
00000000
00000000
00001000
00000000
00000000
00000100
00000000
00000000
00000010
00000000
00000001
00000000
00000100
00000000
,
00000000
00000001
00000000
00000000
00000010
00000000
00000000
00001000
00000000
00000000
00010000
00000000
00000000
00001000
00000000
00000100
,
00000000
00000010
00000000
00000000
00010000
00000000
00000000
00001000
00000000
00000000
00100000
00000000
00010000
00000000
01000000
00000000
,
00010000
00000000
10000000
00000000
00000000
00100000
00000000
00000000
01000000
00000000
00000000
00010000
00000000
00000000
00001000
00000000
,
00000000
00000010
00000000
00000000
00000100
00000000
00000000
00000001
00000000
00000000
00000100
00000000
00000001
00000000
00002000
00000000
,
00000000
00000100
00000000
00000000
00000020
00003000
00000000
00000100
00000030
00000000
00020000
00000000
00000000
00001000
00030000
00010000
,
00000000
00001000
00000000
00000000
00100000
00010000
00000000
01000000
00000000
00100000
00000000
00010000
00001000
00000000
00001000
00010000
,
00001000
00000000
00101000
00000000
00000000
00110000
00000000
00000000
01100000
00000000
00000000
00110000
00000000
00000000
00101000
00000000
,
00000000
00011000
00000000
00000000
00010010
00000000
00000000
00001010
00000000
00000000
00000110
00000000
00000100
00000000
00001001
00000000
,
00000000
00000000
00000000
00000000
,
00000000
00000000
00000000
00000000
,
00011000
00000000
00010100
00000000
00000000
00001100
00000000
00000000
00010010
00000000
00000000
00011000
00000000
00000000
01001000
00000000
,
00000000
00110000
00000000
00000000
00011000
00000000
00000000
00010010
00000000
00000000
00001100
00000000
00010100
00000000
00011000
00000000
,
00000000
00000000
00000000
00000000
,
00000000
00000000
00000000
00000000
,
10000000
00000000
01000000
00000000
00100000
00000000
00010000
00000000
10000000
00000000
01000000
00000000
00100000
00000000
00001000
00010000
,
00001000
00000000
00010000
00000000
00000100
00000000
00010000
00000000
00000010
00000000
00010000
00000000
00001000
00000000
00010000
00000100
,
00010000
00000000
00000100
00000000
00000010
00000000
00000001
00000000
00001000
00000000
00000100
00000000
00000010
00000000
00000001
00001000
,
00000001
00000000
00000100
00000000
00000010
00000000
00001000
00000000
00000001
00000000
00000100
00000000
00000010
00000000
00010000
00001000
,
00010000
00000000
00001000
00000000
00100000
00000000
00010000
00100000
00010000
00000000
10000000
00000000
01000000
00000000
10000000
00010000
,
10000000
00000000
00010000
00000000
01000000
00000000
00001000
00010000
00001000
00000000
00010000
00000000
00000100
00000000
00001000
00000100
,
00001000
00000000
00000010
00001000
00000010
00000000
00001000
00000001
00001000
00000000
00000100
00010000
00000100
00000000
00010000
00001000
,
00010000
00001000
00010000
00001000
00010000
00001000
00010000
00001000
00010000
00001000
00010000
00001000
00010000
00001000
00010000
00002000
,
00020000
00000000
00000000
00000000
,
00033000
00000000
00000000
00000000
00000000
00000000
00100000
10010000
,
01000000
00000000
01010000
00000000
00000000
01001000
00000000
00000000
00011000
00000000
00000000
00010010
00000000
00000000
00001010
00000000
,
00000000
00000110
00000000
00000000
00000101
00000000
00000000
00001100
00000000
00000000
00011000
00000000
00000000
00000000
00000000
00000000
,
10000000
00000000
00100000
00000000
00010000
00000000
00001000
00000000
00010000
00000000
01000000
00000000
10000000
00000000
00100000
01000000
,
00010000
00000000
00100000
00000000
00001000
00000000
00010000
00000000
00000010
00001000
00000010
00000000
00000100
00000001
00001000
00000000
,
00000001
00000000
00001000
00000000
00000100
00000000
00000010
00000000
00001000
00000000
00000010
00000000
00000100
00000000
00010000
00001000
,
00010000
00000000
00001000
00000000
00010000
00000000
00100000
00000000
01000000
00000000
00010000
00100000
00000000
00100000
01000000
00000000
,
10000000
00000000
00100000
00000000
01000000
00000000
10000000
00000000
01000000
00000000
00001000
00000000
00010000
00000000
00001000
00100000
,
00010000
00000000
01000000
00000000
00001000
00000000
00010000
00000000
00000100
00001000
00000100
00000000
00000010
00000001
00000100
00000001
,
00001000
00000000
00000001
00000000
00000010
00000000
00000001
00000000
00000100
00000000
00000010
00000000
00010000
00000000
00001000
00010000
,
00001000
00000000
00010000
00001000
00000000
00001000
00010000
00000000
00000100
00000000
00000000
00000010
00000000
00000000
00000001
00000000
,
00001000
00000000
00000100
00000000
00000010
00000000
00001000
00000000
00010000
00000000
00100000
00000000
01000000
00000000
00010000
00100000
,
01000000
00000000
10000000
00000000
01000000
00000000
00010000
00000000
00001000
00010000
00001000
00000000
00000100
00000000
00000001
00001000
,
00000100
00000000
00000010
00000000
00000001
00000000
00000100
00000000
00001000
00000000
00010000
00000000
00001000
00000000
00000100
00000010
,
00001000
00000000
00000100
00000000
00010000
00000000
00001000
00000000
00000100
00000000
00000001
00000010
00000000
00000010
00000001
00000000
,
00000100
00000000
00001000
00000000
00010000
00000000
00100000
00000000
00010000
00000000
00001000
00000000
00100000
00000000
00010000
01000000
,
00100000
00000000
00010000
00000000
00100000
00000000
10000000
00000000
00010000
00000000
00100000
00000000
01000000
10000000
00100000
10000000
,
00010000
00000000
00000000
01000000
01010000
00000000
00000000
00001000
,
00011000
00000000
00000000
00000000
00001000
00010000
00001000
00010000
00001000
00000000
00010000
00000000
00000100
00000000
00000000
00000000
,
00001000
00000100
00000010
00000001
,
00000100
00000010
00001000
00000100
,
00010000
00001000
00100000
00010000
,
10000000
01000000
10000000
00100000
,
01000000
00010000
00100000
00001000
,
00010000
00000100
00001000
00000010
,
00000100
00000001
00001000
00000100
,
00000010
00000100
00010000
00001000
,
00012000
00000000
00010000
00000000
00000000
00023000
00000000
00000000
00001000
00030000
00000000
00002000
00000000
00000000
00103000
00000000
,
00000000
00200000
00000000
00000000
01000000
00000000
00000000
01300000
00000000
00000000
01000000
00000000
10000000
00000000
00200000
00000000
,
00000000
01000000
00000000
00000000
01300000
00000000
00000000
00200000
00000000
00000000
00010000
00000000
00000000
00310000
00000000
00001000
,
00000000
00010000
00000000
00000000
00000100
00000000
00000000
00001100
00000000
00000000
00001000
00000000
00000001
00000000
00000100
00000000
,
00000001
00000000
00000010
00000000
00000000
00000100
00000000
00000000
00001000
00000000
00000000
00010000
00000000
00000000
00100000
00000000
,
00000000
01000000
00000000
00000000
10000000
00000000
00000000
00100000
00000000
00000000
00010000
00000000
00001000
00000000
00010000
00000000
,
01000000
00000000
00000000
10000000
01000000
00000000
00100000
00000000
00000000
00100000
00010000
00000000
00100000
00000000
00001000
00000000
,
00011000
00000000
00000000
00000000
00000000
00000000
00010100
00001000
,
00000010
00000000
00001001
00000000
00000000
00000101
00000000
00000000
00001100
00000000
00000000
00011000
00000000
00000000
00101000
00000000
,
00000000
00110000
00000000
00000000
01100000
00000000
00000000
11000000
00000000
00000000
10010000
00000000
00000000
00000000
00000000
00000000
,
10100000
00000000
00100000
00000000
01000000
00000000
00100000
00000000
00010000
00000000
00001000
00010000
00000000
00010000
00001000
00000000
,
00010000
00000000
01000000
00000000
10000000
00000000
01000000
00000000
00010000
00000000
00001000
00010000
00001000
00000000
00010000
00000000
,
00001000
00000000
00000100
00000000
00000010
00000000
00000100
00000000
00000001
00000000
00000010
00000100
00000000
00000100
00001000
00000100
,
00000000
00010000
00000000
00000000
00001000
00000000
00000000
00100000
00000000
00000000
00010000
00000000
01000000
00000000
00100000
00000000
,
00010000
00000000
00001000
00000000
00010000
00000000
01000000
00000000
00100000
00000000
00010000
10000000
00000000
10000000
00100000
00000000
,
01000000
00000000
00100000
00000000
00010000
00000000
00001000
00000000
00000100
00000000
00000010
00001000
00000001
00000000
00000010
00000000
,
00000001
00000000
00000010
00000000
00000100
00000000
00001000
00000010
00000000
00000010
00001000
00000010
00000000
00000100
00000000
00000001
,
00000000
00001000
00000000
00000000
00000100
00000000
00000010
00000000
00001000
00000000
00010000
00000000
00001000
00000000
00000100
00000000
,
00000010
00000000
00010000
00000000
00001000
00000000
00100000
00000000
00010000
00000000
01000000
00010000
00000000
00010000
00100000
00000000
,
01000000
00000000
10000000
00000000
01000000
00000000
00100000
00000000
00001000
00000000
00010000
00001000
00010000
00000000
00001000
00000000
,
00010000
00000000
01000000
00000000
10000000
00000000
00100000
01000000
00000000
01000000
00100000
01000000
00000000
00010000
00000000
00100000
,
00000000
00001000
00000000
00000000
00010000
00000000
00001000
00000000
00010000
00000000
00000100
00000000
00001000
00000000
00000010
00000000
,
00000100
00000000
00000001
00000000
00000000
00000010
00000000
00000000
00000100
00000000
00000000
00001000
00000000
00000000
00000010
00000000
,
00000000
00000100
00000000
00000000
00001000
00000000
00000000
00010000
00000000
00000000
00100000
00000000
01000000
00000000
00010000
00000000
,
00000000
00100000
00001000
00000000
00010000
00000100
00000000
00010000
00000010
00000000
00010000
00001000
00000000
01000000
00010000
00000000
,
01010000
00000000
00000000
00000000
,
00022000
00000000
00000000
00000000
00000000
00000000
00000000
00033000
;
