#TITLE:BE TOGETHER;
#SUBTITLE:;
#ARTIST:NI-NI;
#TITLETRANSLIT:;
#SUBTITLETRANSLIT:;
#ARTISTTRANSLIT:;
#CREDIT:;
#BANNER:BE TOGETHER.png;
#BACKGROUND:BE TOGETHER-bg.png;
#LYRICSPATH:;
#CDTITLE:./CDTITLES/DANCE MANIA J-PARADISE.PNG;
#MUSIC:BE TOGETHER.mp3;
#OFFSET:-0.049;
#SAMPLESTART:47.920;
#SAMPLELENGTH:12.000;
#SELECTABLE:YES;
#BPMS:0.000=140.000;
#STOPS:;
#BGCHANGES:;
// cache tags:
#FIRSTBEAT:16.000;
#LASTBEAT:186.000;
#SONGFILENAME:Songs/DDI/BE TOGETHER/BE TOGETHER.sm;
#HASMUSIC:1;
#HASBANNER:1;
#MUSICLENGTH:81.265;
// end cache tags

//---------------dance-single - ----------------
#NOTES:
     dance-single:
     :
     Easy:
     3:
     0.192,0.257,0.074,0.000,0.000,103.000,6.000,0.000,0.000,0.000:  // measure 1
0000
0000
0000
0000
,  // measure 2
0000
0000
0000
0000
,  // measure 3
0000
0000
0000
0000
,  // measure 4
0000
0000
0000
0000
,  // measure 5
1000
0000
0001
0000
,  // measure 6
0000
0000
0000
0000
,  // measure 7
1000
0000
0001
0000
,  // measure 8
1000
0000
0001
0000
,  // measure 9
0000
0000
0000
0000
,  // measure 10
0000
0000
0000
0000
,  // measure 11
1000
0000
0001
0000
,  // measure 12
0001
0000
1000
0000
,  // measure 13
0100
0000
0010
0000
,  // measure 14
1001
0000
0000
0000
,  // measure 15
0100
0000
0010
0000
,  // measure 16
0010
0000
0100
0000
,  // measure 17
0001
0000
1000
0000
,  // measure 18
1001
0000
0000
0000
,  // measure 19
1000
0000
0001
0000
,  // measure 20
1000
0000
0001
0000
,  // measure 21
1000
0001
1000
0001
,  // measure 22
1000
0000
0001
0000
,  // measure 23
0010
0000
0100
0000
,  // measure 24
0010
0000
0100
0000
,  // measure 25
1000
0000
0001
0000
,  // measure 26
1001
0000
1001
0000
,  // measure 27
1000
0000
0100
0000
,  // measure 28
0010
0000
0000
0001
1000
0000
0000
0000
,  // measure 29
0001
0000
1000
0000
,  // measure 30
0001
0100
1000
0010
,  // measure 31
1000
0000
0001
0000
,  // measure 32
1000
0010
0001
0100
,  // measure 33
0001
0000
1000
0000
,  // measure 34
0001
0100
1000
0010
,  // measure 35
0001
0000
0100
0000
,  // measure 36
1000
0000
0010
0000
,  // measure 37
1000
1000
1000
1000
,  // measure 38
1000
0100
0001
0010
,  // measure 39
0001
0001
0001
0001
,  // measure 40
0001
0010
1000
0100
,  // measure 41
1000
1000
1000
1000
,  // measure 42
1000
0100
0001
0010
,  // measure 43
0001
0001
0001
0001
,  // measure 44
0001
0010
1000
0100
,  // measure 45
0001
0000
0010
0000
,  // measure 46
1000
0000
0100
0000
,  // measure 47
1001
0000
1001
0000
;

//---------------dance-single - ----------------
#NOTES:
     dance-single:
     :
     Medium:
     5:
     0.380,0.401,0.258,0.000,0.018,195.000,21.000,0.000,0.000,0.000:  // measure 1
0000
0000
0000
0000
,  // measure 2
0000
0000
0000
0000
,  // measure 3
0000
0000
0000
0000
,  // measure 4
0000
0000
0000
0000
,  // measure 5
1000
0001
1000
0000
0001
1000
0001
0000
,  // measure 6
0100
0010
0100
0010
,  // measure 7
1000
0100
0001
0100
,  // measure 8
1000
0100
0001
0100
,  // measure 9
1000
1000
0001
0001
,  // measure 10
0100
0000
0010
0000
0100
0010
0110
0000
,  // measure 11
1000
0100
1000
0000
0001
0100
0001
0000
,  // measure 12
1000
0000
0001
0000
1000
0001
1001
0000
,  // measure 13
0100
0010
0100
0000
0010
0100
0010
0000
,  // measure 14
1001
0000
0000
0000
,  // measure 15
1000
0100
0001
0000
0001
0100
1000
0000
,  // measure 16
1000
0100
0001
0000
0001
0100
0001
0000
,  // measure 17
0001
0010
1000
0000
1000
0010
0001
0000
,  // measure 18
1001
0000
0000
0000
,  // measure 19
1000
0011
0001
1100
,  // measure 20
1000
0000
0011
0000
0001
1000
1001
0000
,  // measure 21
0001
1000
1000
0000
1000
0001
0001
0000
,  // measure 22
1010
0000
0101
0000
0100
0010
0010
0000
,  // measure 23
0001
1010
1000
0101
,  // measure 24
0010
0000
1100
0000
0010
0100
0100
0000
,  // measure 25
1000
0000
0001
0000
,  // measure 26
0110
0000
0110
1001
,  // measure 27
1000
0000
0000
0001
0000
0000
0000
0000
0100
0000
0000
0010
0000
0000
0000
0000
,  // measure 28
1000
0000
0000
0001
0000
0000
1000
0000
0001
0000
0000
0000
1001
0000
0000
0000
,  // measure 29
1000
0100
1000
0000
0001
0010
0001
0000
,  // measure 30
1000
0100
0001
0010
,  // measure 31
0001
0010
0001
0000
1000
0100
1000
0000
,  // measure 32
0001
0010
1000
0100
,  // measure 33
0010
0100
0010
0000
0100
0010
0100
0000
,  // measure 34
1000
0100
0001
0010
,  // measure 35
0100
0010
0100
0000
0010
0100
0010
0000
,  // measure 36
0001
0010
1000
0100
,  // measure 37
0001
0000
0001
0000
0001
0000
0001
0100
,  // measure 38
1000
0100
0001
0010
,  // measure 39
1000
0000
1000
0000
1000
0000
1000
0010
,  // measure 40
0001
0010
1000
0100
,  // measure 41
1000
0001
1000
0000
0100
0010
0100
0010
,  // measure 42
1000
0100
0001
0010
,  // measure 43
0001
1000
0001
0000
0010
0100
0010
0100
,  // measure 44
0001
0010
1000
0100
,  // measure 45
0011
0000
1100
0000
,  // measure 46
1000
0100
0001
0010
,  // measure 47
1100
0000
0011
0000
;

//---------------dance-single - ----------------
#NOTES:
     dance-single:
     :
     Hard:
     7:
     0.448,0.515,0.271,0.000,0.265,233.000,22.000,0.000,0.000,0.000:  // measure 1
0000
0000
0000
0000
,  // measure 2
0000
0000
0000
0000
,  // measure 3
0000
0000
0000
0000
,  // measure 4
0000
0000
0000
0000
,  // measure 5
1000
0000
0000
0001
0000
0000
0100
0000
0010
0000
0000
1000
0000
0000
0001
0000
,  // measure 6
0000
0000
0000
0000
,  // measure 7
1000
0100
1000
0000
0001
0010
0001
0000
,  // measure 8
1000
1000
0010
0000
0001
0001
0100
0000
,  // measure 9
1000
0000
0000
0001
0000
0000
1000
0000
1000
0000
0000
0100
0000
0000
1000
0000
,  // measure 10
0001
0000
0000
1000
0000
0000
0001
0000
0100
0010
0000
0010
0100
0000
0000
0000
,  // measure 11
0001
0000
0000
0011
0000
0000
0010
0000
1000
0000
0000
1100
0000
0000
0100
0000
,  // measure 12
1000
0000
0100
0000
0001
1000
0001
0000
,  // measure 13
0100
0000
0000
0001
0000
0000
0100
0000
0010
0000
0000
1000
0000
0000
0010
0000
,  // measure 14
0100
0000
0000
0000
,  // measure 15
0110
0000
0000
1000
0000
0000
0001
0000
1001
0000
0000
0010
0000
0000
0100
0000
,  // measure 16
1000
0000
0001
0000
0010
0100
0010
0000
,  // measure 17
1000
0000
0000
0001
0000
0000
0001
0000
0100
0000
0000
0010
0000
0000
0010
0000
,  // measure 18
1000
0000
0000
0000
,  // measure 19
0001
0000
0000
0010
0000
0000
0100
0000
1000
0000
0000
0100
0000
0000
0001
0000
,  // measure 20
0100
0000
0000
0100
0000
0000
0010
0000
1000
0000
0000
0001
0000
0000
1001
0000
,  // measure 21
1000
0000
0000
0001
0000
0000
1000
0000
1000
0000
0000
0010
0000
0000
0100
0000
,  // measure 22
0010
0000
0000
0110
1001
0000
0000
0000
,  // measure 23
1001
0000
0000
0110
0000
0000
1000
0000
0001
0000
0000
0010
0000
0000
0100
0000
,  // measure 24
0110
0000
0000
1001
0000
0000
0010
0000
0001
0000
0000
1000
0000
0000
1001
0000
,  // measure 25
1000
0000
0110
0000
,  // measure 26
0001
0000
1010
0101
,  // measure 27
0010
0000
0000
0100
0000
0000
0000
0000
1000
0000
0000
0001
0000
0000
0000
0000
,  // measure 28
1000
0000
0000
0101
0000
0000
0001
0000
1100
0000
0000
0000
0000
0000
0000
0000
,  // measure 29
1000
0000
0000
1000
0100
0000
0000
0000
0010
0000
0000
0010
0001
0000
0000
0000
,  // measure 30
0100
0000
0000
0100
0010
0000
0000
0010
1000
0000
0000
1000
0100
0000
0000
0000
,  // measure 31
0010
0000
0000
0010
0001
0000
0000
0000
0010
0000
0000
0010
0100
0000
0000
0000
,  // measure 32
1000
0000
0000
1000
0010
0000
0000
0010
0100
0000
0000
0100
0001
0000
0000
0000
,  // measure 33
1000
0000
0000
1000
0100
0000
0000
0000
0010
0000
0000
0010
0001
0000
0000
0000
,  // measure 34
1000
0000
0000
1000
0001
0000
0000
0001
0100
0000
0000
0100
0010
0000
0000
0000
,  // measure 35
0100
0010
0001
0000
0010
0100
1000
0000
,  // measure 36
1000
0100
0010
0001
1000
0100
0011
0000
,  // measure 37
1000
0001
1000
0001
1000
0001
1000
0001
,  // measure 38
1000
0100
0001
0100
1000
0100
0001
0000
,  // measure 39
1000
0100
0010
0001
1000
0100
0010
0001
,  // measure 40
1000
0100
0001
0100
1000
0100
0001
0000
,  // measure 41
0001
0010
0100
1000
0001
0010
0100
1000
,  // measure 42
0001
0100
1000
0100
0001
0100
1000
0000
,  // measure 43
0001
0010
0100
1000
1000
0100
0010
0001
,  // measure 44
0001
0010
0100
1000
1000
0100
0010
0000
,  // measure 45
0011
0000
1100
0000
,  // measure 46
1000
0100
0001
0010
,  // measure 47
1100
0000
0011
0000
;

//---------------dance-double - ----------------
#NOTES:
     dance-double:
     :
     Easy:
     3:
     0.193,0.257,0.086,0.000,0.000,103.000,7.000,0.000,0.000,0.000:  // measure 1
00000000
00000000
00000000
00000000
,  // measure 2
00000000
00000000
00000000
00000000
,  // measure 3
00000000
00000000
00000000
00000000
,  // measure 4
00000000
00000000
00000000
00000000
,  // measure 5
00001000
00000000
00010000
00000000
,  // measure 6
00000000
00000000
00000000
00000000
,  // measure 7
00010000
00000000
10000000
00000000
,  // measure 8
00010000
00000000
00011000
00000000
,  // measure 9
00000000
00000000
00000000
00000000
,  // measure 10
00000000
00000000
00000000
00000000
,  // measure 11
00001000
00000000
00000001
00000000
,  // measure 12
00001000
00000000
00010000
00000000
,  // measure 13
01000000
00000000
00100000
00000000
,  // measure 14
00011000
00000000
00000000
00000000
,  // measure 15
01000000
00000000
00010000
00000000
,  // measure 16
00001000
00000000
00000100
00000000
,  // measure 17
00000001
00000000
00001000
00000000
,  // measure 18
00011000
00000000
00000000
00000000
,  // measure 19
10000000
00000000
00010000
00000000
,  // measure 20
10000000
00000000
00010000
00000000
,  // measure 21
00001000
00010000
00001000
00010000
,  // measure 22
00001000
00000000
00010000
00000000
,  // measure 23
00100000
00000000
01000000
00000000
,  // measure 24
00100000
00000000
01000000
00000000
,  // measure 25
00100000
00000000
00011000
00000000
,  // measure 26
00001000
00000000
00001001
00000000
,  // measure 27
00001000
00000000
00010000
00000000
,  // measure 28
00011000
00000000
00000000
00010000
00001000
00000000
00000000
00000000
,  // measure 29
00010000
00000000
10000000
00000000
,  // measure 30
00010000
01000000
10000000
00100000
,  // measure 31
10000000
00000000
00010000
00000000
,  // measure 32
10000000
00100000
00010000
01000000
,  // measure 33
00010000
00000000
00001000
00000000
,  // measure 34
00000001
00000010
00001000
00000100
,  // measure 35
00000001
00000000
00000100
00000000
,  // measure 36
00001000
00000000
00000010
00000000
,  // measure 37
00001000
00001000
00001000
00001000
,  // measure 38
00010000
00100000
10000000
10000000
,  // measure 39
10000000
10000000
01000000
00100000
,  // measure 40
00010000
00100000
10000000
01000000
,  // measure 41
00010000
00010000
00010000
00010000
,  // measure 42
00001000
00000100
00000001
00000010
,  // measure 43
00001000
00001000
00001000
00001000
,  // measure 44
00010000
00100000
10000000
01000000
,  // measure 45
00010000
00000000
00100000
00000000
,  // measure 46
10000000
00000000
01000000
00000000
,  // measure 47
00100000
00000000
00011000
00000000
;

//---------------dance-double - ----------------
#NOTES:
     dance-double:
     :
     Medium:
     5:
     0.374,0.401,0.221,0.000,0.018,195.000,18.000,0.000,0.000,0.000:  // measure 1
00000000
00000000
00000000
00000000
,  // measure 2
00000000
00000000
00000000
00000000
,  // measure 3
00000000
00000000
00000000
00000000
,  // measure 4
00000000
00000000
00000000
00000000
,  // measure 5
10000000
00010000
10000000
00000000
00010000
00001000
00010000
00000000
,  // measure 6
00001000
00000100
00000010
00000001
,  // measure 7
00001000
00000100
00000001
00000010
,  // measure 8
00001000
00000100
00000001
00000010
,  // measure 9
00001000
00010000
01000000
10000000
,  // measure 10
01000000
00000000
00100000
00000000
01000000
00100000
01100000
00000000
,  // measure 11
00010000
00001000
00010000
00000000
00001000
00010000
00001000
00000000
,  // measure 12
00010000
00000000
00001000
00000000
00010000
00001000
00011000
00000000
,  // measure 13
00010000
00100000
01000000
00000000
01000000
00100000
00010000
00000000
,  // measure 14
00011000
00000000
00000000
00000000
,  // measure 15
10000000
01000000
00010000
00000000
00001000
00000100
00000001
00000000
,  // measure 16
00000001
00000100
00001000
00000000
00010000
00001000
00010000
00000000
,  // measure 17
00010000
01000000
10000000
00000000
10000000
01000000
00010000
00000000
,  // measure 18
00011000
00000000
00000000
00000000
,  // measure 19
00010000
00100000
00010000
00001000
,  // measure 20
00000100
00000000
00001000
00000000
00000001
00001000
00001000
00000000
,  // measure 21
00010000
00010000
10000000
00000000
10000000
00010000
00010000
00000000
,  // measure 22
10100000
00000000
01010000
00000000
01000000
00100000
00100000
00000000
,  // measure 23
00010000
10100000
10000000
01010000
,  // measure 24
00010000
00000000
00011000
00000000
00001000
00010000
00011000
00000000
,  // measure 25
00010000
00000000
10000000
00000000
,  // measure 26
01100000
00000000
01100000
10010000
,  // measure 27
10000000
00000000
00000000
00010000
00000000
00000000
00000000
00000000
00001000
00000000
00000000
00010000
00000000
00000000
00000000
00000000
,  // measure 28
00001000
00000000
00000000
00000100
00000000
00000000
00000010
00000000
00000001
00000000
00000000
00000000
00001001
00000000
00000000
00000000
,  // measure 29
00001000
00000100
00001000
00000000
00010000
00100000
00010000
00000000
,  // measure 30
10000000
01000000
00010000
00100000
,  // measure 31
00010000
00001000
00010000
00000000
00001000
00010000
00001000
00000000
,  // measure 32
00010000
00100000
10000000
01000000
,  // measure 33
00100000
00010000
00100000
00000000
00010000
00001000
00010000
00000000
,  // measure 34
00001000
00000100
00000001
00000010
,  // measure 35
00000100
00000010
00000100
00000000
00001000
00010000
00001000
00000000
,  // measure 36
00010000
00100000
10000000
01000000
,  // measure 37
00010000
00000000
00010000
00000000
00010000
00000000
00010000
01000000
,  // measure 38
10000000
01000000
00010000
00100000
,  // measure 39
00001000
00000000
00001000
00000000
00001000
00000000
00001000
00000100
,  // measure 40
00000001
00000010
00001000
00000100
,  // measure 41
00000001
00001000
00000001
00000000
00000100
00000010
00000100
00001000
,  // measure 42
00010000
00100000
10000000
01000000
,  // measure 43
00010000
10000000
00010000
00000000
00100000
01000000
00100000
00010000
,  // measure 44
00001000
00000010
00000001
00000100
,  // measure 45
00000011
00000000
00001100
00000000
,  // measure 46
00001000
00010000
00100000
10000000
,  // measure 47
00110000
00000000
00001100
00000000
;

//---------------dance-double - ----------------
#NOTES:
     dance-double:
     :
     Hard:
     7:
     0.459,0.486,0.209,0.000,0.265,244.000,17.000,0.000,0.000,0.000:  // measure 1
00000000
00000000
00000000
00000000
,  // measure 2
00000000
00000000
00000000
00000000
,  // measure 3
00000000
00000000
00000000
00000000
,  // measure 4
00000000
00000000
00000000
00000000
,  // measure 5
00100000
00000000
00000000
00010000
00000000
00000000
00010000
00000000
00001000
00000000
00000000
00001000
00000000
00000000
00000100
00000000
,  // measure 6
00001000
00000001
00001000
00000010
,  // measure 7
00000001
00000100
00001000
00000000
00000001
00000100
00001000
00000000
,  // measure 8
00010000
00100000
10000000
00000000
00010000
01000000
10000000
00000000
,  // measure 9
10000000
00000000
00000000
00010000
00000000
00000000
00100000
00000000
00010000
00000000
00000000
01000000
00000000
00000000
00100000
00000000
,  // measure 10
00010000
00000000
00000000
10000000
00000000
00000000
01000000
00000000
00100000
00010000
00000000
00010000
00100000
00000000
00000000
00000000
,  // measure 11
00010000
00000000
00000000
00100000
00000000
00000000
00010000
00000000
10000000
00000000
00000000
01000000
00000000
00000000
00010000
00000000
,  // measure 12
10000000
00000000
01000000
00000000
00010000
00001000
00010000
00000000
,  // measure 13
00001000
00000000
00000000
00000010
00000000
00000000
00000100
00000000
00000010
00000000
00000000
00001000
00000000
00000000
00010000
00000000
,  // measure 14
00100000
10000000
00010000
10000000
,  // measure 15
01100000
00000000
00000000
10000000
00000000
00000000
00010000
00000000
10010000
00000000
00000000
00100000
00000000
00000000
01000000
00000000
,  // measure 16
00010000
00000000
00001000
00000000
00000100
00000001
00000100
00000000
,  // measure 17
00001000
00000000
00000000
00000100
00000000
00000000
00001000
00000000
00000010
00000000
00000000
00000100
00000000
00000000
00000010
00000000
,  // measure 18
00001001
00000100
00010000
00001000
,  // measure 19
00010000
00000000
00000000
00100000
00000000
00000000
01000000
00000000
10000000
00000000
00000000
01000000
00000000
00000000
00010000
00000000
,  // measure 20
00001000
00000000
00000000
00000010
00000000
00000000
00000100
00000000
00000010
00000000
00000000
00001000
00000000
00000000
00010000
00000000
,  // measure 21
00100000
00000000
00000000
01000000
00000000
00000000
00010000
00000000
10000000
00000000
00000000
00100000
00000000
00000000
01000000
00000000
,  // measure 22
00100000
00000000
00000000
01100000
10010000
00000000
00100000
00000000
,  // measure 23
00010000
00000000
00000000
00001000
00000000
00000000
00000100
00000000
00000001
00000000
00000000
00000010
00000000
00000000
00000100
00000000
,  // measure 24
00000110
00000000
00000000
00001001
00000000
00000000
00000010
00000000
00000001
00000000
00000000
00001000
00000000
00000000
00001001
00000000
,  // measure 25
00001000
00000000
00011000
00000000
,  // measure 26
00010000
00000000
01100000
10010000
,  // measure 27
00100000
00000000
00000000
00101000
00000000
00000000
00000000
00000000
00001000
00000000
00000000
00010100
00000000
00000000
00000000
00000000
,  // measure 28
00001000
00000000
00000000
00001000
00000000
00000000
00010000
00000000
00001000
00000000
00000000
00000000
00000000
00000000
00000000
00000000
,  // measure 29
00001000
00000000
00000000
00001000
00000100
00000000
00000000
00000000
00000010
00000000
00000000
00000010
00000001
00000000
00000000
00000000
,  // measure 30
00000100
00000000
00000000
00000100
00000010
00000000
00000000
00000010
00001000
00000000
00000000
00001000
00010000
00000000
00000000
00000000
,  // measure 31
01000000
00000000
00000000
01000000
00100000
00000000
00000000
00000000
10000000
00000000
00000000
10000000
01000000
00000000
00000000
00000000
,  // measure 32
10000000
00000000
00000000
10000000
01000000
00000000
00000000
01000000
00100000
00000000
00000000
00100000
00001000
00000000
00000000
00000000
,  // measure 33
00010000
00000000
00000000
00010000
00000100
00000000
00000000
00000000
00000010
00000000
00000000
00000010
00000001
00000000
00000000
00000000
,  // measure 34
00000100
00000000
00000000
00000100
00000010
00000000
00000000
00000010
00001000
00000000
00000000
00001000
00010000
00000000
00000000
00000000
,  // measure 35
00010000
00100000
10000000
00000000
10000000
01000000
00010000
00000000
,  // measure 36
00010000
00001000
00000100
00001000
00000100
00000010
00000001
00000000
,  // measure 37
00000001
00000100
00000001
00000100
00000001
00000100
00000010
00000001
,  // measure 38
00001000
00000100
00001000
00000100
00001000
00010000
00100000
00000000
,  // measure 39
01000000
10000000
01000000
10000000
01000000
00100000
00010000
00001000
,  // measure 40
00000100
00001000
00000100
00001000
00000100
00000001
00000010
00000000
,  // measure 41
00001000
00000100
00000010
00000001
00001000
00000100
00000010
00000001
,  // measure 42
00000001
00000010
00000100
00001000
00000001
00000010
00000100
00000000
,  // measure 43
00000001
00000010
00000100
00001000
00010000
00100000
01000000
10000000
,  // measure 44
01000000
00100000
00010000
00001000
00000100
00000010
00000001
00000000
,  // measure 45
00000011
00000000
00001100
00000000
,  // measure 46
00010000
01000000
00100000
10000000
,  // measure 47
11000000
00000000
00110000
00000000
;
