#TITLE:FACE;
#SUBTITLE:;
#ARTIST:N.R.G;
#TITLETRANSLIT:;
#SUBTITLETRANSLIT:;
#ARTISTTRANSLIT:;
#CREDIT:;
#BANNER:FACE.png;
#BACKGROUND:FACE-bg.png;
#LYRICSPATH:;
#CDTITLE:./CDTITLES/KOREAN DANCE MUSIC.PNG;
#MUSIC:FACE.mp3;
#OFFSET:-0.054;
#SAMPLESTART:1.680;
#SAMPLELENGTH:12.000;
#SELECTABLE:YES;
#BPMS:0.000=125.040;
#STOPS:;
#BGCHANGES:;
// cache tags:
#FIRSTBEAT:12.000;
#LASTBEAT:196.000;
#SONGFILENAME:Songs/DDI/FACE/FACE.sm;
#HASMUSIC:1;
#HASBANNER:1;
#MUSICLENGTH:98.984;
// end cache tags

//---------------dance-single - ----------------
#NOTES:
     dance-single:
     :
     Easy:
     4:
     0.260,0.297,0.202,0.000,0.000,160.000,20.000,0.000,0.000,0.000:  // measure 1
0000
0000
0000
0000
,  // measure 2
0000
0000
0000
0000
,  // measure 3
0000
0000
0000
0000
,  // measure 4
1001
1000
0100
0100
,  // measure 5
0001
0100
1000
0010
,  // measure 6
1001
0100
0001
0001
,  // measure 7
0010
0100
0001
0001
,  // measure 8
1000
0100
0001
0001
,  // measure 9
0010
1000
0100
1001
,  // measure 10
0010
1000
1000
0100
,  // measure 11
0001
0100
0100
0001
,  // measure 12
0010
1000
1000
0100
,  // measure 13
1000
1000
1000
1000
,  // measure 14
0010
0001
0001
0100
,  // measure 15
1000
0100
0100
1000
,  // measure 16
0010
0001
0001
0100
,  // measure 17
0001
0001
0001
0001
,  // measure 18
1000
0100
1001
0001
,  // measure 19
0001
0100
1001
1000
,  // measure 20
1001
0100
1001
0100
,  // measure 21
0010
0010
0010
0010
,  // measure 22
0001
0100
1001
1000
,  // measure 23
1000
0100
1001
0001
,  // measure 24
1001
0100
1001
0100
,  // measure 25
0010
0010
0010
0010
,  // measure 26
0010
0000
0000
0000
,  // measure 27
1000
0000
1000
0000
,  // measure 28
0100
0000
0100
0000
,  // measure 29
0001
0000
0001
0000
,  // measure 30
0100
0000
0100
0000
,  // measure 31
1000
0000
1000
0000
,  // measure 32
0100
0000
0001
0000
,  // measure 33
0100
0000
1000
0000
,  // measure 34
0100
0000
0001
0000
,  // measure 35
0100
0000
1000
0000
,  // measure 36
0100
0000
0001
0100
,  // measure 37
0110
0001
0010
1000
,  // measure 38
0110
0001
0010
1000
,  // measure 39
0110
1000
0100
0001
,  // measure 40
0110
1000
0100
0001
,  // measure 41
0001
0000
0000
0000
,  // measure 42
0110
0001
1000
1000
,  // measure 43
0100
0001
0100
0100
,  // measure 44
0110
1000
0001
0001
,  // measure 45
0100
1000
0100
0100
,  // measure 46
1001
1000
0100
0100
,  // measure 47
1001
0001
0100
0100
,  // measure 48
0010
1000
0001
0010
,  // measure 49
0100
1000
0001
0100
,  // measure 50
1001
0000
0000
0000
;

//---------------dance-single - ----------------
#NOTES:
     dance-single:
     :
     Medium:
     6:
     0.322,0.371,0.374,0.000,0.000,186.000,37.000,0.000,0.000,0.000:  // measure 1
0000
0000
0000
0000
,  // measure 2
0000
0000
0000
0000
,  // measure 3
0000
0000
0000
0000
,  // measure 4
0010
0010
0101
1100
,  // measure 5
0001
0100
1000
0000
0010
1000
0001
0000
,  // measure 6
0010
0001
0100
0000
1000
0000
1000
0000
,  // measure 7
0010
1000
0100
0000
0001
0000
0001
0000
,  // measure 8
0100
0001
1000
0000
0010
0000
0010
0000
,  // measure 9
0010
1000
0001
0000
0100
0000
0100
0000
,  // measure 10
1010
0100
0001
0010
,  // measure 11
1001
0100
1001
0100
,  // measure 12
1000
1100
0001
0101
,  // measure 13
1010
0101
1000
1000
,  // measure 14
0011
0100
1000
0010
,  // measure 15
1001
0100
1001
0100
,  // measure 16
0110
0001
0100
1000
,  // measure 17
0011
0101
1000
0001
,  // measure 18
1001
0000
0100
0000
0010
1000
0100
0000
,  // measure 19
1001
0000
0100
0000
0010
0001
0100
0000
,  // measure 20
1000
0101
1000
1100
,  // measure 21
0001
0000
0100
0000
1000
0001
0100
0000
,  // measure 22
1001
0000
0100
0000
0010
0001
0100
0000
,  // measure 23
1001
0000
0100
0000
0010
1000
0100
0000
,  // measure 24
0001
1100
0001
0101
,  // measure 25
1000
0000
0100
0000
0001
1000
0100
0000
,  // measure 26
0100
0000
0000
0000
,  // measure 27
1000
0000
0100
0000
,  // measure 28
0001
0000
0010
0000
,  // measure 29
1000
0000
0010
0000
,  // measure 30
0001
0000
0100
0000
,  // measure 31
1000
0000
0100
0000
,  // measure 32
0001
0100
0010
0000
,  // measure 33
1000
0100
0010
0000
,  // measure 34
0001
0100
0010
0000
,  // measure 35
1000
0100
0010
0000
,  // measure 36
0001
0100
0010
1000
,  // measure 37
0010
0100
0011
1000
,  // measure 38
0010
0100
1010
0001
,  // measure 39
1100
0001
0010
1000
,  // measure 40
0101
1000
0010
0001
,  // measure 41
0100
0000
0000
0000
,  // measure 42
0010
0100
0001
0000
1010
0000
0001
0000
,  // measure 43
1000
0001
0100
0000
1001
0000
1100
0000
,  // measure 44
0001
1000
0100
0000
1001
0000
0101
0000
,  // measure 45
0010
0100
1000
0000
0011
0000
1000
0000
,  // measure 46
0010
1000
0001
0000
0100
0000
0100
0000
,  // measure 47
0010
0001
1000
0000
0100
0000
0100
0000
,  // measure 48
0110
0000
1001
0000
0010
1000
0001
0000
,  // measure 49
0110
0000
1001
0000
0010
0001
1000
0100
,  // measure 50
0010
0000
0000
0000
;

//---------------dance-single - ----------------
#NOTES:
     dance-single:
     :
     Hard:
     8:
     0.380,0.470,0.111,0.000,0.091,252.000,11.000,0.000,0.000,0.000:  // measure 1
0000
0000
0000
0000
,  // measure 2
0000
0000
0000
0000
,  // measure 3
0000
0000
0000
0000
,  // measure 4
0001
0100
1000
0000
0001
0010
1000
0000
,  // measure 5
0001
0100
1000
0100
0001
0100
1000
0000
,  // measure 6
0010
1000
0100
1000
0001
1000
1001
0000
,  // measure 7
0010
0001
0100
0001
1000
0001
1001
0000
,  // measure 8
0010
1000
0001
0010
0001
1000
0010
0000
,  // measure 9
0100
0001
0010
0100
1000
0010
0100
0000
,  // measure 10
0001
0100
0000
1000
0100
0000
0001
0100
0000
0000
0001
0000
1000
0000
0000
0000
,  // measure 11
1000
0100
0000
0001
0100
0000
1000
0100
0000
0000
1000
0000
0001
0000
0000
0000
,  // measure 12
0010
1000
0000
0010
0100
0000
0010
0001
0000
0000
0010
0000
0100
0000
0000
0000
,  // measure 13
0101
1000
1100
0001
,  // measure 14
1000
0100
0000
0001
0100
0000
1000
0100
0000
0000
1000
0000
0001
0000
0000
0000
,  // measure 15
0001
0100
0000
1000
0100
0000
0001
0100
0000
0000
0001
0000
1000
0000
0000
0000
,  // measure 16
0010
0001
0000
0010
0100
0000
0010
1000
0000
0000
0010
0000
0100
0000
0000
0000
,  // measure 17
0101
1100
0001
0001
,  // measure 18
1000
0100
0000
0100
0000
1000
0001
0000
,  // measure 19
0010
0100
0000
0010
0000
0100
0001
0000
,  // measure 20
1000
0001
0000
1000
0000
0100
0001
0000
,  // measure 21
0010
1000
0100
0001
,  // measure 22
1000
0100
0000
0100
0000
1000
0001
0000
,  // measure 23
0010
0100
0000
0010
0000
0100
0001
0000
,  // measure 24
1000
0001
0000
1000
0000
0100
0001
0000
,  // measure 25
0010
0001
0100
1000
,  // measure 26
0100
0000
0000
0000
,  // measure 27
1000
0010
0100
0000
,  // measure 28
1000
0100
0001
0000
,  // measure 29
0001
0010
0100
0000
,  // measure 30
0001
0100
1000
0000
,  // measure 31
0010
1000
0100
0000
,  // measure 32
1000
0001
0100
0000
,  // measure 33
0010
0001
0100
0000
,  // measure 34
0001
1000
0100
0000
,  // measure 35
0010
1000
0001
0000
,  // measure 36
0010
1000
0100
0001
,  // measure 37
1000
0100
0000
0100
0000
1000
0001
0000
,  // measure 38
0010
0100
0000
0010
0000
0100
0001
0000
,  // measure 39
1000
0001
0000
1000
0000
0100
0001
0000
,  // measure 40
0010
1000
0100
0001
,  // measure 41
1000
0000
0000
0000
,  // measure 42
1000
0100
1000
0010
0100
0001
0010
0001
,  // measure 43
0100
0001
0100
1000
0001
0010
1000
0100
,  // measure 44
0001
0100
0001
1000
0010
0001
1000
0010
,  // measure 45
0100
0001
0010
0100
0010
1000
0010
0001
,  // measure 46
1000
0001
0010
0100
0010
0001
1000
1001
,  // measure 47
0100
0010
0001
0010
0100
0001
1000
1001
,  // measure 48
0001
0100
1000
0100
0001
0010
0100
0110
,  // measure 49
0010
0001
0100
0010
1000
0100
0010
0110
,  // measure 50
1001
0000
0000
0000
;

//---------------dance-double - ----------------
#NOTES:
     dance-double:
     :
     Easy:
     4:
     0.290,0.322,0.253,0.000,0.000,176.000,25.000,0.000,0.000,0.000:  // measure 1
00000000
00000000
00000000
00000000
,  // measure 2
00000000
00000000
00000000
00000000
,  // measure 3
00000000
00000000
00000000
00000000
,  // measure 4
00100000
10000000
01000000
10010000
,  // measure 5
01000000
00010000
00000010
00000100
,  // measure 6
00000001
00000010
00001000
00000010
,  // measure 7
00000001
00000100
00001000
00000100
,  // measure 8
00010000
01001000
00010000
01000000
,  // measure 9
10000000
10010000
01000000
01000000
,  // measure 10
00010000
01000000
10000000
01000000
,  // measure 11
00100000
00010000
00001000
01000000
,  // measure 12
10000000
10010000
01000000
10010000
,  // measure 13
01100000
00001000
00000010
00000001
,  // measure 14
00001000
00000100
00000001
00000100
,  // measure 15
00000010
00001000
00010000
00000100
,  // measure 16
00000001
00001001
00000100
00001001
,  // measure 17
00000110
00010000
00100000
10000000
,  // measure 18
01100000
10000000
00010000
00010000
,  // measure 19
01100000
00010000
10000000
10000000
,  // measure 20
01000000
01000000
00010000
01000000
,  // measure 21
01001000
00010000
00010100
00001000
,  // measure 22
00000001
00001001
00000100
00001000
,  // measure 23
00000110
00000001
00000010
00000100
,  // measure 24
00010100
00001000
00000100
00000001
,  // measure 25
00000110
00010000
00100000
10000000
,  // measure 26
00100000
00000000
00000000
00000000
,  // measure 27
01100000
00010000
01000000
10000000
,  // measure 28
01000000
10000000
01000000
10000000
,  // measure 29
01000000
00010000
01000000
00010000
,  // measure 30
01000000
10000000
01000000
10000000
,  // measure 31
01000000
00010000
01000000
00010000
,  // measure 32
00100000
00010000
00001000
01000000
,  // measure 33
00100000
00010000
00000100
00000001
,  // measure 34
00000100
00001000
00000100
00000001
,  // measure 35
00000010
00001000
00001000
00001000
,  // measure 36
00001000
00000000
00000000
00000000
,  // measure 37
00000010
00001000
00010000
00000100
,  // measure 38
00000010
00001000
01000000
10000000
,  // measure 39
00100000
00010000
00001000
01000000
,  // measure 40
00100000
00010000
00000100
00000001
,  // measure 41
00000001
00000000
00000000
00000000
,  // measure 42
00000110
00010000
01000000
00100000
,  // measure 43
01100000
00001000
00000100
00000010
,  // measure 44
00000110
00010000
00001000
00000100
,  // measure 45
00010000
01000000
10000000
01100000
,  // measure 46
00001000
00000100
00000001
00000110
,  // measure 47
00010000
01000000
00010000
00001000
,  // measure 48
01001000
00010000
01000000
10000000
,  // measure 49
01100000
00001000
00010000
00000100
,  // measure 50
00000001
00000000
00000000
00000000
;

//---------------dance-double - ----------------
#NOTES:
     dance-double:
     :
     Medium:
     6:
     0.356,0.347,0.384,0.000,0.000,209.000,38.000,0.000,0.000,0.000:  // measure 1
00000000
00000000
00000000
00000000
,  // measure 2
00000000
00000000
00000000
00000000
,  // measure 3
00000000
00000000
00000000
00000000
,  // measure 4
00100000
01000000
00010000
00000000
10010000
00000000
00100000
00000000
,  // measure 5
01000000
00001000
00010000
00000000
01000000
00000000
10000000
00000000
,  // measure 6
00100000
01000000
00010000
00000000
00100000
01000000
10000000
00000000
,  // measure 7
00100000
00010000
00001000
00000000
00010100
00000000
00001000
00000000
,  // measure 8
00000010
00000100
00000010
00000000
00000010
00000100
00001000
00000000
,  // measure 9
00000001
00000100
00001000
00000000
01001000
00000000
00010000
00000000
,  // measure 10
00100000
00001000
00010000
01000000
,  // measure 11
00100000
00010000
01000000
00000000
01001000
00000000
00010000
00000000
,  // measure 12
00010100
00001000
00000100
00000110
,  // measure 13
00000001
00001100
00000101
00001000
,  // measure 14
00000010
00010000
00001000
00000100
,  // measure 15
00000010
00001000
00000100
00000000
00010100
00000000
00001000
00000000
,  // measure 16
00101000
00000000
00010000
00000000
10000000
00010000
01000000
00000000
,  // measure 17
11000000
00010000
01000000
10000000
,  // measure 18
00100000
01000000
00010000
00000000
10000000
00000000
11000000
00000000
,  // measure 19
00100000
01000000
10000000
00000000
00010000
00000000
01010000
00000000
,  // measure 20
00100000
00001000
00010000
00000000
00000110
00000000
00000001
00000000
,  // measure 21
00001001
00000100
00000001
00000100
,  // measure 22
00000010
00000100
00001000
00000000
00000001
00000000
00000101
00000000
,  // measure 23
00000010
00000100
00000001
00000000
00001000
00000000
00001100
00000000
,  // measure 24
00000001
00001000
00000100
00000000
00010100
00000000
01000000
00000000
,  // measure 25
11000000
00010000
01000000
01001000
,  // measure 26
00010000
00000000
00000000
00000000
,  // measure 27
01001000
00010000
00010100
00001000
,  // measure 28
00101000
00010000
00001000
00010000
,  // measure 29
00010100
00001000
00010100
00001000
,  // measure 30
00010010
00001000
00010000
00001000
,  // measure 31
01001000
00010000
01001000
00010000
,  // measure 32
01000000
00100000
00001000
00010000
,  // measure 33
00000100
00000010
00010000
00001000
,  // measure 34
01000000
00100000
00001000
00010000
,  // measure 35
00000100
00000010
00010000
00001000
,  // measure 36
01000000
00000000
00000000
00000000
,  // measure 37
00100000
00001000
00010000
00000000
00010100
00000000
00001000
00000000
,  // measure 38
00000010
00010000
00001000
00000000
01001000
00000000
00010000
00000000
,  // measure 39
00000010
00001000
00000100
00000000
00000010
00000100
00001000
00000000
,  // measure 40
00000010
00000100
00000001
00000000
00000010
00000001
00000100
00000000
,  // measure 41
00001000
00000000
00000000
00000000
,  // measure 42
00001000
00000001
00000100
00000000
00001010
00000000
00010010
00000000
,  // measure 43
00001000
01000000
00100000
00000000
01010000
00000000
10000000
00000000
,  // measure 44
00100000
01000000
00010000
00000000
00100000
01000000
10000000
00000000
,  // measure 45
00110000
10000000
11000000
00010000
,  // measure 46
00100000
01000000
10000000
00000000
00110000
00000000
00101000
00000000
,  // measure 47
00010000
00000010
00001000
00000000
00000101
00000000
00001000
00000000
,  // measure 48
00000010
00000100
00000001
00000000
00000010
00000100
00001000
00000000
,  // measure 49
00000010
00010000
00001000
00000000
01000000
00010000
00100000
00000000
,  // measure 50
00100000
00000000
00000000
00000000
;

//---------------dance-double - ----------------
#NOTES:
     dance-double:
     :
     Hard:
     7:
     0.410,0.371,0.293,0.000,0.000,255.000,29.000,0.000,0.000,0.000:  // measure 1
00000000
00000000
00000000
00000000
,  // measure 2
00000000
00000000
00000000
00000000
,  // measure 3
00000000
00000000
00000000
00000000
,  // measure 4
00100000
01000000
10000000
00000000
00100000
00001000
00010000
00000000
,  // measure 5
00000010
00010000
00001000
00100000
00001000
00010000
00001000
00000000
,  // measure 6
00000010
00001000
00000100
00000001
00000100
00001000
00000010
00000000
,  // measure 7
00000100
00000001
00000010
00001000
00000010
00000001
00000100
00000000
,  // measure 8
00000010
00010000
00001000
00100000
00010000
01000000
00100000
00000000
,  // measure 9
00100000
10000000
00100000
00010000
00001000
00010000
01000000
00000000
,  // measure 10
01100000
00001000
00010000
01000000
,  // measure 11
00010000
00000100
00001000
00000000
00000011
00000000
00000101
00000000
,  // measure 12
00000010
00000100
00001000
00000000
00000001
00000100
00001000
00000000
,  // measure 13
00000010
00010000
00001000
00000100
00000001
00000100
00001000
00000000
,  // measure 14
00000110
00010000
00001000
00000100
,  // measure 15
00001000
01000000
00010000
00000000
10100000
00000000
11000000
00000000
,  // measure 16
00100000
01000000
10000000
00100000
01000000
00010000
10000000
00000000
,  // measure 17
00100000
01000000
00001000
00010000
00000010
00001000
00000100
00000000
,  // measure 18
00000001
00000010
00000100
00001000
00000000
00000010
00010000
00000000
,  // measure 19
00001000
01000000
00010000
00100000
00000000
01000000
10000000
00000000
,  // measure 20
10000000
00100000
01000000
00010000
00000000
00100000
00001000
00000000
,  // measure 21
00010000
00000100
00001000
00000010
00000000
00000100
00000001
00000000
,  // measure 22
00000010
00000100
00000001
00000010
00000000
00000100
00001000
00000000
,  // measure 23
00000010
00010000
00001000
00100000
00000000
00001000
00010000
00000000
,  // measure 24
00001000
00010000
00000010
00010000
00000000
00001000
00100000
00000000
,  // measure 25
00010000
01000000
00100000
10000000
00000000
01000000
00100000
00000000
,  // measure 26
01100000
00000000
00000000
00000000
,  // measure 27
01100000
10010000
11000000
01010000
,  // measure 28
10000000
11000000
00010000
01010000
,  // measure 29
00100000
00101000
00010000
01001000
,  // measure 30
00010000
00010100
00001000
00010010
,  // measure 31
00001000
00001100
00000001
00000101
,  // measure 32
00000001
00000101
00001000
00001100
,  // measure 33
00000010
00010010
00001000
00010100
,  // measure 34
00001000
01001000
00010000
00101000
,  // measure 35
00010000
01010000
10000000
11000000
,  // measure 36
01010000
00000000
00000000
00000000
,  // measure 37
10000000
10000000
01000000
01000000
00000000
00100000
00010000
00000000
,  // measure 38
00100000
00100000
00010000
00010000
00000000
00001000
00010000
00000000
,  // measure 39
00001000
00001000
00010000
00010000
00000000
00000100
00000001
00000000
,  // measure 40
00000100
00000100
00000001
00000001
00000000
00000010
00001000
00000000
,  // measure 41
00000101
00000000
00000000
00000000
,  // measure 42
00000010
00000100
00000001
00000010
00000100
00001000
00000010
00000000
,  // measure 43
00000100
00010000
00001000
01000000
00100000
10000000
00010000
00000000
,  // measure 44
00100000
01000000
10000000
00100000
01000000
00010000
00100000
00000000
,  // measure 45
01000000
00001000
00010000
00000100
00000010
00000001
00001000
00000000
,  // measure 46
00000001
00000100
00001000
00000100
00000010
00010000
00001000
00000000
,  // measure 47
00010000
00001000
00100000
01000000
00010000
01000000
10000000
00000000
,  // measure 48
00100000
00010000
00000010
00001000
00000100
00010000
00001000
00000000
,  // measure 49
00010000
00001000
01000000
00010000
00100000
00001000
00000010
00000001
,  // measure 50
00001000
00000000
00000000
00000000
;

//---------------dance-couple - ----------------
#NOTES:
     dance-couple:
     :
     Medium:
     5:
     0.517,0.941,1.000,0.000,0.000,236.000,106.000,0.000,0.000,11.000:  // measure 1
00000000
00000000
00000000
00000000
,  // measure 2
00000000
00000000
00000000
00000000
,  // measure 3
00000000
00000000
00000000
00000000
,  // measure 4
00010000
00100000
10000000
00000000
00001000
00000010
00000001
00000000
,  // measure 5
00011000
01000100
10000001
01000100
00011000
01000100
10000001
00000000
,  // measure 6
00100000
10000000
01000001
10000000
00010000
10000000
10010000
00000000
,  // measure 7
00000010
00000001
10000100
00000001
00001000
00000001
00001001
00000000
,  // measure 8
00100000
10000000
00010100
00100000
00010000
10000000
00100000
00000000
,  // measure 9
00000010
00000001
01001000
00000010
00001000
00000001
00000010
00000000
,  // measure 10
10100000
01000100
00010000
00100100
,  // measure 11
10010000
01000100
10010000
01000100
,  // measure 12
10000000
11000100
00010000
01010100
,  // measure 13
10100100
01010000
10000000
10000000
,  // measure 14
00001010
01000100
00000001
01000010
,  // measure 15
00001001
01000100
00001001
01000100
,  // measure 16
00001000
01001100
00000001
01000101
,  // measure 17
01001010
00000101
00001000
00001000
,  // measure 18
10000001
01000000
00000000
01000000
00000001
10000000
00010000
00000000
,  // measure 19
00100001
01000000
00000000
00100000
00000001
01000000
00010000
00000000
,  // measure 20
10000001
00010000
00000000
10000000
00000001
01000000
00010000
00000000
,  // measure 21
00100001
10000000
01000000
00010000
,  // measure 22
10001000
00000100
00000000
00000100
10000000
00001000
00000001
00000000
,  // measure 23
10000010
00000100
00000000
00000010
10000000
00000100
00000001
00000000
,  // measure 24
10001000
00000001
00000000
00001000
10000000
00000100
00000001
00000000
,  // measure 25
10000010
00001000
00000100
00000001
,  // measure 26
01000100
00000000
00000000
00000000
,  // measure 27
10001000
00000000
10001000
00000000
,  // measure 28
01000000
00000100
01000000
00000100
,  // measure 29
00010000
00000001
00010000
00000001
,  // measure 30
01000000
00000100
01000000
00000100
,  // measure 31
10000000
00001000
10000000
00001000
,  // measure 32
01000000
00000100
00010000
00000001
,  // measure 33
01000000
00000100
10000000
00001000
,  // measure 34
01000000
00000100
00010000
00000001
,  // measure 35
01000000
00000100
10000000
00001000
,  // measure 36
01000100
00000000
00010001
01000100
,  // measure 37
10001000
01000100
00000000
01000100
00000000
10001000
00010001
00000000
,  // measure 38
00100010
01000100
00000000
00100010
00000000
01000100
00010001
00000000
,  // measure 39
10001000
00010001
00000000
10001000
00000000
01000100
00010001
00000000
,  // measure 40
00100010
10001000
01000100
00010001
,  // measure 41
10001000
00000000
00000000
00000000
,  // measure 42
10000001
01000000
10000000
00100000
01000000
00010000
00100000
00000000
,  // measure 43
10001000
00000100
00001000
00000010
00000100
00000001
00000010
00000000
,  // measure 44
00010001
01000000
00010000
10000000
00100000
01000000
00010000
00000000
,  // measure 45
10000001
00000100
00000001
00001000
00000010
00000100
00000001
00000000
,  // measure 46
10001000
00010001
00100010
01000100
00100010
00010001
10001000
10011001
,  // measure 47
01000100
00100010
00010001
00100010
01000100
00010001
10001000
10011001
,  // measure 48
00010001
01000100
10001000
01000100
00010001
00100010
01000100
01100110
,  // measure 49
00100010
00010001
01000100
00100010
10001000
01000100
00100010
01100110
,  // measure 50
10011001
00000000
00000000
00000000
;

//---------------dance-solo - ----------------
#NOTES:
     dance-solo:
     :
     Easy:
     4:
     0.260,0.297,0.202,0.000,0.000,160.000,20.000,0.000,0.000,0.000:  // measure 1
000000
000000
000000
000000
,  // measure 2
000000
000000
000000
000000
,  // measure 3
000000
000000
000000
000000
,  // measure 4
010010
100000
001000
001000
,  // measure 5
000001
001000
100000
000010
,  // measure 6
010001
001000
000001
000001
,  // measure 7
000100
001000
000001
000001
,  // measure 8
010000
001000
000001
000001
,  // measure 9
000100
010000
001000
100001
,  // measure 10
000100
100000
100000
001000
,  // measure 11
000001
001000
001000
000010
,  // measure 12
000100
100000
100000
001000
,  // measure 13
010000
010000
010000
010000
,  // measure 14
000100
000001
000001
001000
,  // measure 15
100000
001000
001000
010000
,  // measure 16
000100
000010
000010
001000
,  // measure 17
000001
000001
000001
000001
,  // measure 18
100000
001000
010001
000010
,  // measure 19
000010
001000
100001
010000
,  // measure 20
100010
001000
100001
001000
,  // measure 21
000100
000100
000100
000100
,  // measure 22
000010
001000
100001
010000
,  // measure 23
010000
001000
100001
000010
,  // measure 24
010001
001000
100001
001000
,  // measure 25
000100
000100
000100
000100
,  // measure 26
000100
000000
000000
000000
,  // measure 27
100000
000000
100000
000000
,  // measure 28
001000
000000
001000
000000
,  // measure 29
000001
000000
000001
000000
,  // measure 30
001000
000000
001000
000000
,  // measure 31
100000
000000
100000
000000
,  // measure 32
001000
000000
000010
000000
,  // measure 33
001000
000000
010000
000000
,  // measure 34
001000
000000
000001
000000
,  // measure 35
001000
000000
100000
000000
,  // measure 36
001000
000000
000001
001000
,  // measure 37
001100
000010
000100
010000
,  // measure 38
001100
000001
000100
100000
,  // measure 39
001100
100000
001000
000001
,  // measure 40
001100
010000
001000
000001
,  // measure 41
000001
000000
000000
000000
,  // measure 42
001100
000010
100000
100000
,  // measure 43
001000
000001
001000
001000
,  // measure 44
001100
010000
000001
000001
,  // measure 45
001000
100000
001000
001000
,  // measure 46
010001
100000
001000
001000
,  // measure 47
010001
000010
001000
001000
,  // measure 48
000100
100000
000010
000100
,  // measure 49
001000
010000
000001
001000
,  // measure 50
100010
000000
000000
000000
;

//---------------dance-solo - ----------------
#NOTES:
     dance-solo:
     :
     Medium:
     6:
     0.322,0.371,0.374,0.000,0.000,186.000,37.000,0.000,0.000,0.000:  // measure 1
000000
000000
000000
000000
,  // measure 2
000000
000000
000000
000000
,  // measure 3
000000
000000
000000
000000
,  // measure 4
000100
000100
001010
101000
,  // measure 5
000001
001000
010000
000000
000100
100000
000010
000000
,  // measure 6
000100
000001
001000
000000
100000
000000
100000
000000
,  // measure 7
000100
100000
001000
000000
000001
000000
000001
000000
,  // measure 8
001000
000010
100000
000000
000100
000000
000100
000000
,  // measure 9
000100
010000
000001
000000
001000
000000
001000
000000
,  // measure 10
100010
001000
000001
000100
,  // measure 11
010010
001000
100001
001000
,  // measure 12
010000
001010
000001
001010
,  // measure 13
100100
001001
100000
100000
,  // measure 14
000110
001000
100000
000100
,  // measure 15
010001
001000
100010
001000
,  // measure 16
001100
000001
001000
100000
,  // measure 17
000110
001001
100000
000001
,  // measure 18
010010
000000
001000
000000
000100
100000
001000
000000
,  // measure 19
010001
000000
001000
000000
000100
000001
001000
000000
,  // measure 20
100000
001010
100000
011000
,  // measure 21
000001
000000
001000
000000
100000
000010
001000
000000
,  // measure 22
100001
000000
001000
000000
000100
000001
001000
000000
,  // measure 23
100010
000000
001000
000000
000100
100000
001000
000000
,  // measure 24
000001
011000
000001
001010
,  // measure 25
100000
000000
001000
000000
000001
010000
001000
000000
,  // measure 26
001000
000000
000000
000000
,  // measure 27
100000
000000
001000
000000
,  // measure 28
000001
000000
000100
000000
,  // measure 29
010000
000000
000100
000000
,  // measure 30
000010
000000
001000
000000
,  // measure 31
100000
000000
001000
000000
,  // measure 32
000001
001000
000100
000000
,  // measure 33
100000
001000
000100
000000
,  // measure 34
000001
001000
000100
000000
,  // measure 35
100000
001000
000100
000000
,  // measure 36
000010
001000
000100
100000
,  // measure 37
000010
001000
000101
010000
,  // measure 38
000100
001000
100010
000001
,  // measure 39
011000
000001
000100
010000
,  // measure 40
001010
100000
000100
000010
,  // measure 41
001000
000000
000000
000000
,  // measure 42
000100
001000
000001
000000
100100
000000
000001
000000
,  // measure 43
010000
000010
001000
000000
100001
000000
011000
000000
,  // measure 44
000001
100000
001000
000000
010001
000000
001010
000000
,  // measure 45
000100
001000
010000
000000
000101
000000
100000
000000
,  // measure 46
000100
010000
000001
000000
001000
000000
001000
000000
,  // measure 47
000100
000010
100000
000000
001000
000000
001000
000000
,  // measure 48
001100
000000
010001
000000
000100
100000
000001
000000
,  // measure 49
001100
000000
100010
000000
000100
000001
010000
001000
,  // measure 50
000100
000000
000000
000000
;

//---------------dance-solo - ----------------
#NOTES:
     dance-solo:
     :
     Hard:
     8:
     0.378,0.470,0.101,0.000,0.091,252.000,10.000,0.000,0.000,0.000:  // measure 1
000000
000000
000000
000000
,  // measure 2
000000
000000
000000
000000
,  // measure 3
000000
000000
000000
000000
,  // measure 4
000010
001000
010000
000000
000001
000100
100000
000000
,  // measure 5
000010
001000
010000
001000
000001
001000
100000
000000
,  // measure 6
000100
100000
001000
010000
000001
100000
100001
000000
,  // measure 7
000100
000001
001000
000010
100000
000001
100001
000000
,  // measure 8
000100
010000
000010
000100
000001
100000
000100
000000
,  // measure 9
001000
000001
000100
001000
010000
000100
001000
000000
,  // measure 10
000010
001000
000000
010000
001000
000000
000001
001000
000000
000000
000001
000000
100000
000000
000000
000000
,  // measure 11
010000
001000
000000
000010
001000
000000
100000
001000
000000
000000
100000
000000
000001
000000
000000
000000
,  // measure 12
000100
100000
000000
000010
001000
000000
000100
000001
000000
000000
000100
000000
001000
000000
000000
000000
,  // measure 13
001010
100000
011000
000001
,  // measure 14
100000
001000
000000
000010
001000
000000
100000
001000
000000
000000
100000
000000
000001
000000
000000
000000
,  // measure 15
000001
001000
000000
010000
001000
000000
000001
001000
000000
000000
000001
000000
100000
000000
000000
000000
,  // measure 16
000100
000001
000000
000010
001000
000000
000100
100000
000000
000000
000100
000000
001000
000000
000000
000000
,  // measure 17
001001
101000
000001
000001
,  // measure 18
010000
001000
000000
001000
000000
100000
000010
000000
,  // measure 19
000100
001000
000000
010000
000000
001000
000001
000000
,  // measure 20
100000
000001
000000
010000
000000
001000
000001
000000
,  // measure 21
000100
100000
001000
000001
,  // measure 22
100000
001000
000000
001000
000000
010000
000001
000000
,  // measure 23
000100
001000
000000
000010
000000
001000
000001
000000
,  // measure 24
010000
000001
000000
100000
000000
001000
000001
000000
,  // measure 25
000100
000010
001000
100000
,  // measure 26
001000
000000
000000
000000
,  // measure 27
010000
000100
001000
000000
,  // measure 28
100000
001000
000001
000000
,  // measure 29
000010
000100
001000
000000
,  // measure 30
000001
001000
100000
000000
,  // measure 31
000100
010000
001000
000000
,  // measure 32
100000
000001
001000
000000
,  // measure 33
000100
000010
001000
000000
,  // measure 34
000001
100000
001000
000000
,  // measure 35
000100
010000
000001
000000
,  // measure 36
000100
100000
001000
000001
,  // measure 37
010000
001000
000000
001000
000000
100000
000001
000000
,  // measure 38
000100
001000
000000
010000
000000
001000
000001
000000
,  // measure 39
100000
000001
000000
010000
000000
001000
000001
000000
,  // measure 40
000100
100000
001000
000001
,  // measure 41
010000
000000
000000
000000
,  // measure 42
100000
001000
100000
000100
001000
000010
000100
000001
,  // measure 43
001000
000010
001000
000010
000001
000100
100000
001000
,  // measure 44
000001
001000
000001
001000
000100
000001
100000
000100
,  // measure 45
001000
000001
000100
001000
010000
000001
000100
000010
,  // measure 46
100000
000001
000100
001000
000100
000001
100000
100001
,  // measure 47
001000
000100
000001
010000
001000
000100
000001
100010
,  // measure 48
010000
001000
100000
001000
000100
000001
001000
001100
,  // measure 49
000100
100000
001000
010000
000001
001000
000010
100000
,  // measure 50
001100
000000
000000
000000
;
