#TITLE:House of Joy;
#SUBTITLE:Album Version;
#ARTIST:Monolithic;
#TITLETRANSLIT:;
#SUBTITLETRANSLIT:;
#ARTISTTRANSLIT:;
#CREDIT:Rychan;
#BANNER:House of Joy.png;
#BACKGROUND:House of Joy-bg.PNG;
#LYRICSPATH:House of Joy.lrc;
#CDTITLE:cdtitle.png;
#MUSIC:House of Joy.mp3;
#OFFSET:-0.149;
#SAMPLESTART:71.720;
#SAMPLELENGTH:12.800;
#SELECTABLE:YES;
#BPMS:0.000=145.000;
#STOPS:;
#BGCHANGES:;
// cache tags:
#FIRSTBEAT:15.000;
#LASTBEAT:271.000;
#SONGFILENAME:Songs/DDI/House Of Joy/House of Joy.sm;
#HASMUSIC:1;
#HASBANNER:1;
#MUSICLENGTH:112.483;
// end cache tags

//---------------dance-single - VxJasonxV was here.----------------
#NOTES:
     dance-single:
     VxJasonxV was here.:
     Hard:
     7:
     0.479,0.482,0.080,0.338,0.027,330.000,9.000,38.000,0.000,1.000:
0000
0000
0000
0000
,
0000
0000
0000
0000
,
0000
0000
0000
0000
,
0000
0000
0000
0010
,
0010
0001
0000
0000
0001
0000
1000
0000
,
0100
1000
0000
0000
0001
0000
1000
0100
,
0010
0001
0000
1000
0000
1002
0000
0000
,
0000
0000
0003
0000
1000
0000
0010
0010
,
1000
0100
0000
0001
0000
2002
0000
0000
,
0000
0000
3003
0000
0100
0001
0001
0100
,
1000
0010
0000
1000
0000
0001
0000
0000
,
1000
0000
0000
0000
0001
0010
0001
0000
0010
0000
0001
0000
0100
0000
1000
0000
,
0100
0001
0010
0100
1000
0000
0001
0010
,
1000
0010
0001
0100
0100
0100
0001
1000
,
1000
0010
0100
0001
1000
0200
0000
0000
,
0000
0000
0300
0000
0001
0100
1000
0000
,
0000
1000
0000
0100
0000
0002
0000
0000
,
0000
0003
0000
0000
1000
0010
0001
0100
,
0001
0100
1000
0100
0000
2000
0000
0000
,
0000
0000
3000
0000
1001
0000
0010
0100
,
1000
0000
0010
0100
0001
1000
0100
0010
,
0001
0010
0100
1000
0010
0100
0001
0001
,
0100
1000
2000
0000
0000
0000
0100
3000
,
0001
0001
0001
1000
0100
0010
0002
0000
,
0000
0003
1000
0000
0100
0010
0001
0000
,
0100
1000
0000
0001
0010
0000
1000
0100
,
0000
0000
1001
0000
0000
1000
0100
0001
,
0100
0010
1000
0001
0100
2000
0000
0000
,
0010
3000
0001
0010
1000
0100
1000
0001
,
0100
1000
0100
0001
1000
0000
0001
0100
,
0000
0000
1000
0000
0001
0000
0000
0000
1000
0000
0001
0000
0010
0001
0100
0000
,
1000
0000
0100
0000
0001
0000
1000
0000
0001
0000
0000
0002
0000
0000
0000
0000
,
0003
0000
0001
1000
0000
0110
0101
0000
,
0100
1000
0000
0200
0000
0301
0100
0001
,
0010
2000
0000
0000
3000
0000
0010
0000
,
0001
1000
0010
0100
0001
0010
1000
0020
,
0000
0100
0000
0031
0000
0002
0000
0100
,
0000
0013
1000
0001
0100
0001
0020
0001
,
0000
0001
0030
0010
0000
0100
2000
0001
,
0000
0000
0001
0000
3000
0000
0020
1000
,
0000
1000
0000
1000
0000
1030
0002
0100
,
0000
0100
0000
0100
0003
0100
0020
1000
,
0000
1000
0000
1000
0030
1000
0200
0001
,
0000
0001
0300
0001
0100
1000
0002
0000
,
0000
0023
0000
0000
0230
0000
2000
0301
,
0000
0001
3100
1000
0100
0001
0200
0000
,
1000
0000
1000
0000
0000
0002
0000
0000
,
0000
0000
0000
0000
0000
0303
1010
0000
,
0000
0101
0000
0000
1001
0010
0100
1000
,
0000
0001
0010
0000
0020
0000
0002
0000
,
0000
0030
0000
0000
0100
0003
2000
0000
,
0000
0000
0010
3000
0100
0000
0001
1000
,
0100
0002
0000
0000
0100
0003
0010
0001
,
0100
2000
0000
0000
0100
3000
0002
0000
,
1000
0000
1000
0000
1003
0020
0000
0230
,
0000
0302
0000
1003
0010
0100
0001
0001
,
0001
1000
0010
0000
0100
0000
0001
0001
,
0001
0010
0100
0000
1000
0000
0002
0000
,
0000
0020
0000
0033
0001
0010
0001
0010
,
0100
0001
0100
1000
0010
0100
0002
0000
,
0000
0000
1000
0000
0000
0000
1003
0010
,
0100
1000
0100
0001
0010
0010
0001
0000
,
0001
0000
0000
0000
1000
0000
0000
0000
1000
0000
0000
0010
0100
0000
0001
0000
,
0010
0100
1000
0001
0100
0010
1000
0000
,
1000
0000
0000
0000
0010
0000
0000
0000
0010
0000
0000
0100
1000
0000
0100
0000
,
0001
0100
0010
0100
0001
0010
0100
0000
,
0100
0000
0000
0000
0001
0000
0000
0000
0001
0000
0000
0100
1000
0000
0001
0000
,
0100
0010
0100
0001
1000
0100
0001
0000
:









a=note=20.000000,
;

//---------------dance-single - ----------------
#NOTES:
     dance-single:
     :
     Beginner:
     2:
     0.127,0.197,0.009,0.009,0.000,98.000,1.000,1.000,0.000,0.000:
0000
0000
0000
0000
,
0000
0000
0000
0000
,
0000
0000
0000
0000
,
0000
0000
0000
0001
,
0000
0000
0000
1000
,
0000
0000
0000
0001
,
0000
0000
0000
1000
,
0000
0000
0000
0001
,
0000
1000
0000
0100
,
0000
0000
0000
0001
,
0000
1000
0000
0010
,
0000
0000
0000
0010
,
0000
0100
0000
1000
,
0000
0001
0000
0001
,
0000
1000
0000
0002
,
0000
0003
0000
1000
,
0000
0001
0000
1000
,
0000
0000
0000
0100
,
0000
0001
0000
0010
,
0000
0000
0000
0000
,
0000
1000
0000
0001
,
0000
0100
0000
1000
,
0000
0001
0000
0000
,
0000
0000
0000
0000
,
0000
1000
0000
0001
,
0000
0100
0000
0010
,
0000
0001
0000
0000
,
0000
0000
0000
0000
,
0000
0001
0000
0100
,
0000
1000
0000
0100
,
0000
0010
0000
0000
,
0000
0000
0000
0000
,
0000
0001
0000
0100
,
0000
1000
0000
0001
,
0000
1000
0000
0100
,
0000
0010
0000
0001
,
0000
0000
0000
0000
,
0000
1000
0000
0100
,
0000
0010
0000
0110
,
0000
0000
0000
0001
,
0000
0000
0000
1000
,
0000
0000
0000
0100
,
0000
0000
0000
0010
,
0000
0000
0000
0001
,
0000
0100
0100
1000
,
0000
0001
0100
0010
,
0010
0000
0001
0100
,
1000
0000
0000
0001
,
0000
0100
0000
1000
,
0000
0000
0000
0100
,
0000
0010
0000
0100
,
0000
0000
0000
0001
,
0000
1000
0000
0100
,
0000
0010
0001
0100
,
0000
0000
0001
0100
,
1000
0000
0000
1000
,
0100
0001
0000
0001
,
0100
1000
0000
0001
,
0000
0100
0000
1000
,
0000
0010
0000
0001
,
0000
0100
0000
1000
,
0000
0010
0000
1000
,
0000
0001
0000
0100
,
0000
0010
0000
0000
;

//---------------dance-single - ----------------
#NOTES:
     dance-single:
     :
     Medium:
     6:
     0.269,0.312,0.036,0.240,0.000,181.000,4.000,27.000,0.000,0.000:
0000
0000
0000
0000
,
0000
0000
0000
0000
,
0000
0000
0000
0000
,
0000
0000
0000
0001
,
0000
0100
0000
0000
1000
0000
0001
0000
,
0000
0100
0000
0000
1000
0000
0001
0000
,
0000
0100
0000
1000
0000
0220
0000
0000
,
0000
0000
0000
0330
0001
0000
0100
0100
,
0000
1000
0000
0001
0000
0200
0000
0000
,
0000
0000
0000
0300
0001
0000
2000
0000
,
0000
3001
0000
0100
0000
2000
0000
0000
,
0000
0000
0000
0000
0000
3000
0001
0000
,
0000
0010
0000
0100
0000
0000
1000
0000
,
0000
0001
0000
0000
0010
0000
0010
0000
,
0000
0001
0000
0100
0000
2000
0000
0000
,
0000
0000
0000
3000
0001
0000
0100
0000
,
0000
1000
0000
0001
0000
0200
0000
0000
,
0000
0000
0000
0300
0000
0100
1000
0000
,
0000
0001
0000
0100
0000
0020
0000
0000
,
0000
0000
0030
0000
,
0000
0000
0001
1000
0000
0100
0000
0001
,
0000
1000
0000
0000
0100
1000
0000
0000
,
0001
0100
0000
0000
0000
0000
0001
0000
,
1000
0100
1000
0001
1000
0000
0000
0000
,
0010
0000
0000
0001
0100
1000
0000
0000
,
0001
0100
0000
1000
0000
0100
0000
0000
,
0010
0100
0000
0000
0000
0000
0001
0000
,
0100
1000
0001
1000
0100
1000
0001
1000
,
0000
0000
0000
0000
0000
0001
0000
0000
,
0000
0100
0000
0000
1000
0001
0000
0000
,
0100
2000
0000
0000
3000
0000
0001
0000
,
0100
1000
0000
0001
0000
2000
0000
0000
,
0000
3000
0001
0000
0000
0100
0000
0000
,
1000
0010
0000
0001
0000
0000
0100
0000
,
1000
0002
0000
0000
0003
0000
0010
0000
,
0000
0100
0000
0010
0000
0000
0220
0000
,
0000
0000
0000
0000
,
0000
0330
0001
0000
0100
0000
2000
0000
,
0100
0010
0100
3020
,
0100
0001
0100
0230
,
1000
0001
1000
0302
,
1000
0010
1000
0023
,
0001
0100
0001
0230
,
0001
0001
0000
0000
0001
0301
1000
0000
,
0000
0001
0000
0000
1000
0000
0002
0000
,
1000
1003
0001
0002
,
0100
0000
0010
0000
0100
1003
0001
0100
,
0000
1000
0000
0010
0000
0000
2000
0000
,
3000
0001
0000
0000
1000
0000
0100
0000
,
0000
1000
0000
0000
0100
0000
0020
0000
,
1000
1000
1000
2030
,
0100
0000
0100
0000
0100
3000
0001
0000
,
0000
0100
0000
0000
1000
0000
0010
0000
,
0000
1000
0000
0000
0001
0000
0020
0000
,
0001
0000
1000
0000
0031
1000
0000
0100
,
0000
0001
0000
0100
0000
0000
1000
0000
,
0000
0001
0000
0000
0100
0000
1000
0000
,
0000
0010
0000
0000
0100
0000
1100
0000
,
0000
0001
0000
0000
1000
0000
0010
0000
,
0000
1000
0000
2020
,
0000
0000
0000
0000
,
0000
0000
0000
0000
,
0000
0000
0000
0000
0000
0000
0000
3000
,
0000
0000
0000
0000
0000
0000
0000
0030
;

//---------------dance-single - ----------------
#NOTES:
     dance-single:
     :
     Easy:
     3:
     0.196,0.225,0.027,0.142,0.000,135.000,3.000,16.000,0.000,0.000:
0000
0000
0000
0000
,
0000
0000
0000
0000
,
0000
0000
0000
0000
,
0000
0000
0000
1000
,
0000
0001
0100
0010
,
0001
0000
0100
1000
,
0000
0001
0100
1000
,
0000
0000
0000
0001
,
0000
0010
0100
2000
,
0000
3000
0001
0100
,
0000
0010
0020
0000
,
0000
0030
0000
0001
,
0100
1000
0000
0110
,
0001
0000
0100
0010
,
0000
0100
0001
1000
,
0000
0000
0000
0001
,
0000
0100
0010
0000
,
0000
0000
0001
0100
,
0000
1000
0001
0020
,
0000
0030
0000
0000
,
0000
0001
0000
0100
,
1000
0001
0010
0100
,
0010
0100
0000
0001
,
0001
0001
0100
0000
,
1000
0000
0000
0000
,
0010
0100
0001
0010
,
0100
0010
0000
0010
,
0100
0001
1000
2002
,
0000
3003
0100
0010
,
0000
0001
0010
0100
,
0010
0100
0000
0001
,
1000
0100
1000
0001
,
0000
0010
0000
0100
,
0001
0100
1000
0001
,
0100
0010
0000
0001
,
0000
0100
1000
0002
,
0000
0000
0000
0000
,
0000
1003
0100
0020
,
0000
0000
0000
0230
,
0000
0000
0000
2300
,
0000
0000
0000
3002
,
0000
0000
0000
0023
,
0000
0000
0000
0230
,
0000
0000
0300
0001
,
0000
0100
1000
0100
,
0000
0010
0001
0200
,
0000
0000
0300
0001
,
0100
1000
0001
0010
,
0000
0001
0100
1000
,
0000
0001
0100
0010
,
0010
0000
0000
0001
,
0000
0000
0000
0001
,
0000
0100
1000
0001
,
0000
0100
0010
0002
,
0000
0000
0003
0100
,
1000
0001
0100
1000
,
0000
0001
0100
0010
,
0000
0001
0100
0000
,
1000
0001
0010
0100
,
0000
1000
0000
2002
,
0000
0000
0000
0000
,
0000
0000
0000
0000
,
0000
0000
0000
0000
,
0000
3003
0000
0000
;

//---------------dance-double - ----------------
#NOTES:
     dance-double:
     :
     Easy:
     4:
     0.291,0.279,0.044,0.284,0.000,192.000,5.000,32.000,0.000,0.000:
00000000
00000000
00000000
00000000
,
00000000
00000000
00000000
00000000
,
00000000
00000000
00000000
00000000
,
00000000
00000000
00000000
10000000
,
01000000
10000000
01000000
00100000
,
00010000
00100000
00010000
01000000
,
00001000
00010000
00001000
00020000
,
00000000
00002000
00033000
00010000
,
00000100
00001000
00000001
00000200
,
00000000
00000020
00000330
00001000
,
00000100
00010000
00001000
00020000
,
00000000
00002000
00033000
00010000
,
01000000
10000000
00010000
01000000
,
00100000
10000000
00010000
10000000
,
00100000
01000000
00001000
00010000
,
00010000
00000200
00000310
00000001
,
00000100
00000010
00000100
00001001
,
00000000
00000000
00000100
00010000
,
00001000
01000000
00100000
10010000
,
00000000
00000000
00000000
20000000
,
31000000
00100000
00010000
01000000
,
00100000
10000000
00010000
01000000
,
00002000
00020000
00003000
00030100
,
00000100
00000010
00000001
00001000
,
00000001
00001000
00000010
00000100
,
00000001
00000100
00000010
00002000
,
00000000
00003200
00000000
00010300
,
00010000
00001000
00001000
01000000
,
00100000
10000000
00010000
10000000
,
00100000
01000000
00100000
01000000
,
00010000
10000000
01000000
10000000
,
10000000
00010000
00010000
01000000
,
00001000
00010000
00000100
00000010
,
00000001
00001000
00000010
00000100
,
00000001
00001000
00000100
00020000
,
00000000
00032000
00000000
00203000
,
00000000
01300000
10000000
00010000
,
01000000
00100000
01000000
00010000
,
10000000
01000000
10000000
00020000
,
00000000
02030000
03000000
00011000
,
00000000
00000100
00001000
00001100
,
00000000
00000001
00000100
00000101
,
00000000
00000001
00001000
00000100
,
00000100
00010000
00001000
00020000
,
00001000
00032000
00000000
02003000
,
00100000
03200000
00000000
10300000
,
01000000
00100000
00010000
01000000
,
01000000
00200000
00000000
10300000
,
00010000
01000000
00001000
00010000
,
00000100
00000010
00000001
00002000
,
00000000
00003100
00000020
00000002
,
00000030
00001003
00001000
00000200
,
00000000
00010300
00002000
01000000
,
00003000
00100000
00010000
02000000
,
00000000
03100000
10000000
00010000
,
00010000
01000000
01000000
00002000
,
00000000
00013000
00000200
00001000
,
00000300
00000020
00000000
00001030
,
00000100
00010000
00001000
00100000
,
00010000
01000000
00010000
00200000
,
00000000
00000000
00000000
00000000
,
00000000
00000000
00000000
00000000
,
00000000
00000000
00000000
00300000
;

//---------------dance-double - ----------------
#NOTES:
     dance-double:
     :
     Hard:
     8:
     0.479,0.452,0.062,0.391,0.036,326.000,7.000,44.000,0.000,0.000:
00000000
00000000
00000000
00000000
,
00000000
00000000
00000000
00000000
,
00000000
00000000
00000000
00000000
,
00000000
00000000
00000000
10000000
,
00100000
00000000
01000000
00000000
00010000
00100000
01000000
00000000
,
00010000
00000000
00001000
00000000
00000100
00000010
00002000
00000000
,
00000000
00000010
00000000
00000100
00000000
00003001
00000000
00000100
,
00000010
00001000
00000100
00000010
00000100
00010000
00002000
00000000
,
00000000
00100000
00000000
00013000
00000000
00001000
00000000
00000000
,
01000000
00000000
00100000
10000000
01000000
00100000
00020000
00000000
,
00000000
00100000
00000000
10000000
00000000
01030000
00000000
00000000
,
00100000
00000000
00000000
00000000
01000000
00010000
00000000
00100000
00001000
00000000
00010000
00000000
00000100
00000000
00000000
00000000
,
00001000
00000010
00000000
00000100
00000001
00000010
00000100
00000000
,
00001000
00000100
00000000
00000000
00000010
00000001
00002000
00000000
,
00000000
00000100
00000000
00003100
00000000
00010000
00000000
00000000
,
00001000
00000000
01000000
00100000
10000000
01000000
00200000
00000000
,
00000000
00001000
00000000
00310000
00000000
00020000
00000000
00000000
,
01030000
00000000
00100000
10000000
00010000
00000000
02000000
00000000
,
00000000
00001000
00000000
03002000
00000000
00023000
00000000
00000000
,
00030100
00000000
00000000
00000000
00001000
00000010
00000000
00000100
00000001
00000000
00001000
00000000
00000100
00000000
00000000
00000000
,
00001000
00000010
00000001
00000010
,
00001000
00000000
00000100
00000000
00001000
00000000
00000001
00000100
,
00001000
00010000
00100000
10000000
01000000
00000000
10000000
00000000
,
00100000
00000000
00000000
00000000
01000000
00010000
00000000
00100000
01000000
00000000
10000000
00000000
00010000
00000000
00000000
00000000
,
00100000
10000000
00100000
00010000
,
01000000
00000000
00010000
00000000
00010000
00000000
10000000
01000000
,
00010000
00001000
00000010
00000001
00000100
00000000
00000001
00000000
,
00001000
00000000
00000000
00000000
00000100
00000010
00000000
00000001
00000100
00000000
00000001
00000000
00001000
00000000
00000000
00000000
,
00000100
00000000
00000010
00000001
00000100
00000000
00000100
00000001
,
00001000
00000000
00001000
00000100
00010000
00000000
00010000
00001000
,
00100000
00010000
01000000
00100000
10000000
00000000
00010000
00000000
,
01000000
00000000
00100000
10000000
01000000
00100000
00010000
00000000
,
01000000
00000000
00010000
00100000
00001000
00000000
00010000
00000100
,
00001000
00000000
00000100
00000010
00000001
00000000
00001000
00000100
,
00000010
00000001
00000100
00000010
00001000
00000000
00001200
00000000
,
00000000
00020300
00000000
00031000
00000000
00000000
00110000
00000000
,
01000000
00000000
00100000
10000000
00010000
00000000
01000000
00100000
,
10000000
00000000
00010000
00100000
01000000
00000000
10000000
00100000
,
01000000
00010000
00100000
00001000
00010000
00000010
00000100
00000000
,
00000001
00000010
00000100
00000000
00001100
00000000
00000020
00000000
,
00000000
00000031
00000100
00020000
,
00000000
00031000
01000000
10000000
,
00100000
00000000
01000000
00000000
00010000
00000000
00100000
01000000
,
10000000
00010000
00100000
00001000
00010000
00000100
00002000
00000000
,
00000000
00003020
00000000
00000130
00000002
00000000
00000023
00000000
,
00000000
00002030
00000000
00003010
00000002
00000000
00000103
00001000
,
00010000
00100000
10000000
01000000
10000000
00000000
00010000
00100000
,
00010000
00000000
01000000
00001000
01000000
00000000
00200000
00000000
,
00000000
20300000
00000000
31000000
00200000
00000000
00320000
00000000
,
00000000
02030000
00000000
13000000
02000000
00000000
03010000
00100000
,
00001000
00010000
00000100
00000010
00000001
00000000
00001000
00000100
,
00000010
00000000
00000001
00000100
00000010
00000000
00020000
00000000
,
00000000
00032000
00000000
00003100
00000020
00000000
00002030
00000000
,
00000000
00003200
00000000
00000310
00000002
00000000
00001003
00000100
,
00000010
00000100
00010000
00001000
00100000
00020000
00000000
02030000
,
00000000
03200000
00000000
02300000
00000000
03000000
00020000
00000000
,
00000000
00230000
00000000
01300000
20000000
00000000
30020000
00000000
,
00000000
02030000
00000000
03100000
02000000
00000000
03010000
00000000
,
00100000
00000000
00001000
00010000
00000100
00000000
00001000
00000010
,
00000100
00000000
00000001
00001000
00000100
00000010
00000002
00000000
,
00000000
00000000
00000000
00000000
,
00000000
00000000
00000000
00000000
00000003
00000000
00001000
00000010
,
00000100
00000010
00000000
00010000
00001000
00100000
00010000
01000000
,
00100000
10000000
01000000
00100000
00010000
00000000
01000000
00001000
,
00010000
00001000
00000000
00010000
00000100
00001000
00000010
00000100
,
00000001
00000000
00001000
00000010
00010000
00000000
00001000
00010000
,
00001000
00100000
00000000
00000000
00101000
00000000
00011000
00000000
,
00010100
00022000
00000000
00033000
;

//---------------dance-double - ----------------
#NOTES:
     dance-double:
     :
     Medium:
     5:
     0.344,0.360,0.000,0.373,0.000,229.000,0.000,42.000,0.000,0.000:
00000000
00000000
00000000
00000000
,
00000000
00000000
00000000
00000000
,
00000000
00000000
00000000
00000000
,
00000000
00000000
00000000
00001000
,
00010000
00001000
01000000
00001000
,
00010000
00000100
00001000
00000020
,
00000000
00000100
00000000
00000100
00000000
00000130
00000000
00000000
,
00000001
00001000
00000000
00000200
,
00000000
00000010
00000000
00000010
00000000
00000310
00000000
00000000
,
00000100
00010000
00001000
00200000
,
00000000
00010000
00000000
00010000
00000000
00310000
00000000
00000000
,
01000000
00000000
00100000
10000000
00100000
00000000
01000000
00000000
,
00000000
00010000
00000000
00000000
00100000
00000000
00010000
00000000
,
00000000
01000000
00000000
00000000
00001000
00000000
00010000
00000000
,
00000000
00000010
00000000
00001000
00000000
00000010
00000000
00000000
,
00000100
00000000
00000001
00000000
00000010
00000001
00000010
00000000
,
00000000
00000100
00000000
00001000
00000000
00000100
00000000
00000000
,
00010000
00001000
00100000
00010000
,
00000000
01000000
00000000
00100000
00000000
01000000
00000000
00000000
,
00010000
00000000
00100000
01000000
00100000
00000000
00010000
00000000
,
10000000
01000000
10000000
00010000
,
00100000
00001000
00010000
00000100
,
00000000
00001000
00000000
00000010
,
00000000
00000001
00000000
00000100
00000000
00000010
00000000
00000000
,
00000000
00001000
00000100
00010000
,
00001000
00100000
00010000
01000000
,
00100000
10000000
00000000
00000000
00010000
00000000
00100000
01000000
,
00000000
01000000
00000000
01000000
00000000
00000000
10000000
00000000
,
00100000
01000000
00010000
00100000
,
00010000
00000000
01000000
00000000
00001000
00010000
00000000
00000000
,
00010000
00000100
00000000
00000000
00001000
00000000
00000010
00000000
,
00000100
00000000
00000001
00000010
00000001
00000000
00000000
00000000
,
00001000
00000100
00010000
00001000
,
00100000
00010000
01000000
00100000
,
10000000
01000000
00000000
00000000
00000000
00000000
00200000
00000000
,
00000000
00310000
00000000
01000000
00000000
00000000
00002000
00000000
,
00100000
00010000
00023000
00000100
,
00001000
00030000
00000200
00000000
00001000
00000000
00000320
00000000
,
00000000
00000000
00000031
00000000
00001000
00000200
00000000
00000000
,
00000310
00000001
00001000
00000200
,
00000000
00010300
00001000
02000000
,
00000000
03010000
00100000
02000000
,
00000000
13000000
00100000
02000000
,
00010000
03010000
00010000
00200000
,
00000000
00302000
00000000
00000000
00023000
00000000
00030200
00000000
,
00000000
00002300
00000000
00000000
00003020
00000000
00000230
00000000
,
00000001
00000000
00000301
00000000
00000001
00000010
00000000
00000100
,
00000000
00001000
00000000
00000100
00000000
00000000
00020000
00000000
,
00000000
00032000
00000000
00000000
00203000
00000000
00320000
00000000
,
00000000
02030000
00000000
00000000
03200000
00000000
20300000
00000000
,
01000000
00000000
31000000
00000000
01000000
00100000
00000000
00000000
,
00010000
00010000
01000000
00002000
,
00000000
00023000
00000000
00000000
00030200
00000000
00002300
00000000
,
00000000
00003002
00000000
00000000
00000023
00000000
00000230
00000000
,
00010000
00000000
00010300
00000000
00010000
00001000
00000000
00010000
,
00000000
00000100
00000000
00001000
00000000
00000000
00000200
00000000
,
00000000
00020300
00000000
00000000
00032000
00000000
00203000
00000000
,
00000000
00320000
00000000
00000000
02030000
00000000
03100000
00000000
,
10000000
00010000
01000000
00001000
,
00010000
00000000
00000100
00001000
00000100
00001000
00000200
00000000
,
00000000
00020300
00000000
00031000
,
00100000
00000000
00010000
00000000
10000000
01000000
10000000
00000000
,
00000000
00010000
00000000
00100000
,
00001000
00000000
00010000
00000000
00000100
00001000
00000100
00000000
,
00000000
00001000
00000000
00000010
,
00000100
00000000
00000001
00000000
00000100
00000010
00000100
00000000
,
00000000
00000001
00000000
00001000
,
00000100
00010000
00001000
00000000
;
