#TITLE:AM-3P;
#SUBTITLE:;
#ARTIST:KTz;
#TITLETRANSLIT:;
#SUBTITLETRANSLIT:;
#ARTISTTRANSLIT:;
#CREDIT:;
#BANNER:AM-3P.png;
#BACKGROUND:AM-3P-bg.png;
#LYRICSPATH:;
#CDTITLE:./CDTITLES/DANCE DANCE REVOLUTION 2ND MIX.PNG;
#MUSIC:AM-3P.mp3;
#OFFSET:-0.033;
#SAMPLESTART:44.290;
#SAMPLELENGTH:12.000;
#SELECTABLE:YES;
#BPMS:0.000=130.100;
#STOPS:;
#BGCHANGES:;
// cache tags:
#FIRSTBEAT:24.000;
#LASTBEAT:175.500;
#SONGFILENAME:Songs/DDI/AM-3P/AM-3P.sm;
#HASMUSIC:1;
#HASBANNER:1;
#MUSICLENGTH:83.412;
// end cache tags

//---------------dance-single - ----------------
#NOTES:
     dance-single:
     :
     Beginner:
     1:
     0.123,0.184,0.036,0.000,0.000,69.000,3.000,0.000,0.000,0.000:  // measure 1
0000
0000
0000
0000
,  // measure 2
0000
0000
0000
0000
,  // measure 3
0000
0000
0000
0000
,  // measure 4
0000
0000
0000
0000
,  // measure 5
0000
0000
0000
0000
,  // measure 6
0000
0000
0000
0000
,  // measure 7
0001
0000
0000
0000
,  // measure 8
0010
0010
0000
0000
,  // measure 9
1000
0000
0000
0000
,  // measure 10
0100
0100
0000
0000
,  // measure 11
0001
0000
0000
0000
,  // measure 12
1000
0000
0000
0000
,  // measure 13
0010
0010
0000
0000
,  // measure 14
0000
0000
0000
0000
,  // measure 15
1000
1000
0000
0000
,  // measure 16
0000
0000
0000
0000
,  // measure 17
1001
0000
0000
0000
,  // measure 18
0110
0000
0000
0000
,  // measure 19
1001
0000
0000
0000
,  // measure 20
0010
0010
0010
0010
,  // measure 21
0000
0001
0001
0001
,  // measure 22
0000
1000
1000
1000
,  // measure 23
0000
0100
0100
0100
,  // measure 24
0000
1000
0000
1000
,  // measure 25
0000
0001
0000
0001
,  // measure 26
0000
1000
0000
1000
,  // measure 27
0000
0001
0000
0010
,  // measure 28
0000
1000
0000
0100
,  // measure 29
0100
0000
0001
0000
,  // measure 30
1000
0000
0001
0000
,  // measure 31
0010
0000
0100
0000
,  // measure 32
0010
0010
0010
0010
,  // measure 33
0010
0000
0000
0000
,  // measure 34
0001
0000
0000
0000
,  // measure 35
0100
0000
0000
0000
,  // measure 36
1000
0000
0000
0010
,  // measure 37
0010
0010
0000
0000
,  // measure 38
1000
1000
0000
0000
,  // measure 39
0001
0001
0000
0000
,  // measure 40
0100
0100
0000
0000
,  // measure 41
0001
0000
0000
0000
,  // measure 42
0010
0000
0000
0000
,  // measure 43
1000
0000
1000
1000
,  // measure 44
0000
0010
0010
0010
;

//---------------dance-single - ----------------
#NOTES:
     dance-single:
     :
     Easy:
     5:
     0.324,0.368,0.300,0.000,0.036,164.000,25.000,0.000,0.000,0.000:  // measure 1
0000
0000
0000
0000
,  // measure 2
0000
0000
0000
0000
,  // measure 3
0000
0000
0000
0000
,  // measure 4
0000
0000
0000
0000
,  // measure 5
0000
0000
0000
0000
,  // measure 6
0000
0000
0000
0000
,  // measure 7
0010
1000
0010
1001
,  // measure 8
1000
0001
0100
1001
,  // measure 9
0100
1001
0100
1001
,  // measure 10
0100
1001
0100
1001
,  // measure 11
0010
0100
0010
1001
,  // measure 12
0010
1000
0100
1001
,  // measure 13
0010
0001
0100
1001
,  // measure 14
0010
1000
0100
1001
,  // measure 15
1100
0001
0101
1000
,  // measure 16
1100
0001
0101
1000
,  // measure 17
0001
0000
0000
0001
0000
0000
0001
0000
0000
0000
1000
0000
0100
0000
0000
0000
,  // measure 18
1000
0000
0000
1000
0000
0000
1000
0000
0000
0000
0001
0000
0100
0000
0000
0000
,  // measure 19
0001
0000
0000
1000
0000
0000
0001
0000
0000
0000
0010
0000
0100
0000
0000
0000
,  // measure 20
0010
0001
0001
0001
,  // measure 21
1000
0000
0000
0100
0000
0000
1000
0000
0000
0000
0001
0000
0100
0000
0000
0000
,  // measure 22
0100
0000
0000
0001
0000
0000
1000
0000
0000
0000
0100
0000
1000
0000
0000
0000
,  // measure 23
0010
0000
0000
0001
0000
0000
1000
0000
0000
0000
0100
0000
0010
0000
0000
0000
,  // measure 24
0010
1000
1000
1000
,  // measure 25
0001
0100
0010
1000
,  // measure 26
0100
0010
0001
0100
,  // measure 27
0010
1000
0100
0010
,  // measure 28
0001
0001
1000
1000
,  // measure 29
0010
1000
0100
0110
,  // measure 30
0010
0001
0100
0110
,  // measure 31
1000
0100
0001
0010
,  // measure 32
1010
0001
0011
1000
,  // measure 33
0010
0000
1000
0000
0001
0100
0001
0000
,  // measure 34
0010
0000
0001
0000
0100
0100
0100
0000
,  // measure 35
1001
0000
1001
0000
1000
0100
1000
0000
,  // measure 36
1000
0000
0100
0000
0010
0001
0100
0000
,  // measure 37
1100
0001
0101
1000
,  // measure 38
1100
0001
0101
1000
,  // measure 39
0010
1000
0100
0010
,  // measure 40
0001
0100
0010
1001
,  // measure 41
1000
0010
0001
0010
,  // measure 42
1000
0010
0100
0000
0001
0010
0100
0000
,  // measure 43
0010
0000
0000
1000
0000
0000
0100
0000
,  // measure 44
0000
0001
0000
0000
0010
0010
0100
0100
;

//---------------dance-single - ----------------
#NOTES:
     dance-single:
     :
     Medium:
     6:
     0.377,0.447,0.300,0.000,0.036,195.000,25.000,0.000,0.000,0.000:  // measure 1
0000
0000
0000
0000
,  // measure 2
0000
0000
0000
0000
,  // measure 3
0000
0000
0000
0000
,  // measure 4
0000
0000
0000
0000
,  // measure 5
0000
0000
0000
0000
,  // measure 6
0000
0000
0000
0000
,  // measure 7
1000
0100
1000
0000
0010
1000
0001
0000
,  // measure 8
0001
0100
0001
0000
0100
0000
1001
0000
,  // measure 9
0100
1000
1001
0000
0100
0001
1001
0000
,  // measure 10
0100
1000
1001
0000
0100
0001
1001
0000
,  // measure 11
0010
0100
0010
1001
,  // measure 12
0010
0001
0100
0000
0100
0000
1001
0000
,  // measure 13
0100
0001
0100
0000
0100
1000
0100
0000
,  // measure 14
0100
0001
0100
0000
0100
1000
0100
0000
,  // measure 15
0100
1000
0001
0000
0100
0001
1000
0000
,  // measure 16
0100
1000
0001
0000
0100
0001
1000
0000
,  // measure 17
0001
0000
0000
0001
0000
0000
0001
0000
0000
0000
0100
0000
1000
0000
0100
0000
,  // measure 18
1000
0000
0000
1000
0000
0000
1000
0000
0000
0000
0001
0000
0100
0000
0001
0000
,  // measure 19
0010
0000
0000
0001
0000
0000
0100
0000
0000
0000
1000
0000
0100
0000
0001
0000
,  // measure 20
0100
0100
0100
0100
,  // measure 21
0010
0000
0000
0010
0000
0000
0010
0000
0000
0000
1000
0000
0001
0000
0100
0000
,  // measure 22
0010
0000
0000
0010
0000
0000
1001
0000
0000
0000
0010
0000
1000
0000
0100
0000
,  // measure 23
0001
0000
0000
0001
0000
0000
0110
0000
0000
0000
0001
0000
1000
0000
0100
0000
,  // measure 24
0010
0000
0010
0000
1001
1000
0100
0000
,  // measure 25
0100
0000
0010
0000
1000
0100
0010
0000
,  // measure 26
0001
0000
0100
0000
0010
1000
0100
0000
,  // measure 27
0010
0000
0001
0000
0100
0010
1000
0000
,  // measure 28
1001
0000
1001
0000
0100
0001
1000
0000
,  // measure 29
0010
1000
0100
0110
,  // measure 30
0010
0001
0100
0110
,  // measure 31
1000
0100
1000
0000
0001
0100
0001
0000
,  // measure 32
1000
0100
1000
0000
0001
0100
0001
0000
,  // measure 33
1000
0000
0001
0000
1000
1000
0100
0000
,  // measure 34
0001
0000
1000
0000
0001
0001
0100
0000
,  // measure 35
0011
0000
1001
0000
0001
1000
0100
0000
,  // measure 36
0010
0000
1001
0000
0010
0100
0010
0000
,  // measure 37
1100
0001
0101
1000
,  // measure 38
1100
0110
0101
0110
,  // measure 39
0010
1000
0100
0011
,  // measure 40
0001
0100
0010
1010
,  // measure 41
0001
0100
0010
1000
,  // measure 42
1000
0010
0100
0000
0001
0010
0100
0000
,  // measure 43
0010
0000
0000
1000
0000
0000
0100
0000
,  // measure 44
0000
0001
0000
0000
0100
0100
0010
0010
;

//---------------dance-single - ----------------
#NOTES:
     dance-single:
     :
     Hard:
     8:
     0.468,0.473,0.348,0.000,0.078,244.000,29.000,0.000,0.000,0.000:  // measure 1
0000
0000
0000
0000
,  // measure 2
0000
0000
0000
0000
,  // measure 3
0000
0000
0000
0000
,  // measure 4
0000
0000
0000
0000
,  // measure 5
0000
0000
0000
0000
,  // measure 6
0000
0000
0000
0000
,  // measure 7
0100
0001
0100
0001
0100
1000
0100
1000
,  // measure 8
0100
0001
0100
0001
0100
1000
0100
1000
,  // measure 9
0100
0001
0100
1000
0100
0001
0100
1000
,  // measure 10
0100
0001
0100
1000
0100
0010
0100
0010
,  // measure 11
0100
0001
0100
1000
0100
0001
0100
1000
,  // measure 12
0100
0001
0100
0010
0100
1000
0100
0010
,  // measure 13
0001
0100
0001
0010
0001
0100
0001
0010
,  // measure 14
0001
1000
0001
1000
0001
0100
0001
0100
,  // measure 15
1000
0001
1000
0001
1000
0010
1000
0010
,  // measure 16
1000
0100
1000
0010
1000
0100
1010
0000
,  // measure 17
1000
0000
0000
0001
0000
0000
1000
0000
0000
0000
0010
0000
0100
0000
0001
0000
,  // measure 18
0001
0000
0000
1000
0000
0000
0001
0000
0000
0000
0010
0000
0100
0000
1000
0000
,  // measure 19
0010
0000
0000
0010
0000
0000
0010
0000
0000
0000
1000
0000
0001
0000
0100
0000
,  // measure 20
0010
0000
0010
0000
0010
1000
0100
0000
,  // measure 21
1000
0000
0000
1000
0000
0000
1000
0000
0000
0100
1000
0000
0001
0000
0100
0000
,  // measure 22
0001
0000
0000
0001
0000
0000
0001
0000
0000
0010
0001
0000
1000
0000
0100
0000
,  // measure 23
0010
0000
0000
0010
0000
0000
0010
0000
0000
0100
1000
0000
0001
0000
0100
0000
,  // measure 24
0010
1000
0000
0000
0100
1000
0000
0000
0001
1000
0000
0000
0100
1000
0000
0000
,  // measure 25
0000
1000
0000
1000
0000
0001
0000
0001
,  // measure 26
0000
0010
0000
1100
0000
0010
0000
0101
,  // measure 27
0000
0100
0000
1001
0000
0100
0000
1001
,  // measure 28
0000
0100
0000
0100
0000
0010
1001
0000
,  // measure 29
0100
1000
0100
1000
0001
0010
0001
0010
,  // measure 30
0001
0100
0001
0100
0010
1000
1010
0000
,  // measure 31
0100
1000
0010
1000
0001
0100
0010
1000
,  // measure 32
0100
0010
0001
0100
0010
0100
1001
0000
,  // measure 33
0010
0000
1000
0000
0001
1001
1001
0000
,  // measure 34
1001
0000
0100
0000
1001
1000
0100
0000
,  // measure 35
0010
1000
0100
0010
0001
0100
0100
0000
,  // measure 36
1100
0000
1010
0000
0010
0001
0101
0000
,  // measure 37
1001
0000
0100
0000
0001
0100
1000
0000
,  // measure 38
1001
0000
0100
0000
1000
0100
0001
0000
,  // measure 39
1001
0000
0101
0000
0001
0010
0101
0000
,  // measure 40
0011
0000
1100
0000
1010
0001
0100
0000
,  // measure 41
1000
0101
0001
1100
,  // measure 42
0010
0000
0001
1100
0000
1000
0101
0000
,  // measure 43
0010
0001
0001
1000
0001
0001
0100
0001
,  // measure 44
0001
0001
1000
1000
0010
1000
1001
0101
;

//---------------dance-double - ----------------
#NOTES:
     dance-double:
     :
     Easy:
     5:
     0.312,0.368,0.192,0.000,0.036,166.000,16.000,0.000,0.000,0.000:  // measure 1
00000000
00000000
00000000
00000000
,  // measure 2
00000000
00000000
00000000
00000000
,  // measure 3
00000000
00000000
00000000
00000000
,  // measure 4
00000000
00000000
00000000
00000000
,  // measure 5
00000000
00000000
00000000
00000000
,  // measure 6
00000000
00000000
00000000
00000000
,  // measure 7
10000000
01000000
00100000
00010000
,  // measure 8
00001000
00000100
00000010
00001001
,  // measure 9
00000001
00000100
00000001
00000000
00001000
00000100
00001000
00000000
,  // measure 10
00010000
00100000
01000000
10010000
,  // measure 11
10000000
01000000
10000000
00000000
00010000
01000000
00010000
00000000
,  // measure 12
00001000
00000100
00000010
00001001
,  // measure 13
00000100
00000001
00000100
00000000
00000100
00001000
00000100
00000000
,  // measure 14
00010000
00100000
01000000
10010000
,  // measure 15
10000000
10000000
00010000
00001000
,  // measure 16
00010000
00001000
00000001
00001001
,  // measure 17
00000001
00000000
00000000
00000010
00000000
00000000
00000100
00000000
00000000
00000000
00001000
00000000
00010000
00000000
00000000
00000000
,  // measure 18
10000000
00000000
00000000
00100000
00000000
00000000
01000000
00000000
00000000
00000000
00010000
00000000
00001000
00000000
00000000
00000000
,  // measure 19
00000010
00000000
00000000
00000001
00000000
00000000
00000100
00000000
00000000
00000000
00001000
00000000
00000100
00000000
00000000
00000000
,  // measure 20
00010000
00100000
10000000
01000000
,  // measure 21
00010000
00000000
00000000
00001000
00000000
00000000
00000010
00000000
00000000
00000000
00000001
00000000
00000100
00000000
00000000
00000000
,  // measure 22
00001000
00000000
00000000
00010000
00000000
00000000
00100000
00000000
00000000
00000000
10000000
00000000
01000000
00000000
00000000
00000000
,  // measure 23
00010000
00000000
00000000
00001000
00000000
00000000
00000100
00000000
00000000
00000000
00001000
00000000
00010000
00000000
00000000
00000000
,  // measure 24
10000000
01000000
00010000
00001000
,  // measure 25
00000010
00000001
00000100
00001000
,  // measure 26
00000010
00000100
00010000
00011000
,  // measure 27
00100000
10000000
01000000
00010000
,  // measure 28
00100000
01000000
00001000
00011000
,  // measure 29
00000001
00000100
00000100
00010000
,  // measure 30
10000000
01000000
01000000
00001000
,  // measure 31
00000001
00000100
00000010
00010000
,  // measure 32
00100000
10000000
00010000
11000000
,  // measure 33
00000000
01000000
00000000
01000000
,  // measure 34
10000000
01000000
10000000
00000000
00010000
01000000
00010000
00000000
,  // measure 35
00001000
00000001
00000100
00001000
,  // measure 36
00001001
00001001
00010000
00001000
,  // measure 37
00011000
01000000
00011000
00000010
,  // measure 38
00011000
10000000
00011000
00000001
,  // measure 39
00011000
00000001
00000100
00001000
,  // measure 40
00011000
10000000
01000000
00010000
,  // measure 41
00001000
00000001
00000100
00010000
,  // measure 42
00001000
00000010
00001000
00000000
00001000
00010000
00001000
00000000
,  // measure 43
00001000
00000000
00000000
00100000
00000000
00000000
00010000
00000000
,  // measure 44
00000000
00000010
00000000
00000000
00010000
00010000
00001000
00001000
;

//---------------dance-double - ----------------
#NOTES:
     dance-double:
     :
     Medium:
     6:
     0.360,0.368,0.192,0.000,0.036,194.000,16.000,0.000,0.000,0.000:  // measure 1
00000000
00000000
00000000
00000000
,  // measure 2
00000000
00000000
00000000
00000000
,  // measure 3
00000000
00000000
00000000
00000000
,  // measure 4
00000000
00000000
00000000
00000000
,  // measure 5
00000000
00000000
00000000
00000000
,  // measure 6
00000000
00000000
00000000
00000000
,  // measure 7
10000000
01000000
10000000
00000000
00010000
01000000
00010000
00000000
,  // measure 8
00001000
00000100
00001000
00000000
00000001
00000000
00000101
00000000
,  // measure 9
00000010
00000001
00000100
00000000
00000010
00001000
00000100
00000000
,  // measure 10
00010000
00100000
01000000
11000000
,  // measure 11
10000000
00010000
01000000
00000000
00010000
10000000
01000000
00000000
,  // measure 12
00001000
00000100
00000010
00000101
,  // measure 13
00000010
00000100
00000100
00000000
00000100
00001000
00000100
00000000
,  // measure 14
00010000
00100000
01000000
11000000
,  // measure 15
10000000
00100000
10000000
00000000
00010000
00000000
00001000
00000000
,  // measure 16
00010000
00001000
00010000
00000000
00000001
00000000
00000101
00000000
,  // measure 17
00000001
00000000
00000000
00000010
00000000
00000000
00001000
00000000
00000000
00000000
00010000
00000000
00001000
00000000
00010000
00000000
,  // measure 18
10000000
00000000
00000000
00100000
00000000
00000000
00010000
00000000
00000000
00000000
00001000
00000000
00010000
00000000
00001000
00000000
,  // measure 19
00010000
00000000
00000000
00100000
00000000
00000000
01000000
00000000
00000000
00000000
00010000
00000000
00001000
00000000
00000100
00000000
,  // measure 20
00000001
00000001
00000010
00000100
,  // measure 21
00001000
00000000
00000000
00010000
00000000
00000000
00100000
00000000
00000000
00000000
10000000
00000000
01000000
00000000
00010000
00000000
,  // measure 22
00010000
00000000
00000000
00001000
00000000
00000000
00000010
00000000
00000000
00000000
00000001
00000000
00000100
00000000
00001000
00000000
,  // measure 23
00010000
00000000
00000000
00100000
00000000
00000000
00010000
00000000
00000000
00000000
00001000
00000000
00000010
00000000
00001000
00000000
,  // measure 24
00010000
00000000
00011000
00000000
00000010
00000001
00000100
00000000
,  // measure 25
00000001
00000100
00000001
00000000
00001000
00000100
00001000
00000000
,  // measure 26
00010000
01000000
00010000
00000000
10000000
01000000
10000000
00000000
,  // measure 27
00100000
10000000
01000000
10010000
,  // measure 28
00100000
10000000
01000000
00000000
00100000
00010000
01000000
00000000
,  // measure 29
00001000
00010000
00000100
00000000
00000001
00000100
00000001
00000000
,  // measure 30
00000010
00000001
00000100
00001001
,  // measure 31
00000010
00000001
00000100
00000000
00000010
00001000
00000100
00000000
,  // measure 32
00010000
00001000
01000000
00000000
10000000
01000000
10000000
00000000
,  // measure 33
00000000
01000000
00000000
01000000
,  // measure 34
10000000
01000000
11000000
00000000
00010000
01000000
01010000
00000000
,  // measure 35
00001000
00000100
00000001
00000100
,  // measure 36
00000101
00000101
00010000
00001000
,  // measure 37
00011000
01000000
00011000
01000000
,  // measure 38
00001000
00010000
00000010
00000000
00001000
00010000
00000010
00000000
,  // measure 39
00011000
00000100
00011000
00000100
,  // measure 40
00010000
00001000
00100000
00000000
00010000
00001000
00100000
00000000
,  // measure 41
00010000
00000010
00001000
00100000
,  // measure 42
00010000
00100000
00010000
00000000
00010000
00001000
00010000
00000000
,  // measure 43
00001000
00000000
00000000
00100000
00000000
00000000
00010000
00000000
,  // measure 44
00000000
00000010
00000000
00000000
00010000
00001000
01000000
00000100
;

//---------------dance-double - ----------------
#NOTES:
     dance-double:
     :
     Hard:
     8:
     0.445,0.526,0.240,0.000,0.000,240.000,20.000,0.000,0.000,0.000:  // measure 1
00000000
00000000
00000000
00000000
,  // measure 2
00000000
00000000
00000000
00000000
,  // measure 3
00000000
00000000
00000000
00000000
,  // measure 4
00000000
00000000
00000000
00000000
,  // measure 5
00000000
00000000
00000000
00000000
,  // measure 6
00000000
00000000
00000000
00000000
,  // measure 7
00000001
00000100
00000010
00001000
00000100
00010000
00001000
01000000
,  // measure 8
00010000
00100000
01000000
10000000
00010000
01000000
00001000
00010000
,  // measure 9
00000100
00000010
00000001
00000000
00000100
00000010
00001000
00000000
,  // measure 10
00000100
00010000
00001000
01000000
00100000
10000000
01000000
00000000
,  // measure 11
00100000
00001000
00010000
00000000
00000100
00000010
00000001
00000000
,  // measure 12
00001000
00000100
00010000
00001000
00100000
00010000
10000000
00000000
,  // measure 13
00100000
01000000
00010000
00000000
10000000
01000000
00100000
00000000
,  // measure 14
00001000
00010000
00000100
00000010
00000001
00000100
00000010
00000000
,  // measure 15
00001000
00000100
00010000
00000000
00001000
01000000
00010000
00000000
,  // measure 16
00100000
00001000
00010000
00000100
00001000
00000010
00010000
00000000
,  // measure 17
00001000
01000000
00010000
00100000
00000000
01000000
01000000
01000000
,  // measure 18
10000000
00010000
01000000
00100000
00000000
10000000
10000000
10000000
,  // measure 19
00010000
01000000
00001000
00010000
00000000
00000010
00000010
00000010
,  // measure 20
00001001
00000000
00000110
00000000
00010000
00001000
00100000
00010000
,  // measure 21
10000000
01000000
00100000
00010000
00000000
01000000
01000000
01000000
,  // measure 22
00001000
00010000
00000100
00000010
00000000
00000001
00000001
00000001
,  // measure 23
00001000
00000100
00010000
00001000
00000000
00100000
00100000
00100000
,  // measure 24
10010000
00000000
01100000
00000000
00001000
00010000
00000100
00001000
,  // measure 25
00000001
00000100
00000010
00000000
00001000
00000100
00010000
00000000
,  // measure 26
00101000
00000000
00000000
10010000
00000000
00000000
01001000
00000000
,  // measure 27
00010000
00000010
00001000
00000000
00000001
00000010
00000100
00000000
,  // measure 28
00001001
00000000
00000000
00011000
00000000
00000000
10010000
00000000
,  // measure 29
00100000
01000000
10000000
00000000
00010000
01000000
00001000
00000000
,  // measure 30
00010010
00000000
00000000
01001000
00000000
00000000
10010000
00000000
,  // measure 31
00100000
00001000
00010000
00000000
00000100
00000010
00000001
00000000
,  // measure 32
00001100
00000000
00000000
00011000
00000000
00000000
00110000
00000000
,  // measure 33
10000000
01000000
00100000
00000000
00010000
01000000
00001000
00000000
,  // measure 34
00010000
00000100
00001000
00000000
00000001
00000001
00000001
00000000
,  // measure 35
00000010
00000100
00001000
00000000
00000010
00010000
00001000
00000000
,  // measure 36
00100000
00010000
10000000
00000000
01000000
01000000
01000000
00000000
,  // measure 37
00100000
00001000
01000000
00100000
10000000
01000000
00100000
00000000
,  // measure 38
00001000
00010000
00000010
00001000
00000100
00000010
00000001
00000000
,  // measure 39
00000100
00000010
00001000
00000100
00010000
00001000
00100000
00000000
,  // measure 40
00010000
10000000
01000000
00100000
00010000
01000000
00100000
00000000
,  // measure 41
10000000
01000000
00100000
00001000
00010000
00000100
00000010
00000000
,  // measure 42
00000001
00000100
00000010
00001000
00000100
00010000
00001000
00000000
,  // measure 43
00110000
01000000
01000000
11000000
00010000
00010000
01010000
00001000
,  // measure 44
00001000
00011000
00000100
00000100
00001000
00000001
00000100
00000010
;

//---------------dance-couple - ----------------
#NOTES:
     dance-couple:
     :
     Easy:
     5:
     0.613,0.736,1.000,0.000,0.036,168.000,148.000,0.000,0.000,21.000:  // measure 1
00000000
00000000
00000000
00000000
,  // measure 2
00000000
00000000
00000000
00000000
,  // measure 3
00000000
00000000
00000000
00000000
,  // measure 4
00000000
00000000
00000000
00000000
,  // measure 5
00000000
00000000
00000000
00000000
,  // measure 6
00000000
00000000
00000000
00000000
,  // measure 7
00100010
10000001
00100010
10011001
,  // measure 8
00100010
01000100
00100010
10011001
,  // measure 9
01000000
10010000
00000100
00001001
,  // measure 10
01000000
10010000
00000100
00001001
,  // measure 11
00100010
01000100
00100010
10011001
,  // measure 12
00100010
10000001
01000100
10011001
,  // measure 13
00100010
00011000
01000100
10011001
,  // measure 14
00100010
10000001
01000100
10011001
,  // measure 15
11000101
00011000
01011100
10000001
,  // measure 16
11000101
00011000
01011100
10000001
,  // measure 17
00011000
00000000
00000000
00010000
00000100
00000000
00010000
00000000
00001000
00000000
10000000
00000000
01000100
00000000
00000000
00000000
,  // measure 18
00011000
00000000
00000000
00001000
01000000
00000000
00001000
00000000
00010000
00000000
00000001
00000000
01000100
00000000
00000000
00000000
,  // measure 19
00011000
00000000
00000000
10000001
00000000
00000000
00011000
00000000
00000000
00000000
00100010
00000000
01000100
00000000
00000000
00000000
,  // measure 20
00100010
00011000
00011000
00011000
,  // measure 21
10000001
00000000
00000000
01000100
00000000
00000000
10000001
00000000
00000000
00000000
00011000
00000000
01000100
00000000
00000000
00000000
,  // measure 22
01000100
00000000
00000000
00011000
00000000
00000000
10000001
00000000
00000000
00000000
01000100
00000000
10000001
00000000
00000000
00000000
,  // measure 23
00100010
00000000
00000000
00011000
00000000
00000000
10000001
00000000
00000000
00000000
01000100
00000000
00100010
00000000
00000000
00000000
,  // measure 24
00100010
10000001
10000001
10000001
,  // measure 25
00011000
01000100
00100010
10000001
,  // measure 26
01000100
00100010
00011000
01000100
,  // measure 27
00100010
10000001
01000100
00100010
,  // measure 28
00011000
00011000
10000001
10000001
,  // measure 29
00100010
10000001
01000100
01100110
,  // measure 30
00100010
00011000
01000100
01100110
,  // measure 31
10000001
01000100
00011000
00100010
,  // measure 32
10100011
00011000
00111010
10000001
,  // measure 33
00100010
00000000
10001000
00000000
00010001
01000100
00010001
00000000
,  // measure 34
00100010
00000000
00010001
00000000
01000100
01000100
01000100
00000000
,  // measure 35
10011001
00000000
10011001
00000000
10000001
01000100
10000001
00000000
,  // measure 36
10000001
00000000
01000100
00000000
00100010
00011000
01000100
00000000
,  // measure 37
11000101
00011000
01011100
10000001
,  // measure 38
11000101
00011000
01011100
10000001
,  // measure 39
00100010
10000001
01000100
00100010
,  // measure 40
00011000
01000100
00100010
10011001
,  // measure 41
10000001
00100010
00011000
00100010
,  // measure 42
00000001
00000010
00000100
00000000
10000000
00100000
01000000
00000000
,  // measure 43
00100010
00000000
00000000
10000001
00000000
00000000
01000100
00000000
,  // measure 44
00000000
00011000
00000000
00000000
00100010
00100010
01000100
01000100
;

//---------------dance-couple - ----------------
#NOTES:
     dance-couple:
     :
     Medium:
     6:
     0.695,0.789,1.000,0.000,0.036,196.000,166.000,0.000,0.000,24.000:  // measure 1
00000000
00000000
00000000
00000000
,  // measure 2
00000000
00000000
00000000
00000000
,  // measure 3
00000000
00000000
00000000
00000000
,  // measure 4
00000000
00000000
00000000
00000000
,  // measure 5
00000000
00000000
00000000
00000000
,  // measure 6
00000000
00000000
00000000
00000000
,  // measure 7
10000000
01000000
10000000
00000000
00000001
00000100
00000001
00000000
,  // measure 8
00010000
01000000
00010000
00000000
00001000
00000100
00001000
00000000
,  // measure 9
01000000
10000000
10001001
00000000
00000100
00000001
10010001
00000000
,  // measure 10
01000000
00010000
00011001
00000000
00000100
00001000
10011000
00000000
,  // measure 11
00100010
01000100
00100010
10011001
,  // measure 12
00100010
00011000
01000100
00000000
01000100
00000000
10011001
00000000
,  // measure 13
01000100
00011000
01000100
00000000
01000100
10000001
01000100
00000000
,  // measure 14
01000100
00011000
01000100
00000000
01000100
10000001
01000100
00000000
,  // measure 15
01000100
10000001
00011000
00000000
01000100
00011000
10000001
00000000
,  // measure 16
01000100
10000001
00011000
00000000
01000100
00011000
10000001
00000000
,  // measure 17
00011000
00000000
00000000
00011000
00000000
00000000
00011000
00000000
00000000
00000000
01000100
00000000
10000001
00000000
01000100
00000000
,  // measure 18
10000001
00000000
00000000
10000001
00000000
00000000
10000001
00000000
00000000
00000000
00011000
00000000
01000100
00000000
00011000
00000000
,  // measure 19
00100010
00000000
00000000
00011000
00000000
00000000
01000100
00000000
00000000
00000000
10000001
00000000
01000100
00000000
00011000
00000000
,  // measure 20
01000000
00000100
01000000
00000100
,  // measure 21
00100010
00000000
00000000
00100010
00000000
00000000
00100010
00000000
00000000
00000000
10000001
00000000
00011000
00000000
01000100
00000000
,  // measure 22
00100010
00000000
00000000
00100010
00000000
00000000
10011001
00000000
00000000
00000000
00100010
00000000
10000001
00000000
01000100
00000000
,  // measure 23
00011000
00000000
00000000
00011000
00000000
00000000
01100110
00000000
00000000
00000000
00011000
00000000
10000001
00000000
01000100
00000000
,  // measure 24
00100010
00000000
00100010
00000000
10011001
10000001
01000100
00000000
,  // measure 25
01000100
00000000
00100010
00000000
10000001
01000100
00100010
00000000
,  // measure 26
00011000
00000000
01000100
00000000
00100010
10000001
01000100
00000000
,  // measure 27
00100010
00000000
00011000
00000000
01000100
00100010
10000001
00000000
,  // measure 28
10011001
00000000
10011001
00000000
01000100
00011000
10000001
00000000
,  // measure 29
00100010
10000001
01000100
01100110
,  // measure 30
00100010
00011000
01000100
01100110
,  // measure 31
10000001
01000100
10000001
00000000
00011000
01000100
00011000
00000000
,  // measure 32
10000001
01000100
10000001
00000000
00011000
01000100
00011000
00000000
,  // measure 33
10000001
00000000
00011000
00000000
10000001
10000001
01000100
00000000
,  // measure 34
00011000
00000000
10000001
00000000
00011000
00011000
01000100
00000000
,  // measure 35
00111010
00000000
10011001
00000000
00011000
10000001
01000100
00000000
,  // measure 36
00100010
00000000
10011001
00000000
00100010
01000100
00100010
00000000
,  // measure 37
11000101
00011000
01011100
10000001
,  // measure 38
11000101
01100110
01011100
01100110
,  // measure 39
00100010
10000001
01000100
00111010
,  // measure 40
00011000
01000100
00100010
10100011
,  // measure 41
00011000
01000100
00100010
10000001
,  // measure 42
10000000
00100000
01000000
00000000
00000001
00000010
00000100
00000000
,  // measure 43
00100010
00000000
00000000
10000001
00000000
00000000
01000100
00000000
,  // measure 44
00000000
00011000
00000000
00000000
01000100
01000100
00100010
00100010
;

//---------------dance-couple - ----------------
#NOTES:
     dance-couple:
     :
     Hard:
     8:
     0.935,0.947,1.000,0.000,0.078,244.000,244.000,0.000,0.000,29.000:  // measure 1
00000000
00000000
00000000
00000000
,  // measure 2
00000000
00000000
00000000
00000000
,  // measure 3
00000000
00000000
00000000
00000000
,  // measure 4
00000000
00000000
00000000
00000000
,  // measure 5
00000000
00000000
00000000
00000000
,  // measure 6
00000000
00000000
00000000
00000000
,  // measure 7
01000100
00011000
01000100
00011000
01000100
10000001
01000100
10000001
,  // measure 8
01000100
00011000
01000100
00011000
01000100
10000001
01000100
10000001
,  // measure 9
01000100
00011000
01000100
10000001
01000100
00011000
01000100
10000001
,  // measure 10
01000100
00011000
01000100
10000001
01000100
00100010
01000100
00100010
,  // measure 11
01000100
00011000
01000100
10000001
01000100
00011000
01000100
10000001
,  // measure 12
01000100
00011000
01000100
00100010
01000100
10000001
01000100
00100010
,  // measure 13
00011000
01000100
00011000
00100010
00011000
01000100
00011000
00100010
,  // measure 14
00011000
10000001
00011000
10000001
00011000
01000100
00011000
01000100
,  // measure 15
10000001
00011000
10000001
00011000
10000001
00100010
10000001
00100010
,  // measure 16
10000001
01000100
10000001
00100010
10000001
01000100
10100011
00000000
,  // measure 17
10000001
00000000
00000000
00011000
00000000
00000000
10000001
00000000
00000000
00000000
00100010
00000000
01000100
00000000
00011000
00000000
,  // measure 18
00011000
00000000
00000000
10000001
00000000
00000000
00011000
00000000
00000000
00000000
00100010
00000000
01000100
00000000
10000001
00000000
,  // measure 19
00100010
00000000
00000000
00100010
00000000
00000000
00100010
00000000
00000000
00000000
10000001
00000000
00011000
00000000
01000100
00000000
,  // measure 20
00100010
00000000
00100010
00000000
00100010
10000001
01000100
00000000
,  // measure 21
10000001
00000000
00000000
10000001
00000000
00000000
10000001
00000000
00000000
01000100
10000001
00000000
00011000
00000000
01000100
00000000
,  // measure 22
00011000
00000000
00000000
00011000
00000000
00000000
00011000
00000000
00000000
00100010
00011000
00000000
10000001
00000000
01000100
00000000
,  // measure 23
00100010
00000000
00000000
00100010
00000000
00000000
00100010
00000000
00000000
01000100
10000001
00000000
00011000
00000000
01000100
00000000
,  // measure 24
00100010
10000001
00000000
00000000
01000100
10000001
00000000
00000000
00011000
10000001
00000000
00000000
01000100
10000001
00000000
00000000
,  // measure 25
00000000
10000001
00000000
10000001
00000000
00011000
00000000
00011000
,  // measure 26
00000000
00100010
00000000
11000101
00000000
00100010
00000000
01011100
,  // measure 27
00000000
01000100
00000000
10011001
00000000
01000100
00000000
10011001
,  // measure 28
00000000
01000100
00000000
01000100
00000000
00100010
10011001
00000000
,  // measure 29
01000100
10000001
01000100
10000001
00011000
00100010
00011000
00100010
,  // measure 30
00011000
01000100
00011000
01000100
00100010
10000001
10100011
00000000
,  // measure 31
01000100
10000001
00100010
10000001
00011000
01000100
00100010
10000001
,  // measure 32
01000100
00100010
00011000
01000100
00100010
01000100
10011001
00000000
,  // measure 33
00100010
00000000
10000001
00000000
00011000
10011001
10011001
00000000
,  // measure 34
10011001
00000000
01000100
00000000
10011001
10000001
01000100
00000000
,  // measure 35
00100010
10000001
01000100
00100010
00011000
01000100
01000100
00000000
,  // measure 36
11000101
00000000
10100011
00000000
00100010
00011000
01011100
00000000
,  // measure 37
10011001
00000000
01000100
00000000
00011000
01000100
10000001
00000000
,  // measure 38
10011001
00000000
01000100
00000000
10000001
01000100
00011000
00000000
,  // measure 39
10011001
00000000
01011100
00000000
00011000
00100010
01011100
00000000
,  // measure 40
00111010
00000000
11000101
00000000
10100011
00011000
01000100
00000000
,  // measure 41
10000001
01011100
00011000
11000101
,  // measure 42
00100010
00000000
00011000
11000101
00000000
10000001
01011100
00000000
,  // measure 43
00100010
00011000
00011000
10000001
00011000
00011000
01000100
00011000
,  // measure 44
00011000
00011000
10000001
10000001
00100010
10000001
10011001
01011100
;

//---------------dance-solo - ----------------
#NOTES:
     dance-solo:
     :
     Easy:
     5:
     0.324,0.368,0.300,0.000,0.036,164.000,25.000,0.000,0.000,0.000:  // measure 1
000000
000000
000000
000000
,  // measure 2
000000
000000
000000
000000
,  // measure 3
000000
000000
000000
000000
,  // measure 4
000000
000000
000000
000000
,  // measure 5
000000
000000
000000
000000
,  // measure 6
000000
000000
000000
000000
,  // measure 7
000010
100000
000100
100001
,  // measure 8
100000
000010
001000
100001
,  // measure 9
001000
010001
001000
100010
,  // measure 10
001000
100001
001000
100001
,  // measure 11
000100
001000
010000
100001
,  // measure 12
000010
010000
001000
100001
,  // measure 13
000100
000010
001000
100001
,  // measure 14
000100
010000
001000
100001
,  // measure 15
011000
000001
001010
100000
,  // measure 16
011000
000001
001010
100000
,  // measure 17
000001
000000
000000
000001
000000
000000
000001
000000
000000
000000
010000
000000
001000
000000
000000
000000
,  // measure 18
100000
000000
000000
100000
000000
000000
100000
000000
000000
000000
000010
000000
001000
000000
000000
000000
,  // measure 19
000001
000000
000000
100000
000000
000000
000010
000000
000000
000000
000100
000000
001000
000000
000000
000000
,  // measure 20
000100
000001
000001
000001
,  // measure 21
100000
000000
000000
001000
000000
000000
100000
000000
000000
000000
000001
000000
001000
000000
000000
000000
,  // measure 22
001000
000000
000000
000010
000000
000000
100000
000000
000000
000000
001000
000000
010000
000000
000000
000000
,  // measure 23
000100
000000
000000
000001
000000
000000
100000
000000
000000
000000
001000
000000
000100
000000
000000
000000
,  // measure 24
000100
010000
010000
010000
,  // measure 25
000001
001000
000100
100000
,  // measure 26
001000
010000
000001
001000
,  // measure 27
000010
100000
001000
000100
,  // measure 28
000001
000001
100000
100000
,  // measure 29
000100
010000
001000
001100
,  // measure 30
000010
000001
001000
001100
,  // measure 31
100000
001000
000001
000100
,  // measure 32
100010
000001
011000
100000
,  // measure 33
000100
000000
001000
000000
000001
100000
000001
000000
,  // measure 34
000100
000000
000010
000000
001000
001000
001000
000000
,  // measure 35
100001
000000
100001
000000
010000
001000
010000
000000
,  // measure 36
100000
000000
001000
000000
000100
000001
001000
000000
,  // measure 37
101000
000001
000110
010000
,  // measure 38
101000
000001
000110
010000
,  // measure 39
000100
100000
001000
000100
,  // measure 40
000001
001000
000010
100001
,  // measure 41
010000
000100
000010
000100
,  // measure 42
100000
000100
001000
000000
000010
000100
001000
000000
,  // measure 43
010000
000000
000000
100000
000000
000000
000001
000000
,  // measure 44
000000
000010
000000
000000
000100
000100
001000
001000
;

//---------------dance-solo - ----------------
#NOTES:
     dance-solo:
     :
     Medium:
     6:
     0.373,0.447,0.300,0.000,0.036,193.000,25.000,0.000,0.000,0.000:  // measure 1
000000
000000
000000
000000
,  // measure 2
000000
000000
000000
000000
,  // measure 3
000000
000000
000000
000000
,  // measure 4
000000
000000
000000
000000
,  // measure 5
000000
000000
000000
000000
,  // measure 6
000000
000000
000000
000000
,  // measure 7
010000
001000
010000
000000
000100
000001
100000
000000
,  // measure 8
000010
001000
000010
000000
001000
000000
100001
000000
,  // measure 9
001000
010000
100001
000000
001000
000010
100001
000000
,  // measure 10
001000
010000
100001
000000
001000
000010
100001
000000
,  // measure 11
000100
001000
000100
100001
,  // measure 12
000100
000010
001000
000000
001000
000000
100001
000000
,  // measure 13
001000
000001
001000
000000
001000
100000
001000
000000
,  // measure 14
001000
000010
001000
000000
001000
010000
001000
000000
,  // measure 15
001000
000010
100000
000000
001000
010000
000001
000000
,  // measure 16
001000
000010
100000
000000
001000
010000
000001
000000
,  // measure 17
100000
000000
000000
100000
000000
000000
100000
000000
000000
000000
001000
000000
100000
000000
001000
000000
,  // measure 18
010000
000000
000000
010000
000000
000000
010000
000000
000000
000000
000001
000000
001000
000000
000001
000000
,  // measure 19
000100
000000
000000
000010
000000
000000
001000
000000
000000
000000
100000
000000
001000
000000
000001
000000
,  // measure 20
001000
001000
001000
001000
,  // measure 21
000100
000000
000000
000100
000000
000000
000100
000000
000000
000000
010000
000000
000001
000000
001000
000000
,  // measure 22
000100
000000
000000
000100
000000
000000
100001
000000
000000
000000
000100
000000
010000
000000
001000
000000
,  // measure 23
000001
000000
000000
000001
000000
000000
001100
000000
000000
000000
000001
000000
010000
000000
001000
000000
,  // measure 24
000100
000000
000100
000000
100001
100000
001000
000000
,  // measure 25
001000
000000
000100
000000
010000
001000
000100
000000
,  // measure 26
000001
000000
001000
000000
000010
100000
001000
000000
,  // measure 27
000100
000000
000001
000000
001000
000010
100000
000000
,  // measure 28
010001
000000
100010
000000
001000
000001
100000
000000
,  // measure 29
000100
010000
001000
000101
,  // measure 30
010000
001000
000100
001100
,  // measure 31
010000
000001
010000
000000
000010
100000
000010
000000
,  // measure 32
010000
001000
010000
000000
000010
001000
000010
000000
,  // measure 33
100000
000001
010000
001000
,  // measure 34
000001
100000
000010
001000
,  // measure 35
000101
000000
100001
000000
000010
010000
001000
000000
,  // measure 36
000100
000000
100001
000000
000100
001000
000100
000000
,  // measure 37
101000
000001
001010
100000
,  // measure 38
011000
000101
001010
100100
,  // measure 39
001000
010000
001000
000101
,  // measure 40
000010
001000
000100
100010
,  // measure 41
000001
001000
000100
100000
,  // measure 42
010000
000010
001000
000000
000001
000100
001000
000000
,  // measure 43
010000
000000
000000
100000
000000
000000
000001
000000
,  // measure 44
000000
000010
000000
000000
001000
001000
000100
000100
;

//---------------dance-solo - ----------------
#NOTES:
     dance-solo:
     :
     Hard:
     8:
     0.459,0.447,0.336,0.000,0.078,240.000,28.000,0.000,0.000,0.000:  // measure 1
000000
000000
000000
000000
,  // measure 2
000000
000000
000000
000000
,  // measure 3
000000
000000
000000
000000
,  // measure 4
000000
000000
000000
000000
,  // measure 5
000000
000000
000000
000000
,  // measure 6
000000
000000
000000
000000
,  // measure 7
001000
100000
001000
010000
001000
000010
001000
000001
,  // measure 8
001000
010000
001000
100000
001000
000001
001000
000010
,  // measure 9
001000
100000
001000
000001
001000
010000
001000
000010
,  // measure 10
001000
100000
001000
000001
001000
000100
001000
010000
,  // measure 11
001000
100000
001000
000010
001000
100000
001000
000001
,  // measure 12
001000
010000
001000
000100
001000
000010
001000
000100
,  // measure 13
000001
001000
000001
010000
000001
001000
000001
000010
,  // measure 14
000001
100000
000001
100000
000001
001000
000001
001000
,  // measure 15
100000
000001
010000
000001
100000
001000
010000
001000
,  // measure 16
000001
000100
000001
000010
000001
001000
000010
000000
,  // measure 17
100000
000000
000000
000001
000000
000000
100000
000000
000000
000000
000100
000000
001000
000000
000010
000000
,  // measure 18
000000
000000
000000
100000
000000
000000
000001
000000
000000
000000
000100
000000
001000
000000
010000
000000
,  // measure 19
000100
000000
000000
000100
000000
000000
000100
000000
000000
000000
100000
000000
000001
000000
001000
000000
,  // measure 20
000010
000000
000010
000000
000010
100000
001000
000000
,  // measure 21
010000
000000
000000
010000
000000
000000
010000
000000
000000
001000
100000
000000
000001
000000
001000
000000
,  // measure 22
000010
000000
000000
000010
000000
000000
000010
000000
000000
000100
000001
000000
100000
000000
001000
000000
,  // measure 23
000100
000000
000000
000100
000000
000000
000100
000000
000000
001000
100000
000000
000001
000000
001000
000000
,  // measure 24
000010
100000
000000
000000
001000
100000
000000
000000
000001
100000
000000
000000
001000
100000
000000
000000
,  // measure 25
000000
010000
000000
010000
000000
000001
000000
000001
,  // measure 26
000000
000100
000000
011000
000000
000100
000000
001010
,  // measure 27
000000
100000
000000
010001
000000
001000
000000
100010
,  // measure 28
000000
001000
000000
001000
000000
000100
100001
000000
,  // measure 29
001000
100000
001000
100000
000001
000100
000001
000100
,  // measure 30
000001
001000
000010
001000
000100
100000
100010
000000
,  // measure 31
001000
010000
000100
100000
000001
001000
000100
100000
,  // measure 32
001000
000100
000001
001000
000010
001000
100001
000000
,  // measure 33
000100
000000
100000
000000
000010
010001
100010
000000
,  // measure 34
100001
000000
001000
000000
100001
010000
001000
000000
,  // measure 35
000100
100000
001000
000100
000001
001000
001000
000000
,  // measure 36
101000
000000
010100
000000
000100
000010
001001
000000
,  // measure 37
100010
000000
001000
000000
000001
001000
100000
000000
,  // measure 38
100001
000000
001000
000000
100000
001000
000001
000000
,  // measure 39
100001
000000
001010
000000
000001
000100
001010
000000
,  // measure 40
000101
000000
101000
000000
010100
000010
001000
000000
,  // measure 41
100000
001001
000010
100100
,  // measure 42
001000
000000
000001
101000
000000
010000
100001
000000
,  // measure 43
000100
000010
000000
010000
000001
000001
001000
000010
,  // measure 44
000000
000000
100000
100000
000100
010000
100010
010001
;
