#TITLE:아름다운21C;
#SUBTITLE:;
#ARTIST:2000 대한민국;
#TITLETRANSLIT:AROMDAON 21C;
#SUBTITLETRANSLIT:;
#ARTISTTRANSLIT:2000 DAIHANMINGUK;
#CREDIT:;
#BANNER:AROMDAON 21C.png;
#BACKGROUND:AROMDAON 21C-bg.png;
#LYRICSPATH:;
#CDTITLE:./CDTITLES/KOREAN DANCE MUSIC.PNG;
#MUSIC:AROMDAON 21C.mp3;
#OFFSET:-0.291;
#SAMPLESTART:53.580;
#SAMPLELENGTH:12.000;
#SELECTABLE:YES;
#DISPLAYBPM:108.000;
#BPMS:0.000=108.020;
#STOPS:;
#BGCHANGES:;
// cache tags:
#FIRSTBEAT:0.000;
#LASTBEAT:175.000;
#SONGFILENAME:Songs/DDI/AROMDAON 21C/AROMDAON 21C.sm;
#HASMUSIC:1;
#HASBANNER:1;
#MUSICLENGTH:101.746;
// end cache tags

//---------------dance-single - ----------------
#NOTES:
     dance-single:
     :
     Easy:
     3:
     0.270,0.278,0.521,0.000,0.000,139.000,53.000,0.000,0.000,0.000:  // measure 1
0000
0000
0000
0000
,  // measure 2
0000
0000
0000
0000
,  // measure 3
0001
0001
1001
0000
,  // measure 4
0010
0010
1001
0000
,  // measure 5
1001
0000
1001
0000
,  // measure 6
1001
0000
0101
0101
,  // measure 7
1001
0100
0100
1001
,  // measure 8
0010
0010
1001
0100
,  // measure 9
0010
1000
0100
1001
,  // measure 10
0100
0100
0001
1001
,  // measure 11
1000
0001
0101
0000
,  // measure 12
0001
1000
1100
0000
,  // measure 13
1000
0001
1000
0100
,  // measure 14
0001
1000
0001
0100
,  // measure 15
1001
0010
0100
0000
,  // measure 16
1001
0010
0100
0000
,  // measure 17
0001
0001
1000
1000
,  // measure 18
0001
0100
1000
0100
,  // measure 19
0010
0100
1001
0000
,  // measure 20
1001
0100
0010
0000
,  // measure 21
0001
1000
0101
0000
,  // measure 22
0010
1000
0100
0000
,  // measure 23
1001
0000
1001
0000
,  // measure 24
1001
0000
0101
0101
,  // measure 25
1001
0100
0100
1001
,  // measure 26
0010
0010
1001
0100
,  // measure 27
0010
1000
0100
1001
,  // measure 28
0100
0100
0001
1001
,  // measure 29
1000
0001
0101
0000
,  // measure 30
0001
1000
1100
0000
,  // measure 31
1001
0100
0001
0001
,  // measure 32
1000
0100
1001
0000
,  // measure 33
0100
1001
0010
0000
,  // measure 34
1001
0100
1001
0000
,  // measure 35
0010
0010
0100
0100
,  // measure 36
1001
0001
0101
0000
,  // measure 37
1001
1000
1100
0100
,  // measure 38
1001
0010
0110
0001
,  // measure 39
1000
0100
1001
0101
,  // measure 40
1001
0000
1001
0000
,  // measure 41
1001
1000
0100
0000
,  // measure 42
0110
0000
1001
0000
,  // measure 43
1001
0001
0100
0000
,  // measure 44
1001
1001
1001
0000
;

//---------------dance-single - ----------------
#NOTES:
     dance-single:
     :
     Medium:
     5:
     0.369,0.322,0.727,0.000,0.000,189.000,74.000,0.000,0.000,0.000:  // measure 1
0000
0000
0000
0000
,  // measure 2
0000
0000
0000
0000
,  // measure 3
1001
1001
1001
0100
,  // measure 4
0010
0100
0000
1001
1001
0000
0000
0000
,  // measure 5
0100
1001
0100
1001
,  // measure 6
0100
1001
0100
1001
,  // measure 7
1001
1001
1001
0100
,  // measure 8
0010
0100
0000
1001
1001
0000
0000
0000
,  // measure 9
1001
1001
1001
0100
,  // measure 10
0010
0100
0000
1001
1001
0000
0000
0000
,  // measure 11
1001
0000
0100
0010
0100
0010
0000
0000
,  // measure 12
1001
0000
0010
0100
0010
0100
0000
0000
,  // measure 13
1001
0000
0100
0010
0100
0010
0000
0000
,  // measure 14
1001
0000
0010
0100
0010
0100
0000
0000
,  // measure 15
0010
0100
0001
1000
0000
1001
0000
0000
,  // measure 16
0100
0010
0001
1000
0000
1001
0000
0000
,  // measure 17
0010
0100
0001
1000
0000
1001
0000
0000
,  // measure 18
0100
0010
0001
1000
0000
1001
0000
0000
,  // measure 19
1001
0000
0100
0010
0100
0010
0000
0000
,  // measure 20
0100
0010
0001
1000
0000
1001
0000
0000
,  // measure 21
1001
0000
0010
0100
0010
0100
0000
0000
,  // measure 22
0010
0100
0001
1000
0000
1001
0000
0000
,  // measure 23
1001
0100
1001
0010
,  // measure 24
1001
0100
1001
0010
,  // measure 25
1001
1001
1001
0100
,  // measure 26
0010
0100
0000
1001
1001
0000
0000
0000
,  // measure 27
1001
1001
1001
0100
,  // measure 28
0010
0100
0000
1001
1001
0000
0000
0000
,  // measure 29
1001
0000
0100
0010
0001
1000
0000
0000
,  // measure 30
0010
0100
0001
1000
0000
1001
0000
0000
,  // measure 31
0110
0000
1000
0001
0100
0010
0000
0000
,  // measure 32
1000
0001
0010
0100
0000
0110
0000
0000
,  // measure 33
1001
0000
0100
0010
1000
0001
0000
0000
,  // measure 34
0010
0100
1001
0000
0000
0110
0000
0000
,  // measure 35
1001
0000
0100
0010
0001
1000
0000
0000
,  // measure 36
0010
0100
0001
1000
0000
0110
0000
0000
,  // measure 37
1001
1001
1001
0100
,  // measure 38
0010
0100
0000
1001
1001
0000
0000
0000
,  // measure 39
1001
1001
1001
0100
,  // measure 40
0010
0100
0000
1001
1001
0000
0000
0000
,  // measure 41
1001
0110
1001
0100
,  // measure 42
0010
0100
0000
1001
1001
0000
0000
0000
,  // measure 43
1001
0110
1001
0100
,  // measure 44
0010
0100
0010
0100
0000
1001
1001
0000
;

//---------------dance-single - ----------------
#NOTES:
     dance-single:
     :
     Hard:
     7:
     0.392,0.363,0.816,0.000,0.216,196.000,83.000,0.000,0.000,0.000:  // measure 1
0000
0000
0000
0000
,  // measure 2
0000
0000
0000
0000
,  // measure 3
0010
0100
0000
1001
0000
1001
0000
1001
,  // measure 4
0100
0010
0001
0101
0101
0000
0000
0000
,  // measure 5
1000
0100
0010
0001
0100
0010
1000
0000
,  // measure 6
0100
0010
0001
1000
0000
1001
1001
0000
,  // measure 7
0010
0000
1001
0000
0000
0000
1001
1001
,  // measure 8
0100
0000
1001
0000
0000
0000
1001
1001
,  // measure 9
0010
0000
1001
0000
0000
0000
1001
1001
,  // measure 10
0100
0000
1001
0000
0000
0000
1001
1001
,  // measure 11
0010
0000
0000
0100
0000
0010
0000
0100
0000
0010
0000
0000
0000
0000
0000
0000
,  // measure 12
0010
0000
0000
0001
0000
0100
0000
0000
0000
0000
0000
0000
0000
0000
0000
0000
,  // measure 13
0010
0000
0000
0100
0000
0010
0000
0100
0000
0010
0000
0000
0000
0000
0000
0000
,  // measure 14
0010
0000
0000
1000
0000
0100
0000
0000
0000
0000
0000
0000
0000
0000
0000
0000
,  // measure 15
0010
0100
0000
0010
0000
0001
0000
0010
0000
0001
0000
0000
0000
0000
0000
0000
,  // measure 16
0100
0010
0000
1000
0000
0010
0000
0000
0000
0000
0000
0000
0000
0000
0000
0000
,  // measure 17
0010
0100
0000
0010
0000
1000
0000
0010
0000
1000
0000
0000
0000
0000
0000
0000
,  // measure 18
0100
0010
0000
0001
0000
0010
0000
0000
0000
0000
0000
0000
0000
0000
0000
0000
,  // measure 19
0010
0100
0000
1000
0000
0001
0000
0110
0000
0110
0000
0000
0000
0000
0000
0000
,  // measure 20
0001
1000
0000
0001
0000
0100
0000
0000
0000
0000
0000
0000
0000
0000
0000
0000
,  // measure 21
0010
0100
0000
0001
0000
1000
0000
0110
0000
0110
0000
0000
0000
0000
0000
0000
,  // measure 22
0001
1000
0000
0100
0000
0010
0000
0000
0000
0000
0000
0000
0000
0000
0000
0000
,  // measure 23
0010
0001
0100
0010
1000
0100
0010
0000
,  // measure 24
0001
1000
0100
0010
0000
1001
1001
0000
,  // measure 25
0010
0000
1001
0000
0000
0000
0110
1001
,  // measure 26
0100
0000
1001
0000
0000
0000
0110
1001
,  // measure 27
0010
0000
1001
0000
0000
0000
0110
1001
,  // measure 28
0100
0000
1001
0000
0000
0000
1001
1001
,  // measure 29
0100
0000
0010
0000
1001
1001
0000
0110
,  // measure 30
1001
0110
0000
0000
0000
0000
0000
1000
,  // measure 31
0100
0010
0000
1001
0000
1001
0000
1001
,  // measure 32
0100
0010
1000
1100
1100
0000
0000
0000
,  // measure 33
0011
0000
0011
0000
0101
0101
0000
1001
,  // measure 34
1100
1001
0000
0000
0000
0000
0000
0100
,  // measure 35
0010
1000
0000
0101
0000
0101
0000
0101
,  // measure 36
0010
1000
0100
0110
0110
0000
0000
0000
,  // measure 37
1001
0000
0110
0000
1100
0101
0000
1001
,  // measure 38
0110
1001
0000
0000
0000
0000
0000
0100
,  // measure 39
0010
0001
0000
1100
0000
0101
0000
1100
,  // measure 40
0010
0001
0100
0110
1001
0000
0000
0000
,  // measure 41
0110
0000
1001
0000
0110
1001
0000
1100
,  // measure 42
0101
1100
0000
0000
0000
0000
0000
0010
,  // measure 43
0100
0001
0000
1010
0000
0101
0000
1010
,  // measure 44
0100
0010
0001
0101
1100
0000
0000
0000
;

//---------------dance-double - ----------------
#NOTES:
     dance-double:
     :
     Hard:
     7:
     0.428,0.387,0.934,0.000,0.000,210.000,95.000,0.000,0.000,0.000:  // measure 1
00100000
00001000
00010000
00000000
10010000
00000000
00000000
00000000
,  // measure 2
01000000
00100000
10000000
00010000
01010000
00000000
00000000
00000000
,  // measure 3
00001000
00010000
00000100
00000000
00001000
00000001
00000100
00000000
,  // measure 4
00000010
00001000
00000100
00000000
00010000
00001000
00100000
00000000
,  // measure 5
00010000
01000000
00001000
00000000
00011000
00000000
00000000
00000000
,  // measure 6
00000100
00000010
00000001
00001000
00001010
00000000
00000000
00000000
,  // measure 7
00010000
00001000
01000000
00000000
10010000
00000000
00000000
00000000
,  // measure 8
00001000
00010000
00000010
00001000
00001001
00000000
00000000
00000000
,  // measure 9
00011000
00000000
00101000
00101000
00010100
00010100
00000000
00000000
,  // measure 10
00101000
00000000
11000000
11000000
00000000
00000000
00000000
00000000
,  // measure 11
00011000
00000000
00010100
00010100
00101000
00101000
00000000
00000000
,  // measure 12
00010100
00000000
00000011
00000011
00000000
00000000
00000000
00000000
,  // measure 13
00001001
00000000
00001100
00000101
00001100
00000101
00000000
00000000
,  // measure 14
00011000
00000000
00110000
01010000
00000000
00000000
00000000
00000000
,  // measure 15
00011000
00000000
00001010
00000101
00000011
00001100
00000000
00000000
,  // measure 16
00011000
00000000
00110000
01010000
00000000
00000000
00000000
00000000
,  // measure 17
00011000
00000000
00001010
00000101
00000011
00001100
00000000
00000000
,  // measure 18
00011000
00000000
00110000
11000000
00000000
00000000
00000000
00000000
,  // measure 19
10010000
00000000
00110000
00101000
00011000
00010100
00000000
00000000
,  // measure 20
00001100
00000000
00010100
00101000
00000000
00000000
00000000
00000000
,  // measure 21
10010000
00000000
00110000
00101000
00011000
00010100
00000000
00000000
,  // measure 22
00001100
00000000
00000011
00010100
00000000
00000000
00000000
00000000
,  // measure 23
00000010
00000001
00001100
00000000
00010000
00001000
00110000
00000000
,  // measure 24
10000000
00100000
01010000
00000000
00001000
00100000
00010100
00000000
,  // measure 25
00001000
00000001
00000100
00000000
00001100
00000000
00000000
00000000
,  // measure 26
00000010
00010000
00001000
00100000
01010000
00000000
00000000
00000000
,  // measure 27
00100000
10000000
01000000
00000000
01010000
00000000
00000000
00000000
,  // measure 28
00001000
00010000
00000100
00000010
00001001
00000000
00000000
00000000
,  // measure 29
00010000
00000100
00000001
00000100
00001000
00000000
00010100
00000000
,  // measure 30
00001000
00100000
00010000
10000000
00000000
01100000
01100000
00000000
,  // measure 31
00001000
00010000
00000010
00001000
00000001
00000000
00000110
00000000
,  // measure 32
00010000
00001000
00100000
00010000
00000000
11000000
11000000
00000000
,  // measure 33
00010000
01000000
00001000
00100000
00010000
00000000
00011000
00000000
,  // measure 34
00000100
00001000
00000001
00000100
00000000
00001100
00010010
00000000
,  // measure 35
00001000
00100000
01000000
10000000
00010000
00000000
01100000
00000000
,  // measure 36
00010000
10000000
01000000
00100000
00000000
00011000
00001001
00000000
,  // measure 37
00000010
00000100
00001000
00000000
00010010
00000000
00000000
00000000
,  // measure 38
00001000
00100000
00010000
10000000
01100000
00000000
00000000
00000000
,  // measure 39
00010000
00100000
00001000
00000000
00010100
00000000
00000000
00000000
,  // measure 40
00010000
00000010
00000100
00000001
00001100
00000000
00000000
00000000
,  // measure 41
00010000
00001000
00110000
00000000
11000000
00000000
00000000
00000000
,  // measure 42
00100000
01000000
00001000
00010100
00001001
00000000
00000000
00000000
,  // measure 43
00000010
00000100
00001001
00000000
00011000
00000000
00000000
00000000
,  // measure 44
00100000
00010000
10000000
01100000
10010000
00000000
00011000
00000000
;
