#TITLE:STAR GUITAR;
#SUBTITLE:;
#ARTIST:the chemical brothers;
#TITLETRANSLIT:;
#SUBTITLETRANSLIT:;
#ARTISTTRANSLIT:;
#CREDIT:;
#BANNER:STAR GUITAR.png;
#BACKGROUND:STAR GUITAR-bg.png;
#LYRICSPATH:;
#CDTITLE:./CDTITLES/BANTU ORIGINAL.PNG;
#MUSIC:STAR GUITAR.mp3;
#OFFSET:-0.070;
#SAMPLESTART:52.960;
#SAMPLELENGTH:12.000;
#SELECTABLE:YES;
#BPMS:0.000=126.980;
#STOPS:;
#BGCHANGES:;
// cache tags:
#FIRSTBEAT:16.000;
#LASTBEAT:211.000;
#SONGFILENAME:Songs/DDI/STAR GUITAR/STAR GUITAR.sm;
#HASMUSIC:1;
#HASBANNER:1;
#MUSICLENGTH:101.877;
// end cache tags

//---------------dance-single - ----------------
#NOTES:
     dance-single:
     :
     Easy:
     4:
     0.328,0.440,0.324,0.334,0.000,167.000,33.000,34.000,0.000,0.000:  // measure 1
0000
0000
0000
0000
,  // measure 2
0000
0000
0000
0000
,  // measure 3
0000
0000
0000
0000
,  // measure 4
0000
0000
0000
0000
,  // measure 5
1000
0001
1001
0000
,  // measure 6
0010
0100
1001
0000
,  // measure 7
0001
1000
1001
0000
,  // measure 8
0100
0010
1001
0000
,  // measure 9
1000
0001
0110
0000
,  // measure 10
0010
0100
0110
0000
,  // measure 11
0001
1000
0110
0000
,  // measure 12
0100
0010
0110
0000
,  // measure 13
1000
2000
0000
3000
,  // measure 14
0001
0002
0000
0003
,  // measure 15
1000
2000
0000
3000
,  // measure 16
0001
0002
0000
0003
,  // measure 17
0010
0020
0000
0030
,  // measure 18
0100
0200
0000
0300
,  // measure 19
0010
0020
0000
0030
,  // measure 20
0100
0200
0000
0300
,  // measure 21
0100
2000
3100
0002
,  // measure 22
0103
2000
3100
0002
,  // measure 23
0103
2000
3100
0002
,  // measure 24
0103
2000
3100
0002
,  // measure 25
0103
1000
0010
0001
,  // measure 26
0100
1000
0010
0001
,  // measure 27
0100
0001
0010
1000
,  // measure 28
0100
0001
0010
1000
,  // measure 29
1001
1001
1001
1001
,  // measure 30
0010
0010
0010
0010
,  // measure 31
1001
1001
1001
1001
,  // measure 32
0100
0100
0100
0000
,  // measure 33
0110
0110
0110
0110
,  // measure 34
1000
1000
1000
1000
,  // measure 35
0110
0110
0110
0110
,  // measure 36
0001
0001
0001
0000
,  // measure 37
1000
1000
2000
0000
0001
0000
3001
0000
,  // measure 38
0001
0001
0002
0000
1000
0000
1003
0000
,  // measure 39
1000
0010
1000
0010
,  // measure 40
0100
0001
0100
0001
,  // measure 41
0001
0001
0002
0000
1000
0000
1003
0000
,  // measure 42
1000
1000
2000
0000
0001
0000
3001
0000
,  // measure 43
0001
0010
0001
0010
,  // measure 44
0100
1000
0100
1000
,  // measure 45
0010
0100
2002
3003
,  // measure 46
1000
0001
0220
0330
,  // measure 47
1001
0110
2002
3003
,  // measure 48
0110
1001
0220
0330
,  // measure 49
1000
1000
2000
0000
0002
0000
3003
0000
,  // measure 50
0001
0001
0002
0000
2000
0000
3003
0000
,  // measure 51
0010
0010
0100
0100
,  // measure 52
0001
0001
1000
1000
,  // measure 53
2002
0000
0000
3003
;

//---------------dance-single - ----------------
#NOTES:
     dance-single:
     :
     Medium:
     6:
     0.398,0.466,0.245,0.294,0.059,229.000,25.000,30.000,0.000,0.000:  // measure 1
0000
0000
0000
0000
,  // measure 2
0000
0000
0000
0000
,  // measure 3
0000
0000
0000
0000
,  // measure 4
0000
0000
0000
0000
,  // measure 5
1000
0000
0000
0000
0010
0000
0000
0000
0000
0000
0000
1000
0000
0000
0010
0000
,  // measure 6
0100
0000
0000
0000
0001
0000
0000
0000
0000
0000
0000
0100
0000
0000
0001
0000
,  // measure 7
0001
0000
0000
0000
0010
0000
0000
0000
0000
0000
0000
0001
0000
0000
0010
0000
,  // measure 8
0100
0000
0000
0000
1000
0000
0000
0000
0000
0000
0000
0100
0000
0000
1000
0000
,  // measure 9
1000
0000
0000
0000
0010
0000
0000
0000
0000
0000
0000
1000
0000
0000
0010
0000
,  // measure 10
0100
0000
0000
0000
0001
0000
0000
0000
0000
0000
0000
0100
0000
0000
0001
0000
,  // measure 11
0001
0000
0000
0000
0010
0000
0000
0000
0000
0000
0000
0001
0000
0000
0010
0000
,  // measure 12
0100
0000
0000
0000
1000
0000
0000
0000
0000
0000
0000
0100
0000
0000
1000
0000
,  // measure 13
0010
0000
0010
0000
0010
0000
1000
0100
,  // measure 14
1000
0000
1000
0000
1000
0000
0100
0010
,  // measure 15
0001
0000
0001
0000
0001
0000
0100
0001
,  // measure 16
0010
0000
1001
0000
0010
0000
0001
1000
,  // measure 17
0100
0000
1001
0000
0100
0000
1000
0001
,  // measure 18
0010
0000
0001
0000
1000
0000
0100
1000
,  // measure 19
0010
0000
1000
0000
0001
0000
0100
0001
,  // measure 20
2000
0001
3001
0110
,  // measure 21
0002
1000
1003
0110
,  // measure 22
0020
0100
0130
1001
,  // measure 23
0200
0010
0310
1001
,  // measure 24
0100
0000
0001
0000
0010
0001
0010
0000
,  // measure 25
0100
0000
1000
0000
0010
1000
0010
0000
,  // measure 26
1001
1001
0110
1001
,  // measure 27
0010
0010
0010
0010
,  // measure 28
0010
0000
0010
0000
0010
0010
0010
0000
,  // measure 29
1010
0000
0101
0000
0100
0001
0100
0000
,  // measure 30
0011
0000
1100
0000
0100
1000
0100
0000
,  // measure 31
2000
3010
0002
0013
,  // measure 32
2000
3010
0002
0013
,  // measure 33
0101
0000
1010
0000
0010
1000
0010
0000
,  // measure 34
1100
0000
0011
0000
0010
0001
0010
0000
,  // measure 35
0002
0103
2000
3100
,  // measure 36
0002
0103
2000
3100
,  // measure 37
0001
1000
0001
0000
0010
0010
0010
0000
,  // measure 38
1000
0001
1000
0000
0100
0100
0100
0000
,  // measure 39
2000
3020
0230
0302
,  // measure 40
2003
3020
0230
0301
,  // measure 41
0100
0010
0100
0000
0001
0001
0001
0000
,  // measure 42
0010
0100
0010
0000
0001
0001
0001
0000
,  // measure 43
0002
0203
0320
2030
,  // measure 44
3002
0203
0320
1030
,  // measure 45
0100
0000
0000
0000
1001
0000
0000
0000
0100
0000
0000
1000
0000
0000
0001
0000
,  // measure 46
0010
0000
0000
0000
1001
0000
0000
0000
0010
0000
0000
0001
0000
0000
1000
0000
,  // measure 47
0100
0000
0000
0000
1001
0000
0000
0000
0100
0000
0000
1000
0000
0000
0001
0000
,  // measure 48
0010
0000
0000
0000
1001
0000
0000
0000
0010
0000
0000
0001
0000
0000
1000
0000
,  // measure 49
0001
0001
0002
0000
1003
0000
1001
0000
,  // measure 50
0010
0010
0020
0000
0130
0000
0110
0000
,  // measure 51
1000
0010
1000
0010
1000
0010
1000
0010
,  // measure 52
0100
0001
0100
0001
0100
0001
0100
0001
,  // measure 53
2002
0000
0000
3003
;

//---------------dance-single - ----------------
#NOTES:
     dance-single:
     :
     Hard:
     8:
     0.508,0.816,0.157,0.049,0.231,341.000,16.000,5.000,0.000,0.000:  // measure 1
0000
0000
0000
0000
,  // measure 2
0000
0000
0000
0000
,  // measure 3
0000
0000
0000
0000
,  // measure 4
0000
0000
0000
0000
,  // measure 5
1000
0000
0001
0000
0100
0000
0000
0000
0001
0000
0000
0010
0000
0000
0001
0000
,  // measure 6
1000
0000
0001
0000
0010
0000
0000
0000
0001
0000
0000
0100
0000
0000
0001
0000
,  // measure 7
0001
0000
1000
0000
0100
0000
0000
0000
1000
0000
0000
0010
0000
0000
1000
0000
,  // measure 8
0001
0000
1000
0000
0010
0000
0000
0000
1000
0000
0000
0100
0000
0000
1000
0000
,  // measure 9
1000
0000
0010
0000
1000
0000
0000
0000
0001
0000
0000
1000
0000
0000
0100
0000
,  // measure 10
1000
0000
0100
0000
1000
0000
0000
0000
0001
0000
0000
1000
0000
0000
1000
0000
,  // measure 11
0001
0000
0010
0000
0001
0000
0000
0000
1000
0000
0000
0001
0000
0000
0100
0000
,  // measure 12
0001
0000
0100
0000
0001
0000
0000
0000
1000
0000
0000
0001
0000
0000
0001
0000
,  // measure 13
0100
0000
0001
0000
0010
0000
0000
0000
1001
0000
0000
0010
1000
0000
0100
0000
,  // measure 14
0100
0000
1000
0000
0010
0000
0000
0000
1001
0000
0000
0010
0001
0000
0100
0000
,  // measure 15
0001
0000
1000
0000
0100
0000
0000
0000
0110
0000
0000
0010
0001
0000
0001
0000
,  // measure 16
1000
0000
0001
0000
0100
0000
0000
0000
0110
0000
0000
0010
1000
0000
1000
0000
,  // measure 17
0001
0000
0010
0000
0001
0000
0010
0000
0001
0000
0100
0001
0100
0000
0001
0000
,  // measure 18
1000
0000
0010
0000
1000
0000
0010
0000
1000
0000
0100
1000
0100
0000
1000
0000
,  // measure 19
0001
0000
0100
0000
0001
0000
0100
0000
0001
0000
0010
0001
0010
0000
0001
0000
,  // measure 20
1000
0000
0100
0000
1000
0000
0100
0000
1000
0000
0010
1000
0010
0000
1000
0000
,  // measure 21
0001
0010
0100
1000
0010
1000
0100
0010
,  // measure 22
0001
0010
1000
0010
0001
0100
0001
0100
,  // measure 23
0001
1000
0010
0100
0001
1000
0010
0100
,  // measure 24
0001
1000
0100
1000
0010
1000
0100
1000
,  // measure 25
0100
0001
0100
1000
0100
0001
0100
1000
,  // measure 26
0010
0001
0010
1000
0010
0001
0010
1000
,  // measure 27
0200
1000
0010
0010
,  // measure 28
0001
0001
0010
0310
,  // measure 29
1001
1001
1100
0101
,  // measure 30
1000
0010
1000
0000
0101
0000
1001
0000
,  // measure 31
0001
0010
0100
1000
0001
0010
0100
1000
,  // measure 32
0001
0010
0100
1000
0001
0010
0100
1000
,  // measure 33
1001
1001
0101
1100
,  // measure 34
0001
0010
0001
0000
1100
0000
1001
0000
,  // measure 35
1000
0010
0100
0001
1000
0010
0100
0001
,  // measure 36
1000
0010
0100
0001
1000
0010
0100
0001
,  // measure 37
1000
0000
0000
0000
1000
0000
0000
0000
0010
1000
0010
1000
0010
0000
0000
0000
,  // measure 38
0100
0000
0000
0000
0100
0000
0000
0000
0001
1000
0001
1000
0001
0000
0000
0000
,  // measure 39
0010
0000
0000
0000
0010
0000
0000
0000
0001
0010
0001
0010
0001
0000
0000
0000
,  // measure 40
0100
0000
0000
0000
0100
0000
0000
0000
0010
0100
0010
0100
0010
0000
0000
0000
,  // measure 41
1000
1000
0001
0001
,  // measure 42
0100
0001
0100
0000
0010
1000
0010
0000
,  // measure 43
1000
0100
0010
0001
0100
0010
1000
0100
,  // measure 44
0010
0001
0100
0010
1000
0100
0010
0001
,  // measure 45
0200
0000
0000
0000
0001
0000
0000
0000
0301
0000
0000
1000
0001
0000
1000
0000
,  // measure 46
0200
0000
0000
0000
1000
0000
0000
0000
1300
0000
0000
0001
1000
0000
0001
0000
,  // measure 47
0200
0000
0000
0000
0001
0000
0000
0000
0301
0000
0000
1000
0001
0000
1000
0000
,  // measure 48
0200
0000
0000
0000
1000
0000
0000
0000
1300
0000
0000
0001
1000
0000
0001
0000
,  // measure 49
0010
0000
0001
0000
1000
0000
0000
0000
0010
0000
0000
1000
0000
0000
0100
0000
,  // measure 50
1000
0100
1000
0000
0100
0000
0000
0000
0010
0000
0000
0001
0000
0000
0001
0000
,  // measure 51
0100
0001
0100
0001
0100
0001
0100
0001
0100
0001
0100
0001
0100
0001
0100
0001
,  // measure 52
1000
0001
1000
0001
1000
0001
1000
0001
1000
0001
1000
0001
1000
0001
1000
0001
;
