#TITLE:S.O.S.;
#SUBTITLE:;
#ARTIST:Toy Box;
#TITLETRANSLIT:;
#SUBTITLETRANSLIT:;
#ARTISTTRANSLIT:;
#CREDIT:;
#BANNER:sosbn.png;
#BACKGROUND:sosbg.png;
#LYRICSPATH:;
#CDTITLE:sporktitle.png;
#MUSIC:S.O.S..mp3;
#OFFSET:-1.083;
#SAMPLESTART:43.858;
#SAMPLELENGTH:12.980;
#SELECTABLE:YES;
#BPMS:0.000=112.016,98.000=55.996,114.000=112.016;
#STOPS:130.000=0.540
;
#BGCHANGES:;
// cache tags:
#FIRSTBEAT:12.000;
#LASTBEAT:185.000;
#SONGFILENAME:Songs/DDI/S.O.S/S.O.S..sm;
#HASMUSIC:1;
#HASBANNER:1;
#MUSICLENGTH:111.986;
// end cache tags

//---------------dance-single - ----------------
#NOTES:
     dance-single:
     :
     Hard:
     7:
     0.416,0.413,0.420,0.071,0.196,271.000,47.000,8.000,0.000,0.000:
0000
0000
0000
0000
,
0000
0000
0000
0000
,
0000
0000
0000
0000
,
1100
0000
1001
0000
0101
0000
0000
0010
,
0100
0000
0001
0000
1000
0000
0100
0000
0010
0000
0000
0100
0000
0000
1000
0000
,
0001
0000
0100
0000
0010
0000
1000
0000
0100
0000
0000
1000
0000
0000
0010
0000
,
1010
0000
0000
0000
0101
0000
0000
0000
0011
0000
0000
0100
0000
0000
0010
0000
,
0000
0000
0001
0000
1000
0000
0010
0000
0100
0000
0000
0001
0000
0000
1000
0000
,
0000
0000
0010
0000
0100
0000
0000
0000
1010
0000
0000
0100
0000
0000
0001
0000
,
0000
0000
0010
0000
0100
0000
1000
0000
0010
0000
0000
0100
0001
0000
1000
0010
,
1000
0000
0001
0000
0001
0000
0100
0010
0100
0000
0000
0001
0000
0000
1000
0000
,
0000
0000
0100
0000
0010
0000
0001
0000
1000
0000
0000
0010
0000
0000
0100
0000
,
0000
0000
0010
0000
1000
0000
0000
0000
0101
0000
0000
1001
0000
0000
1100
0000
,
0000
0000
0010
0000
0001
0000
1000
0000
0101
0000
0000
0110
0000
0000
1001
0000
,
0000
0010
1000
0000
0001
0000
0010
0001
0010
0000
0100
1000
0000
0000
0010
0000
,
0100
0000
0000
0000
1001
0000
0000
0000
0010
0000
1000
0001
0000
0000
0010
0000
,
0001
0000
1000
0000
0100
0000
0010
0000
1001
0000
0000
0010
0000
0000
0101
0000
,
1001
0000
0000
0000
0110
0000
0010
0000
1000
0000
0000
0001
0000
0000
0010
0000
,
0011
0000
1001
0000
1100
0000
0010
0001
,
1000
0000
0010
0000
0100
0000
0010
0000
1000
0000
0000
0001
0000
0000
1000
0000
,
0010
0000
0100
0000
0001
0000
0010
0000
0100
0000
0000
0010
0000
0000
0001
0000
,
1001
0000
1010
0000
0101
0000
0010
1000
,
0001
0000
0010
0000
0100
0000
1000
0000
0001
0000
0000
1000
0000
0000
0010
0000
,
0100
0000
0001
0000
1000
0000
0001
0000
0100
0000
0000
0010
0000
0000
1000
0000
,
1100
0000
1001
0000
0101
0000
0010
1000
,
0001
0010
2001
0010
,
0100
0000
3010
1000
0001
0000
0010
0100
,
1000
0000
0102
0000
2000
0003
0010
0000
,
0200
0000
0000
0000
0000
0000
3000
0000
1300
0000
0001
0000
0100
0010
0000
0100
,
0010
0000
1000
0001
0000
1000
0001
0000
1000
0010
0000
0100
0000
0010
1000
0000
,
1001
0000
0000
0000
0010
0000
0000
0000
1000
0000
0001
0000
0010
0001
0000
0010
,
0001
0000
1000
0100
0000
1000
0100
0000
0010
0001
0000
1000
0000
0100
0010
0000
,
1001
0000
0000
0000
0010
0000
0000
0000
0220
0330
0000
0000
1001
0000
0000
0000
,
0101
0000
1001
0000
0010
1000
0001
0100
,
0001
0000
1000
0000
0100
0000
0000
0010
0000
0000
0100
0000
1000
0000
0010
0000
,
0100
0000
0001
0000
1000
0000
0000
0001
0000
0000
0010
0000
0011
0000
0000
0000
,
1100
0000
1001
0000
0010
0001
0100
0010
,
1000
0000
0100
0000
0010
0000
0000
0100
0000
0000
1000
0000
0001
0000
0100
0000
,
0010
0000
1000
0000
0001
0000
0000
0100
0000
0000
0010
0000
0110
0000
0000
0000
,
1001
0000
0101
0000
0001
0100
1000
0100
,
0001
0000
0010
0000
1000
0000
1000
0010
0000
0000
0001
0000
1000
0000
0010
0000
,
0001
0000
0010
0000
1000
0000
1000
0001
0000
0000
0010
0000
0011
0000
0000
0000
,
1001
0000
1100
0000
1000
0100
0001
0100
,
1000
0000
0010
0000
0001
0000
0001
0010
0000
0000
1000
0000
0001
0000
0100
0000
,
1000
0000
0100
0000
0001
0000
0001
1000
0000
0000
0100
0000
1100
0000
0000
0000
,
0110
0022
0000
0000
,
0000
0033
0000
0000
;

//---------------dance-single - ----------------
#NOTES:
     dance-single:
     :
     Beginner:
     1:
     0.106,0.121,0.000,0.000,0.000,83.000,0.000,0.000,0.000,0.000:
0000
0000
0000
0000
,
0000
0000
0000
0000
,
0000
0000
0000
0000
,
1000
1000
1000
0000
,
0001
0000
0100
0000
,
0001
0000
1000
0000
,
0010
0010
0010
0000
,
0000
0000
0100
0000
,
0000
0000
0001
0000
,
0000
0000
1000
0000
,
0010
0000
1000
0000
,
0000
0000
0001
0000
,
0000
0000
0010
0000
,
0000
0000
0001
0000
,
0000
0000
1000
0000
,
0010
0000
1000
0000
,
0001
0000
0010
0000
,
0001
0000
1000
0000
,
0010
0010
0010
0000
,
0100
0000
0001
0000
,
0010
0000
0100
0000
,
1000
1000
1000
0000
,
0010
0000
0100
0000
,
0001
0000
1000
0000
,
0001
0001
0001
0000
,
0000
0000
1000
0000
,
0000
0000
0010
0000
,
0000
0000
0100
0000
,
0000
0000
0001
0000
,
1000
0000
0001
0000
,
0000
0000
1000
0000
,
0001
0000
1000
0000
,
0000
0000
0010
0010
,
0010
0010
0000
1000
,
0000
0001
0000
1000
,
0000
0010
0000
1000
,
1000
1000
0000
0010
,
0000
1000
0000
0001
,
0000
0010
0000
0001
,
0001
0001
0000
0100
,
0000
0010
0000
1000
,
0000
0001
0000
1000
,
1000
1000
0000
0010
,
0000
1000
0000
0001
,
0000
0010
0000
0001
,
0001
0001
0000
0000
;

//---------------dance-single - ----------------
#NOTES:
     dance-single:
     :
     Medium:
     5:
     0.292,0.268,0.179,0.063,0.000,202.000,20.000,7.000,0.000,0.000:
0000
0000
0000
0000
,
0000
0000
0000
0000
,
0000
0000
0000
0000
,
0001
0100
1001
0000
,
0001
1000
0001
1000
0001
0000
0100
0000
,
0010
0100
0010
0100
0010
0000
1000
0000
,
0001
0000
0010
0000
1001
0000
0000
0010
,
0100
0000
0010
1000
0001
0000
0000
0010
,
0100
0000
0010
0000
1001
0000
0000
0010
,
0001
0000
0100
0010
1000
0000
0000
0000
,
0001
1000
0001
0100
0010
0000
0000
1000
,
0100
0000
0010
0100
1000
0000
0000
0001
,
0100
0000
0010
0000
0101
0000
0000
0110
,
0000
0000
1000
0001
0010
0000
0000
0011
,
0000
0000
0010
0000
0001
1000
0001
0010
,
0001
0000
0100
0000
0010
1000
0010
0100
,
0010
0000
1000
0000
0001
0000
0000
0100
,
0010
0000
0010
1000
0001
0000
0010
0001
,
0100
0001
1001
0000
,
0100
0010
0100
0010
0100
0000
0001
0000
,
1000
0100
1000
0100
1000
0000
0010
0000
,
0100
0001
1001
0000
,
0010
0001
0010
0001
0010
0000
0100
0000
,
1000
0001
1000
0001
1000
0000
0010
0000
,
0100
0001
1001
0010
,
1000
0001
0010
0001
,
0100
0000
0010
1000
0001
0000
0010
0000
,
0001
0102
2003
0100
,
0020
0000
0000
3030
0101
0000
0000
0000
,
1010
0000
0000
0000
0010
1000
0010
0100
,
0001
0010
0011
0000
,
1100
0000
0000
0000
0010
0001
0010
0100
,
1000
0000
0000
0000
0010
0000
0000
0000
2002
3003
0000
0000
0001
0000
0000
0000
,
0100
0000
1001
0000
0000
0000
0010
0001
,
0010
0001
0010
0000
0001
0000
1000
0010
,
1000
0010
1000
0000
0001
0000
0010
0000
,
0001
0000
1001
0000
0000
0000
0100
0010
,
0100
0010
0100
0000
0001
0000
0010
0100
,
0010
0100
0010
0000
0001
0000
1000
0000
,
0010
0000
1001
0000
0010
0000
0100
0001
,
0100
0010
0100
0000
0001
0000
1000
0100
,
1000
0010
1000
0000
0001
0000
0010
0000
,
0001
0000
1001
0000
0010
0000
0100
1000
,
0100
0010
0001
0000
0100
0000
0010
1000
,
0010
0100
0001
0000
1000
0000
0100
0000
,
0010
2002
0000
0000
,
0000
3003
0000
0000
;

//---------------dance-single - ----------------
#NOTES:
     dance-single:
     :
     Easy:
     2:
     0.149,0.186,0.027,0.045,0.000,109.000,3.000,5.000,0.000,0.000:
0000
0000
0000
0000
,
0000
0000
0000
0000
,
0000
0000
0000
0000
,
1000
0001
1000
0000
,
0010
0000
0100
0000
,
0001
0000
1000
0000
,
0100
0010
0100
0000
,
0100
0000
1000
0001
,
0100
0000
0010
0000
,
0100
0000
0001
1000
,
0100
0100
0100
0000
,
1000
0001
0100
0000
,
0010
0000
1000
0000
,
0001
0010
0001
0000
,
0100
0000
0010
0000
,
1001
0000
0010
0000
,
1001
0001
0100
0000
,
0010
0000
1000
0000
,
0001
0010
0001
0000
,
0100
0000
0010
0000
,
1000
0000
0001
0000
,
0010
0100
0010
0000
,
0001
0000
0100
0000
,
0010
0000
1000
0000
,
0001
1000
0001
0100
,
0001
0001
1000
0000
,
0010
0000
0001
0010
,
0100
0100
2000
0001
,
0002
3003
1000
0000
,
0001
0000
1000
0010
,
0100
0000
0010
0000
,
1000
0000
0001
0010
,
0100
0000
0000
0000
0000
0000
0000
0000
2002
3003
0000
0000
0001
0000
0000
0000
,
0100
0001
0000
1000
,
0000
0010
0000
0100
,
0000
0001
0000
0010
,
0100
0010
0000
0001
,
0000
1000
0000
0010
,
0000
0100
0000
0001
,
1000
0001
0000
0010
,
0000
0001
0000
0100
,
0000
0010
0000
0010
,
1000
0100
0000
0010
,
0000
0001
0000
0100
,
0000
0010
0000
1000
,
0100
0020
0000
0000
,
0000
0030
0000
0000
;

//---------------dance-double - ----------------
#NOTES:
     dance-double:
     :
     Easy:
     3:
     0.162,0.186,0.045,0.045,0.000,117.000,5.000,5.000,0.000,0.000:
00000000
00000000
00000000
00000000
,
00000000
00000000
00000000
00000000
,
00000000
00000000
00000000
00000000
,
00000100
00000010
00000001
00000000
,
00000100
00000000
00000010
00000000
,
00001000
00000000
00000100
00000000
,
00010000
00001000
00100000
00000000
,
00010000
01000000
00010000
10000000
,
01000000
00000000
00100000
00000000
,
01000000
10000000
00010000
01000000
,
00010000
00100000
00011000
00000000
,
00010000
00000100
00001000
00000010
,
00000100
00000000
00000010
00000000
,
00001000
00000100
00000010
00000001
,
00000100
00000000
00001001
00000000
,
00000010
00001000
00001100
00000000
,
00001000
00000100
00010000
00000000
,
00011000
00000000
00100000
00010000
,
01000000
00100000
10000000
00000000
,
00010000
00000000
01000000
00000000
,
00001000
00000000
00010000
00000000
,
00001000
00100000
00010000
00000000
,
01000000
00000000
00001000
00000000
,
00100000
00000000
00010000
00000000
,
01000000
00100000
10000000
00010000
,
00100000
00100000
00010000
00000000
,
01000000
00000000
00100000
10000000
,
00010000
00010000
02000000
00001000
,
03002000
00000000
00013000
00000000
,
00000100
00000000
00010000
00001000
,
00100000
00010000
01000000
00000000
,
00100000
00000000
10000000
00010000
,
00100000
00000000
00000000
00000000
01000000
00000000
00000000
00000000
00200000
00300000
00000000
00000000
00010000
00000000
00000000
00000000
,
01000000
00001000
00000000
00010000
,
00000000
00000100
00000000
00001000
,
00000000
00000010
00000000
00000100
,
00000010
00001000
00000000
00000100
,
00000000
00010000
00000000
00000100
,
00000000
00000010
00000000
00000001
,
00000100
00000010
00000000
00001000
,
00000000
00000100
00000000
00010000
,
00000000
00001000
00000000
00100000
,
00010000
01000000
00000000
00100000
,
00000000
10000000
00000000
00010000
,
00000000
00100000
00000000
00001000
,
00010000
00022000
00000000
00000000
,
00000000
00033000
00000000
00000000
;

//---------------dance-double - ----------------
#NOTES:
     dance-double:
     :
     Medium:
     5:
     0.272,0.248,0.143,0.071,0.000,189.000,16.000,8.000,0.000,0.000:
00000000
00000000
00000000
00000000
,
00000000
00000000
00000000
00000000
,
00000000
00000000
00000000
00000000
,
00001000
00100000
00011000
00000000
,
00001000
00000000
00100000
00010000
00100000
00000000
01000000
00000000
,
00100000
00000000
00001000
00010000
00001000
00000000
00010000
00000000
,
00000100
00000000
00001000
00000000
00000110
00000000
00000000
00000010
,
00001000
00000000
00000100
00000010
00000001
00000000
00000000
00000100
,
00000010
00000000
00001000
00000000
00010100
00000000
00000000
00010000
,
00001000
00100000
00010000
01000000
,
00100000
10000000
00010000
00100000
01000000
00000000
00000000
00100000
,
00010000
00000000
01000000
00001000
01000000
00000000
00000000
00010000
,
00100000
00000000
01000000
00000000
10010000
00000000
00000000
01001000
,
00000000
00000000
00010000
00000000
00101000
00000000
00000000
00011000
,
00000000
00010000
00000100
00001000
,
00000010
00000100
00000010
00001000
,
00000100
00010000
00001000
00010000
00000100
00000000
00000000
00001000
,
00000100
00000000
00000000
00000010
00000100
00000000
00001000
00000010
,
00000100
00000001
00001100
00000000
,
00000010
00000000
00000001
00001000
00000001
00000000
00000100
00000000
,
00000010
00000000
00001000
00000100
00001000
00000000
00000010
00000000
,
00000100
00000010
00001001
00000000
,
00000010
00000000
00001000
00000100
00001000
00000000
00000010
00000000
,
00010000
00000000
00001000
00100000
00001000
00000000
00010000
00000000
,
00000100
00000000
00001000
00000000
00000101
00000000
00000010
00000010
,
00000010
00000100
00000020
00000000
,
00001000
00000000
00000000
00000000
00010030
00000000
00001000
00001000
,
00001000
00200000
00320000
01000000
,
00200000
00000000
00000000
00330000
00010000
00000000
10000000
00000000
,
00100000
00000000
01000000
00000000
00010000
00100000
00010000
00100000
,
00010000
01000000
00001000
00010000
,
00000100
00000000
00001000
00000000
00000010
00000100
00000010
00000100
,
00000010
00000000
00000000
00000000
00001000
00000000
00000000
00000000
00002002
00003003
00000000
00000000
00000010
00000000
00000000
00000000
,
00001000
00000101
00000000
00000010
,
00001000
00000100
00001000
00000000
00000010
00000000
00000100
00000000
,
00000001
00001000
00000001
00000000
00001000
00000000
00000100
00000000
,
00010000
00011000
00000000
00001000
,
00100000
00010000
00100000
00000000
01000000
00000000
10000000
00000000
,
00100000
01000000
00100000
00000000
10000000
00000000
00010000
00000000
,
00100000
00000000
00011000
00000000
00000000
00000000
00001000
00010000
,
00000100
00010000
00001000
00000000
00010000
00000000
00000010
00001000
,
00000010
00000100
00000010
00000000
00001000
00000000
00000100
00000000
,
00010000
00000000
00001100
00000000
00000000
00000000
00000010
00000001
,
00000010
00000100
00001000
00000000
00000010
00000000
00000100
00000010
,
00001000
00000010
00000100
00000000
00000010
00000000
00001000
00000000
,
00000100
00022000
00000000
00000000
,
00000000
00033000
00000000
00000000
;

//---------------dance-double - ----------------
#NOTES:
     dance-double:
     :
     Hard:
     8:
     0.418,0.392,0.393,0.071,0.179,276.000,44.000,8.000,0.000,0.000:
00000000
00000000
00000000
00000000
,
00000000
00000000
00000000
00000000
,
00000000
00000000
00000000
00000000
,
10010000
00000000
01100000
00000000
10010000
00000000
00000000
00100000
,
01000000
00000000
00010000
00000000
00100000
00000000
01000000
00000000
10000000
00000000
00000000
00010000
00000000
00000000
10000000
00000000
,
00010000
00000000
01000000
00000000
00100000
00000000
10000000
00000000
00010000
00000000
00000000
00100000
00000000
00000000
00001000
00000000
,
00011000
00000000
00000000
00000000
00101000
00000000
00000000
00000000
00010100
00000000
00000000
00000100
00000000
00000000
00001000
00000000
,
00000010
00000000
00000100
00000000
00000001
00000000
00001000
00000000
00000100
00000000
00000000
00010000
00000000
00000000
00000100
00000000
,
00001000
00000000
00000000
00000000
00000100
00000000
00000010
00000000
00000001
00000000
00000000
00000100
00000000
00000000
00000010
00000000
,
00000000
00000000
00001000
00000000
00000100
00000000
00000010
00000000
00000100
00000000
00000000
00000000
00001001
00000000
00001000
00000100
,
00010000
00000000
00001000
00000000
00001000
00000000
00010000
00001000
01000000
00000000
00000000
00100000
00000000
00000000
10000000
00000000
,
00010000
00000000
00100000
00000000
01000000
00000000
10000000
00000000
00100000
00000000
00000000
01000000
00000000
00000000
00010000
00000000
,
00100000
00000000
00001000
00000000
00010000
00000000
00000100
00000000
00010000
00000000
00000000
00000100
00000000
00000000
00010100
00000000
,
00000000
00000000
00001000
00000000
00100000
00000000
00010000
00000000
01010000
00000000
00000000
01001000
00000000
00000000
00011000
00000000
,
00000000
00000000
00001000
00010000
00001000
00000000
00100000
00000000
00010000
00000000
01000000
00010000
00000000
01000000
00010000
00000000
,
00100000
00000000
01000000
00000000
10000000
00000000
00010000
00000000
01000000
00000000
00100000
01000000
00000000
00100000
01000000
00000000
,
00010000
00000000
00100000
00000000
01000000
00000000
10000000
00000000
00010000
00000000
00000000
01000000
00000000
00000000
00001000
00000000
,
00011000
00000000
00000000
00000000
00010000
00000000
00000010
00000000
00010010
00000000
00000000
00001010
00000000
00000000
00000110
00000000
,
00000101
00000000
00001001
00000000
00001010
00000000
00000010
00010000
,
00000100
00000000
00001000
00000000
00000010
00000000
00000100
00000000
00000001
00000000
00000000
00000010
00000000
00000000
00000001
00000000
,
00000100
00000000
00000010
00000000
00001000
00000000
00000100
00000000
00000010
00000000
00000000
00000001
00000000
00000000
00000100
00000000
,
00010100
00000000
00001100
00000000
00001010
00000000
00000010
00000100
,
00000010
00000000
00001000
00000000
00000100
00000000
00010000
00000000
00001000
00000000
00000000
00100000
00000000
00000000
00001000
00000000
,
01000000
00000000
00010000
00000000
00100000
00000000
01000000
00000000
10000000
00000000
00000000
00010000
00000000
00000000
01000000
00000000
,
01100000
00000000
10010000
00000000
01010000
00000000
00100000
10000000
,
00010000
00100000
00002000
00010000
,
01000000
00000000
00103000
00000000
00001000
00000000
00010000
00000010
,
00000100
00001002
00000023
00001000
,
00000200
00000000
00000000
00000000
00000000
00000000
00000330
00000000
00000010
00000000
00000001
00000000
00001000
00000100
00000000
00010000
,
00001000
00000000
00100000
00010000
00000000
10000000
01000000
00000000
00100000
00000000
00010000
00000000
01000000
00000000
00001000
00000000
,
00010000
00000000
00000000
00000000
00011000
00000000
00000000
00000000
00010000
00000000
00000100
00000000
00010000
00001000
00000000
00100000
,
00010000
00000000
01000000
00001000
00000000
00010000
00001000
00000000
00010000
00000000
00000010
00000000
00000100
00000000
00000001
00000000
,
00001001
00000000
00000000
00000000
00000110
00000000
00000000
00000000
00000202
00000303
00000000
00000000
00001001
00000000
00000000
00000000
,
00001100
00000000
00010100
00000000
00010000
00000100
00000010
00000001
,
00000100
00000000
00000010
00000000
00001000
00000000
00000000
00000100
00000000
00000000
00001000
00000000
00000100
00000000
00010000
00000000
,
00001000
00000000
00100000
00000000
00010000
00000000
00000000
01000000
00000000
00000000
00001000
00000000
00011000
00000000
00000000
00000000
,
00010100
00000000
00101000
00000000
00010000
00100000
01000000
10000000
,
00100000
00000000
01000000
00000000
00010000
00000000
00000000
00100000
00000000
00000000
00001000
00000000
00010000
00000000
00000100
00000000
,
00000010
00000000
00000001
00000000
00000100
00000000
00000000
00000010
00000000
00000000
00001000
00000000
00001100
00000000
00000000
00000000
,
00010100
00000000
00011000
00000000
00010000
00000010
00000100
00000001
,
00001000
00000000
00000001
00000000
00000100
00000000
00000010
00001000
00000000
00000000
00000100
00010000
00000100
00000000
00010000
00000000
,
00001000
00000000
00100000
00000000
00010000
00000000
01000000
00001000
00000000
00000000
00010000
00000000
00011000
00000000
00000000
00000000
,
00010100
00000000
00000110
00000000
00000010
00000100
00001000
00000010
,
00000100
00000000
00000010
00000000
00001000
00000000
00000100
00010000
00000000
00000000
00001000
00010000
00001000
00000000
00100000
00000000
,
00001000
00000000
00010000
00000000
00000010
00000000
00000000
00001000
00000000
00000000
00000010
00000000
00001010
00000000
00000000
00000000
,
00000110
00000202
00000000
00000000
,
00000000
00000303
00000000
00000000
;
