#TITLE:4 Minutes;
#SUBTITLE:;
#ARTIST:Madonna Feat. Justin Timberlake;
#TITLETRANSLIT:;
#SUBTITLETRANSLIT:;
#ARTISTTRANSLIT:;
#CREDIT:;
#BANNER:4 Minutes-bn.png;
#BACKGROUND:black-bg.png;
#LYRICSPATH:;
#CDTITLE:razmas2.png;
#MUSIC:4 Minutes.mp3;
#OFFSET:0.035;
#SAMPLESTART:50.445;
#SAMPLELENGTH:11.800;
#SELECTABLE:YES;
#BPMS:0.000=113.020;
#STOPS:;
#BGCHANGES:-1.000=4 Minutes.AVI=1.000=1=1=0,
189.000=black-bg.png=1.000=0=0=1,
99999=-nosongbg-=1.000=0=0=0 // don't automatically add -songbackground-
;
// cache tags:
#FIRSTBEAT:15.000;
#LASTBEAT:189.000;
#SONGFILENAME:Songs/Pop/4 Minutes/4 Minutes.sm;
#HASMUSIC:1;
#HASBANNER:1;
#MUSICLENGTH:100.675;
// end cache tags

//---------------dance-single - ----------------
#NOTES:
     dance-single:
     :
     Beginner:
     1:
     0.149,0.140,0.079,0.000,0.000,97.000,8.000,0.000,0.000,0.000:
0000
0000
0000
0000
,
0000
0000
0000
0000
,
0000
0000
0000
0000
,
0000
0000
0000
1000
,
0000
0010
0000
1000
,
0000
0001
0000
0100
,
0000
0010
0000
0100
,
0000
0001
0000
1000
,
1000
0000
0010
0000
,
0100
0000
0001
0001
,
0000
1000
0000
0100
,
0000
1001
0000
0100
,
0000
1000
0000
0010
,
0000
0100
0000
0001
,
0000
1001
0000
0100
,
0000
0110
0000
0000
,
1000
1000
0000
0001
,
0000
0100
0000
0010
,
0010
0000
1000
0000
,
0100
0100
0000
0010
,
0000
0001
0000
0010
,
0000
0100
0000
1001
,
0000
0100
0000
1001
,
0000
0000
0000
0010
,
0010
0010
0000
0100
,
0000
0100
0000
0000
,
0001
0001
0000
1000
,
0000
1000
0000
0100
,
0100
0100
0000
0010
,
0000
0010
0000
1000
,
1000
1000
0000
0001
,
0000
0001
0000
0100
,
0000
0010
0000
1000
,
1000
1000
0000
0100
,
0000
0010
0000
0001
,
0001
0001
0000
0100
,
0000
0010
0000
0100
,
0100
0100
0000
0010
,
0000
1000
0000
0001
,
0001
0001
0000
1000
,
0000
1000
0000
1001
,
0000
0100
0100
0000
,
0001
0000
1000
0000
,
0001
0001
0000
1000
,
0000
0010
0000
1001
,
0000
0000
0100
0100
,
0000
0010
0010
0000
,
1001
0000
0000
0000
;

//---------------dance-single - ----------------
#NOTES:
     dance-single:
     :
     Hard:
     7:
     0.413,0.399,0.099,0.238,0.020,257.000,10.000,24.000,0.000,0.000:
0000
0000
0000
0000
,
0000
0000
0000
0000
,
0000
0000
0000
0000
,
0000
0000
0000
0000
0000
0000
1000
0100
,
0010
0100
0000
0001
0100
0000
1000
0010
,
0100
0010
0000
0001
0010
0000
1000
0001
,
0100
0010
0000
1000
0100
0000
0001
0100
,
1000
0100
0000
0010
0001
0000
0100
0100
,
0010
2000
0000
3100
0010
0002
0000
0103
,
0010
0100
0001
1000
0100
1100
0000
0000
,
0001
0000
0100
0010
2000
0000
3001
0000
,
0100
0000
0010
1000
0200
0000
0310
0010
,
0001
0100
0000
0010
1000
0100
0000
0010
,
0100
1000
0001
0100
0010
0110
0000
0000
,
0001
0000
1000
0100
0020
0000
0130
0000
,
1000
0000
0001
0100
0020
0000
1030
0100
,
1000
0010
0000
0100
0000
0001
1000
0100
,
0010
0100
1000
0001
0100
0001
0000
1000
,
0100
0000
0010
0001
0100
0010
0000
1000
,
0100
0000
0010
0100
0100
0000
0000
1000
,
0010
1000
0000
0001
0100
0001
1000
0000
,
0010
0100
0001
1000
0010
1010
0000
0001
,
0100
0001
0010
0001
1000
1001
0000
0000
,
0100
0000
0010
1000
0110
0000
2000
0000
,
3200
0000
0000
0000
0302
0000
0000
0000
0203
0000
0000
1300
0020
0000
0000
0000
,
0032
0023
2030
3001
,
0100
0010
0100
0000
0001
0000
1000
0100
,
0010
0000
0100
0010
0000
0000
0000
0000
1001
0000
0000
0000
0020
0000
0000
0000
,
2030
0000
0000
0000
3200
0000
0000
0000
2300
0000
0000
3100
0020
0000
0000
0000
,
0032
0203
0302
1003
,
0010
0100
0001
0000
1000
0000
0100
0010
,
0001
0000
0010
0100
0000
0000
0000
0000
1001
0000
1000
0000
0010
0000
0000
0000
,
0100
0001
1000
0000
0100
0010
0001
1000
,
0100
1000
0010
0100
0110
0000
0001
0000
,
1000
0010
0100
0000
0001
0000
1000
0010
,
0100
0010
0100
0001
1000
0000
0100
0000
,
0010
0001
0100
0000
0001
1000
0100
0010
,
0100
1000
0001
0100
0101
0000
0010
0000
,
1000
0100
1000
0000
0010
0001
0100
0010
,
0100
0001
1000
0100
0010
0000
0001
0000
,
0100
0000
0010
1000
0100
0100
0000
0010
,
0001
0200
0000
0310
0100
0000
0010
1000
,
0100
0000
0010
0000
0001
0100
0010
0100
,
0010
0100
0010
1000
0100
0000
0010
0001
,
1000
0100
0010
0100
0000
1000
0010
0200
,
0000
0301
1000
0100
1000
0000
0000
1001
,
0000
0100
0000
0100
0000
1000
0010
1000
,
0010
1000
0001
0000
0000
0000
0000
0000
;

//---------------dance-single - ----------------
#NOTES:
     dance-single:
     :
     Easy:
     2:
     0.190,0.164,0.040,0.119,0.000,118.000,4.000,12.000,0.000,0.000:
0000
0000
0000
0000
,
0000
0000
0000
0000
,
0000
0000
0000
0000
,
0000
0000
0000
0001
,
0100
0001
0000
1000
,
0100
1000
0000
0010
,
0100
0010
0000
0100
,
0000
1001
0000
0100
,
1000
0100
0000
1000
,
0010
0100
0000
0001
,
0000
1000
0100
0000
,
0010
0000
1001
0001
,
0100
0000
0010
1000
,
0100
0000
1000
0010
,
0000
0100
0001
1000
,
0000
0100
1000
0100
,
0000
0010
0000
0001
,
0100
0001
1000
0010
,
0000
1000
0100
1000
,
0000
0001
0010
0000
,
0001
1000
0100
0000
,
1000
0010
1000
0001
,
0000
0100
0010
0100
,
0000
1001
0000
0200
,
0000
2300
0000
3002
,
0000
0203
0000
0310
,
0000
1000
0000
0001
,
0100
0001
0000
2000
,
0000
3200
0000
2300
,
0000
3020
0000
0130
,
0000
0001
0010
0001
,
0000
0110
0000
2000
,
0000
3100
0000
0010
,
0001
0010
0000
0200
,
0000
0301
0000
0010
,
1000
0010
0000
0200
,
0001
0301
0000
1000
,
0100
1000
0000
0020
,
0100
0130
0000
1000
,
0001
1000
0000
0010
,
0000
0100
0000
0001
,
1000
0000
1000
0010
,
0100
0000
1000
0001
,
0001
0001
0000
0100
,
0000
0010
0000
1000
,
0000
0100
0100
0000
,
1000
0000
0010
0100
,
0100
0100
0000
0000
;

//---------------dance-single - ----------------
#NOTES:
     dance-single:
     :
     Medium:
     5:
     0.333,0.375,0.079,0.268,0.000,200.000,8.000,27.000,0.000,0.000:
0000
0000
0000
0000
,
0000
0000
0000
0000
,
0000
0000
0000
0000
,
0000
0000
0000
1000
,
0010
0000
0000
0100
0001
0000
1000
0000
,
0100
0000
0000
0010
0100
0000
1000
0000
,
0001
0000
0100
0010
0100
0000
0000
0000
,
1000
0000
0001
1000
0001
0000
0100
0010
,
0000
1000
0000
0100
0010
0000
0001
0000
,
0100
0000
0010
1000
0010
1000
0000
0000
,
0001
0000
0100
0010
0100
0000
0000
0000
,
0001
0000
1000
0100
1000
0000
0010
0001
,
0000
1000
0000
0100
0010
0000
0100
0000
,
1000
0000
0001
0010
0001
0010
0000
0000
,
0100
0000
1000
0010
1000
0000
0000
0000
,
0010
0000
0100
0001
0100
0000
0001
0000
,
1000
0100
0000
0010
0000
0001
1000
0000
,
0100
0000
1000
0010
1000
0010
0000
0000
,
0100
0000
0001
0010
0001
0010
0000
0000
,
0100
1001
0010
0100
,
0001
1000
0000
0100
0010
0001
0000
0100
,
0000
0010
0000
1000
0001
0100
0000
0000
,
0010
0000
1000
0001
0100
0010
0000
0000
,
0100
1100
0101
0020
,
0230
0302
2003
3200
,
0320
0230
2300
3010
,
0100
0001
0100
0000
0010
0000
1000
0100
,
1000
1001
0000
0200
,
0302
0023
0032
2003
,
3200
2300
3020
0130
,
0001
0010
0001
0000
1000
0000
0100
0000
,
0010
0100
0010
0000
0110
0000
0002
0000
,
0100
0000
2003
0000
3010
0000
0100
0001
,
0100
0002
0013
0200
,
1000
2300
3001
0010
,
0100
0000
1000
0100
0010
0000
0002
0000
,
0010
0000
0203
0000
1300
0000
0001
0100
,
0001
0010
1001
0200
,
0010
0000
0302
0000
1003
0000
0100
0010
,
0001
0000
1000
0000
0100
0000
1000
0010
,
0100
0001
0100
0020
,
1000
0130
1000
0010
,
0100
0000
0001
0000
0010
0100
1000
0100
,
1000
0100
1000
0000
1100
0000
0002
0000
,
0010
0000
0103
0000
0001
1000
0100
0000
,
0010
0000
0100
0000
1000
0000
0000
0110
,
0000
0000
0000
0000
0000
0100
0001
0100
,
0001
0100
0010
0000
0000
0000
0000
0000
;

//---------------dance-double - ----------------
#NOTES:
     dance-double:
     :
     Hard:
     8:
     0.451,0.446,0.119,0.328,0.144,273.000,12.000,33.000,0.000,0.000:
00000000
00000000
00000000
00000000
,
00000000
00000000
00000000
00000000
,
00000000
00000000
00000000
00000000
,
00000000
00000000
00000000
00000000
00000000
00000000
01000000
00010000
,
00100000
01000000
00000000
00010000
00001000
00000000
00000100
00000010
,
00001000
00000100
00000000
00000010
00000100
00000000
00010000
00001000
,
01000000
00000000
00010000
00000000
00100000
00000000
00001000
00010000
00000100
00000000
00000000
00000000
00001000
00000000
00000010
00000000
,
00000100
00000000
00001000
00000000
00000100
00000000
00000010
00001000
00000100
00000000
00000000
00000000
00000010
00000000
00001000
00000000
,
00010000
00000100
00000000
00001000
00000010
00000100
00000000
00001000
,
00010000
01000000
00100000
00010000
01000000
00100000
00000000
00000000
,
02010000
00000000
00000000
00000000
03100000
00000000
01000000
00010000
00100000
00000000
00000000
00000000
00021000
00000000
00000000
00000000
,
00030200
00000000
00000000
00000000
00001300
00000000
00000100
00010000
00001000
00000000
00000000
00000000
00010000
00000000
00000100
00000000
,
00000010
00001000
00000000
00000010
00000100
00010000
00000000
00000010
,
00001000
00000100
00010000
00000100
00001000
00000010
00000000
00000000
,
00001200
00000000
00000000
00000000
00010300
00000000
01000000
00100000
00010000
00000000
00000000
00000000
01000000
00000000
00000000
00000000
,
00021000
00000000
00000000
00000000
00030100
00000000
00001000
00000010
00000100
00000000
00000000
00000000
00000010
00000000
00001000
00000000
,
00000100
00002000
00000000
00003010
00000000
00000100
00001000
00010000
,
00100000
00000000
01000000
00000000
00010000
00100000
00000000
01000000
,
00010000
00000000
00001000
00010000
00001000
00000100
00000000
00000010
,
00001000
00000000
00000000
00000000
00000100
00000000
00010000
00000000
00000100
00000000
00000000
00000000
00011000
00000000
00000100
00001000
,
00000100
00000010
00000000
00000100
00001000
00000010
00000100
00000000
,
00001000
00010000
00001000
01000000
00010000
00100000
00000000
01000000
,
00010000
00001000
00000010
00000100
00000010
00001000
00000000
00000100
,
00000000
00010000
00000000
00001000
00011000
00000000
02100000
00000000
,
03020000
00000000
00000000
00000000
00230000
00000000
00000000
00000000
02300000
00000000
00000000
03010000
00002000
00000000
00000000
00000000
,
00003200
00000320
00002030
00003000
,
00000100
00000010
00000100
00000000
00001000
00000000
00000010
00000100
,
00000010
00000000
00010000
00001000
00000000
00000000
00000000
00000000
00001100
00000000
00000000
00000000
00001020
00000000
00000000
00000000
,
00000230
00000000
00000000
00000000
00002300
00000000
00000000
00000000
00003200
00000000
00000000
00000310
00020000
00000000
00000000
00000000
,
00030200
00002300
00003020
00001030
,
00000100
00010000
00002000
00000000
00103000
00000000
00010000
01000000
,
00100000
00000000
01000000
00010000
00000000
00000000
00000000
00000000
00100000
00000000
01000000
00000000
00020000
00000000
00000000
00001000
,
00000000
00000000
00031000
00000000
00000200
00000000
00000000
00000010
00000000
00000000
00000310
00000000
00001000
00000000
00000100
00000000
,
00000010
00000000
00000100
00010000
00000000
00001000
00010000
00000000
00001000
00000000
01000000
00000000
00200000
00000000
00000000
01000000
,
00000000
00000000
01300000
00000000
00020000
00000000
00000000
00100000
00000000
00000000
00130000
00000000
00001000
00000000
00010000
00000000
,
00000100
00000000
00001000
00000010
00000000
00010000
00001000
00000000
01000000
00000000
00100000
00000000
00020000
00000000
00000000
00000100
,
00000000
00000000
00030100
00000000
00002000
00000000
00000000
00000010
00000000
00000000
00003010
00000000
00001000
00000000
00000100
00000000
,
00010000
00000000
00001000
00010000
00000000
00000100
00001000
00000000
00000010
00000000
00001000
00000000
00000200
00000000
00000000
00000010
,
00000000
00000000
00000310
00000000
00002000
00000000
00000000
00010000
00000000
00000000
00013000
00000000
00001000
00000000
00100000
00000000
,
00010000
00000000
01000000
00100000
00000000
01000000
00010000
00000000
00000000
00000000
00100000
00000000
01000000
00000000
00010000
00000000
,
00100000
00000000
01000000
00000000
00010000
00000000
00000000
00000000
00001000
00000000
00000100
00000000
00000020
00000000
00000000
00001000
,
00000000
00000130
00000000
00000010
00000010
00001000
00000000
00011000
,
00000000
01000000
01000000
00010000
00000000
00100000
00010000
00100000
,
00010000
00100000
00010000
00000000
01100000
00000000
00010000
01000000
,
00001000
00000000
00010000
00000000
00000100
00000000
00000010
00000000
00000000
00000000
00001000
00000000
00000200
00000000
00000000
00000010
,
00000000
00000310
00000000
00000100
00001000
00000100
00000000
00011000
,
00000000
00000010
00000100
00000010
00000000
00001000
00001000
00000100
,
00000100
00000010
00000010
00000000
00000000
00000000
00000000
00000000
;

//---------------dance-double - ----------------
#NOTES:
     dance-double:
     :
     Medium:
     6:
     0.333,0.375,0.070,0.268,0.010,201.000,7.000,27.000,0.000,0.000:
00000000
00000000
00000000
00000000
,
00000000
00000000
00000000
00000000
,
00000000
00000000
00000000
00000000
,
00000000
00000000
00000000
00011000
,
00000100
00001000
00000100
00000110
,
00000001
00000100
00000001
00000000
,
00001000
00000100
00000020
00000000
,
00000031
00000000
00000100
00000000
00000010
00000000
00001000
00000100
,
00000000
00010000
00000000
00001000
00000000
01000000
00000000
00010000
,
00000000
00100000
00010000
00000000
01000000
00010000
00000000
00000000
,
00100000
00000000
00010000
01000000
00010000
00000000
10000000
00000000
,
01000000
00000000
00100000
00010000
00100000
00000000
00001000
01000000
,
00000000
00001000
00000000
00010000
00000000
00000100
00000000
00001000
,
00000000
00000010
00000100
00000000
00000001
00000100
00000000
00000000
,
00000010
00000000
00001000
00000100
00001000
00000000
00000001
00000000
,
00000010
00000000
00000001
00000100
00000001
00000000
00001000
00000100
,
00000000
00010000
00000000
00001000
00000000
00100000
00010000
00000000
,
01000000
00000000
00100000
10000000
00100000
10000000
00000000
00000000
,
00010000
00000000
00100000
00001000
00100000
00001000
00000000
00000000
,
00010000
00000000
00000100
00000000
00001000
00000000
00000010
00000100
,
00000001
00000000
00001000
00000100
00000010
00000000
00000100
00000000
,
00010000
00000000
00001000
00010000
00001000
00000000
00010000
00000000
,
00001000
00010000
00001000
01000000
00010000
00000000
01000000
00000000
,
00100000
10010000
01100000
00020000
,
00230000
00302000
00023000
00030200
,
00000320
00000032
00002003
00003000
,
00000100
00000010
00000001
00000000
00001000
00000000
00000100
00010000
,
00000100
00001000
00000100
00000000
00011000
00000000
00020000
00000000
,
00032000
00203000
00320000
20030000
,
30200000
02300000
03020000
10030000
,
01000000
00100000
01000000
00000000
10000000
00000000
00010000
01000000
,
00100000
01000000
00001000
00000000
00011000
00000000
00020000
00000000
,
00000000
00000000
00030200
00000000
00000000
00000000
00001300
00000010
,
00000100
00000001
00001000
00000100
00000010
00000000
00000200
00000000
,
00000000
00000000
00020300
00000000
00000000
00000000
00031000
01000000
,
00010000
00100000
01000000
10000000
00010000
00000000
02000000
00000000
,
00100000
00000000
03200000
00000000
00000000
00000000
10300000
00010000
,
00100000
00001000
00010000
00000100
00001000
00000000
00000020
00000000
,
00000100
00000000
00000230
00000000
00000000
00000000
00000301
00000010
,
00000100
00000000
00001000
00000000
00001100
00000000
00010000
00000100
,
00001000
00000000
00000000
00000000
00000010
00000000
00000000
00000000
00000100
00000000
00000000
00000000
00000002
00000000
00000000
00001000
,
00000000
00000000
00000003
00000100
00000010
00000000
00001000
00000000
,
00000100
00000000
00100000
00000000
00001000
00000000
00010000
00000100
,
00001000
00000100
00010000
00000000
00001000
00000000
01000000
00000000
,
00100000
00000000
00000000
00000000
10000000
00000000
00000000
00000000
00100000
00000000
00000000
00000000
20000000
00000000
00000000
01000000
,
00000000
00000000
30000000
00010000
01000000
00000000
00100000
00000000
,
01000000
00000000
00001000
00000000
00010000
00000000
00001000
00010000
,
00001000
00010000
00001000
00000000
00000000
00000000
00000000
00000000
;

//---------------dance-double - ----------------
#NOTES:
     dance-double:
     :
     Easy:
     2:
     0.163,0.188,0.040,0.079,0.000,103.000,4.000,8.000,0.000,0.000:
00000000
00000000
00000000
00000000
,
00000000
00000000
00000000
00000000
,
00000000
00000000
00000000
00000000
,
00000000
00000000
00000000
00000000
,
00100000
01000000
00100000
00000000
,
00010000
00100000
00010000
00000000
,
01000000
00001000
00010000
00000000
,
00011000
00000100
00001000
00000000
,
00000010
00000000
00001000
00000000
,
00000001
00000001
00000000
00000100
,
00000000
00000010
00001000
00000000
,
00000100
00010000
00000000
00001000
,
00000000
01000000
00000000
00100000
,
00100000
00000000
10000000
00000000
,
00010000
00100000
00010000
00000000
,
01000000
00010000
00000000
00100000
,
00000000
00001000
00000000
00010000
,
00000000
00000100
00001000
00000100
,
00000000
00000010
00000000
00000001
,
00000000
00001001
00000000
00000100
,
00000100
00000000
00000010
00000000
,
00001000
00000100
00000000
00000010
,
00000000
00000001
00000000
00001001
,
00000000
00000000
00000000
00000020
,
00000000
00020030
00000000
00032000
,
00000000
02003000
00000000
03010000
,
00000000
10000000
00000000
00100000
,
00100000
00100000
00000000
02000000
,
00000000
03002000
00000000
00023000
,
00000000
00030200
00000000
00001300
,
00000000
00000001
00000000
00000010
,
00000010
00000010
00000000
00000001
,
00000000
00001000
00000000
00000100
,
00000100
00000100
00000000
00010000
,
00000000
00001000
00000000
00100000
,
00100000
00100000
00000000
00010000
,
00000000
01000000
00000000
00001000
,
00001000
00001000
00000000
00010000
,
00000000
00000100
00000000
00000010
,
00000000
00001001
00000000
00000100
,
00000000
00000010
00000000
00001000
,
00001000
00000000
00000100
00000000
,
00000010
00000000
00000000
00010000
,
00010000
00010000
00000000
00001000
,
00000000
01000000
00000000
00100000
,
00100000
00000000
10000000
00000000
,
00010000
00000000
00000000
01000000
,
01000000
01000000
00000000
00000000
;
