#TITLE:PETIT LOVE;
#SUBTITLE:;
#ARTIST:SMILE.dk;
#TITLETRANSLIT:;
#SUBTITLETRANSLIT:;
#ARTISTTRANSLIT:;
#CREDIT:;
#BANNER:PETIT LOVE.png;
#BACKGROUND:PETIT LOVE-bg.png;
#LYRICSPATH:;
#CDTITLE:./CDTITLES/DANCE MANIA EURO MIX.PNG;
#MUSIC:PETIT LOVE.mp3;
#OFFSET:-0.036;
#SAMPLESTART:61.830;
#SAMPLELENGTH:12.000;
#SELECTABLE:YES;
#BPMS:0.000=155.000;
#STOPS:;
#BGCHANGES:;
// cache tags:
#FIRSTBEAT:16.000;
#LASTBEAT:247.000;
#SONGFILENAME:Songs/Dance/PETIT LOVE/PETIT LOVE.sm;
#HASMUSIC:1;
#HASBANNER:1;
#MUSICLENGTH:96.958;
// end cache tags

//---------------dance-single - ----------------
#NOTES:
     dance-single:
     :
     Easy:
     3:
     0.250,0.287,0.093,0.000,0.000,161.000,9.000,0.000,0.000,0.000:  // measure 1
0000
0000
0000
0000
,  // measure 2
0000
0000
0000
0000
,  // measure 3
0000
0000
0000
0000
,  // measure 4
0000
0000
0000
0000
,  // measure 5
1000
0000
1000
0000
,  // measure 6
0001
0000
0001
0000
,  // measure 7
1000
0000
1000
0000
,  // measure 8
0001
1000
0001
1000
,  // measure 9
0001
0000
0100
0000
,  // measure 10
0001
0000
0010
0000
,  // measure 11
0001
0000
1000
0000
,  // measure 12
0001
0010
0100
1000
,  // measure 13
0001
0000
1000
0000
,  // measure 14
0100
0100
0010
0000
,  // measure 15
0001
0000
1000
0000
,  // measure 16
0010
0010
0100
0000
,  // measure 17
0001
0000
1000
0000
,  // measure 18
0001
0010
0100
0000
,  // measure 19
1000
0000
0001
0000
,  // measure 20
0010
0100
1000
0000
,  // measure 21
1001
0000
1001
0000
,  // measure 22
1001
0000
0000
0000
,  // measure 23
0010
0000
1000
0001
,  // measure 24
1000
0100
0010
0001
,  // measure 25
1000
0000
0100
0010
,  // measure 26
0001
0100
0010
1000
,  // measure 27
0001
0001
1000
0000
,  // measure 28
0010
0010
0100
0001
,  // measure 29
1000
0010
0100
0001
,  // measure 30
1000
0000
0001
0000
,  // measure 31
0010
0000
0001
0100
,  // measure 32
0001
0001
1000
1000
,  // measure 33
0001
0000
1000
0000
,  // measure 34
0100
0010
0001
0000
,  // measure 35
1000
0000
0000
0000
,  // measure 36
0001
0000
0000
0000
,  // measure 37
1001
0000
1001
0000
,  // measure 38
0001
0000
1000
0000
,  // measure 39
1001
0000
1001
0000
,  // measure 40
0001
1000
0001
0000
,  // measure 41
1000
0100
0100
0100
,  // measure 42
0010
0001
0010
0001
,  // measure 43
1000
0010
0010
0010
,  // measure 44
0100
0001
0100
0001
,  // measure 45
1000
0001
0001
0001
,  // measure 46
0100
0001
0010
0100
,  // measure 47
1000
0001
0001
0001
,  // measure 48
1000
0010
0100
0100
,  // measure 49
0001
0000
1000
0000
,  // measure 50
0001
0010
0100
0100
,  // measure 51
1000
0000
0001
0000
,  // measure 52
1000
0010
0100
0100
,  // measure 53
0001
0000
1000
1000
,  // measure 54
0010
0000
0100
0000
,  // measure 55
0001
0000
1000
1000
,  // measure 56
0010
0000
0100
0000
,  // measure 57
0001
0000
1000
1000
,  // measure 58
0100
0000
0010
0000
,  // measure 59
1001
0000
0000
0000
,  // measure 60
1000
0001
0100
0000
,  // measure 61
1001
0000
0000
0000
,  // measure 62
0100
0010
1000
0001
;

//---------------dance-single - ----------------
#NOTES:
     dance-single:
     :
     Medium:
     6:
     0.415,0.509,0.083,0.000,0.000,274.000,8.000,0.000,0.000,0.000:  // measure 1
0000
0000
0000
0000
,  // measure 2
0000
0000
0000
0000
,  // measure 3
0000
0000
0000
0000
,  // measure 4
0000
0000
0000
0000
,  // measure 5
0000
0100
0000
0001
0000
0100
0000
0001
,  // measure 6
0000
1000
0000
0100
0000
0001
0100
1000
,  // measure 7
0000
0001
0000
0100
0000
0001
0000
0100
,  // measure 8
0000
0010
0000
1000
0000
0001
0100
1000
,  // measure 9
0000
0100
0000
0001
0000
0100
0000
0001
,  // measure 10
0000
1000
0000
0100
0000
0001
0100
1000
,  // measure 11
0000
0001
0000
1000
0000
0001
0000
0100
,  // measure 12
0000
0010
0000
1000
0000
0010
0100
1000
,  // measure 13
0100
0100
0100
0100
,  // measure 14
0001
0000
1000
0000
,  // measure 15
0001
1000
0100
0000
0010
0000
0010
0000
,  // measure 16
0001
1000
0010
0100
,  // measure 17
0001
0001
0001
0001
,  // measure 18
1000
0000
0100
0000
,  // measure 19
0001
0100
1000
0000
0100
0000
0100
0000
,  // measure 20
1000
0010
0100
0001
,  // measure 21
1000
0000
0001
0000
,  // measure 22
0100
1000
0100
0001
0010
0000
1001
0000
,  // measure 23
0001
0010
0100
0000
1000
0010
0100
0000
,  // measure 24
0001
1000
0100
0000
0010
0001
0100
0000
,  // measure 25
0010
0000
0010
0000
,  // measure 26
0100
0001
0010
0000
0001
0000
0001
0000
,  // measure 27
1000
0010
0100
0000
0001
0010
0100
0000
,  // measure 28
1000
0001
0100
0000
0010
1000
0100
0000
,  // measure 29
0010
0000
0010
0000
,  // measure 30
1000
1001
0001
1001
,  // measure 31
1000
0100
0010
0000
0001
0100
0010
0000
,  // measure 32
1000
0001
0010
0000
0100
1000
0010
0000
,  // measure 33
0100
0000
0001
0000
,  // measure 34
1000
0010
0100
0000
0001
0000
1000
0000
,  // measure 35
0001
0010
0100
1000
0001
0100
0010
1000
,  // measure 36
0100
0010
0001
0100
0010
0000
0010
0000
,  // measure 37
1001
0100
0001
0001
,  // measure 38
1000
0000
1000
0000
1000
0100
1000
0000
,  // measure 39
0001
0001
0100
0100
,  // measure 40
0010
0000
0010
0000
1000
0100
0010
0000
,  // measure 41
0001
0100
0010
0000
1000
0000
0010
0000
,  // measure 42
0100
0001
0010
0000
0100
0000
1000
0000
,  // measure 43
0010
0100
0001
0000
0010
0000
0100
0000
,  // measure 44
1000
0001
0100
0000
0010
0000
0100
0000
,  // measure 45
0001
0010
0100
0000
1000
0000
1000
0000
,  // measure 46
0100
1000
0010
0000
0100
0000
0100
0000
,  // measure 47
0010
0100
0001
0000
1000
0000
1000
0000
,  // measure 48
0001
0010
0100
0000
1000
0000
1001
0000
,  // measure 49
1000
0100
0010
0000
0001
0000
0100
0000
,  // measure 50
0010
1000
0100
0000
0010
0000
0001
0000
,  // measure 51
0100
0010
1000
0010
0100
0000
0100
0000
,  // measure 52
0001
1000
0010
0000
0100
0000
0001
0000
,  // measure 53
0010
0100
1000
0100
0010
0000
0010
0000
,  // measure 54
0001
1000
0010
0000
0100
0000
0001
0000
,  // measure 55
0100
0010
1000
0001
0100
0000
0001
0000
,  // measure 56
1000
0001
0010
0000
0100
0000
1000
0000
,  // measure 57
0001
0100
0010
1000
0001
0000
1000
0000
,  // measure 58
0001
1000
0010
0000
0100
0000
1001
0000
,  // measure 59
0010
0001
0010
0000
0001
0000
1000
0000
,  // measure 60
0001
0001
0001
1001
,  // measure 61
0010
1000
0010
0000
1000
0000
0001
0000
,  // measure 62
1000
1000
1000
1001
;

//---------------dance-single - ----------------
#NOTES:
     dance-single:
     :
     Hard:
     7:
     0.547,0.605,0.103,0.000,0.021,361.000,10.000,0.000,0.000,0.000:  // measure 1
0000
0000
0000
0000
,  // measure 2
0000
0000
0000
0000
,  // measure 3
0000
0000
0000
0000
,  // measure 4
0000
0000
0000
0000
,  // measure 5
0000
0010
0001
1000
0100
0010
0001
1000
,  // measure 6
0000
0010
1000
0001
0100
0010
1000
0001
,  // measure 7
0000
1000
1000
0001
0100
0010
0100
0001
,  // measure 8
0000
0100
0100
0001
1000
0100
0010
0001
,  // measure 9
0000
0100
0001
1000
0010
0100
0001
1000
,  // measure 10
0000
0100
1000
0001
0010
0100
1000
0001
,  // measure 11
0000
1000
1000
0010
1000
0100
0010
0001
,  // measure 12
0000
0010
0010
0001
0100
0010
1000
0001
,  // measure 13
1000
0000
1000
0000
1000
0100
0001
0000
,  // measure 14
0100
1000
0001
0100
1000
0100
0001
0000
,  // measure 15
1000
0000
1000
0000
0100
0001
0100
0000
,  // measure 16
1000
0010
0100
1000
0100
0001
1000
0000
,  // measure 17
0010
0000
0010
0000
0100
0001
1000
0000
,  // measure 18
0100
0001
0100
0010
0001
1000
0001
0000
,  // measure 19
1000
0000
1000
0000
0010
1000
0001
0000
,  // measure 20
0100
0010
1000
0010
0100
0001
1000
0000
,  // measure 21
0001
0010
0001
0010
0100
1000
0100
1000
,  // measure 22
0001
0010
0100
1000
0001
0000
1001
0000
,  // measure 23
1000
0000
1000
0000
0001
0001
0001
0000
,  // measure 24
0010
0000
0010
0000
0001
0001
0001
0000
,  // measure 25
1000
0100
0010
0001
1000
0010
0100
0001
,  // measure 26
1000
0100
0010
0001
1000
0000
1001
0000
,  // measure 27
0100
0000
0100
0000
1000
0100
0001
0000
,  // measure 28
1000
0000
1000
0000
0100
0001
0100
0000
,  // measure 29
1000
0010
0100
0001
1000
0100
0010
0001
,  // measure 30
0010
0001
0010
0001
0010
0000
0000
0000
0100
1000
0100
1000
0100
0000
0000
0000
,  // measure 31
1000
0000
1000
0000
0001
0100
0010
0100
,  // measure 32
0001
0000
0001
0000
1000
0100
0010
0100
,  // measure 33
1000
0100
0010
0001
1000
0010
0100
0001
,  // measure 34
1000
0100
0010
0001
1000
0000
1001
0000
,  // measure 35
1000
1000
0100
0100
,  // measure 36
0010
0000
0010
0000
0001
0010
0001
0000
,  // measure 37
1000
0100
0001
0100
,  // measure 38
1000
0100
0001
0101
,  // measure 39
1000
0100
0001
0100
,  // measure 40
1000
0001
1000
0010
1000
0000
1010
0000
,  // measure 41
1000
0100
0001
0100
1000
0100
0001
0100
,  // measure 42
1000
0100
0010
0001
,  // measure 43
0100
1000
0100
0001
0100
1000
0100
0001
,  // measure 44
0100
0010
1000
0001
,  // measure 45
0010
0001
0010
0001
0010
0001
1000
0010
,  // measure 46
0100
1000
0100
1000
0100
1000
0100
1000
,  // measure 47
0001
0000
0001
0000
1000
0010
0100
0000
,  // measure 48
0010
0000
0010
0000
1000
0001
0100
0000
,  // measure 49
1000
0100
0001
0010
0100
0001
0100
1000
,  // measure 50
0010
0001
0010
1000
0100
0001
0100
1000
,  // measure 51
0010
0000
0010
0000
0010
0001
0010
0000
,  // measure 52
1000
0000
1000
0000
1000
0100
1000
0000
,  // measure 53
0010
1000
0010
0100
0010
1000
0010
0100
,  // measure 54
0001
1000
0100
0010
,  // measure 55
0001
0010
0001
1000
0001
0010
0001
1000
,  // measure 56
0001
0010
0100
1000
,  // measure 57
0100
0010
0001
1000
0100
0010
0001
1000
,  // measure 58
0001
0001
1000
1000
0010
0010
0100
0100
,  // measure 59
0001
0011
0001
1100
,  // measure 60
0001
0010
0001
0010
0001
1000
0001
0000
,  // measure 61
1000
1010
1000
0101
,  // measure 62
1000
0010
0100
0001
1000
0100
1001
0000
;

//---------------dance-double - ----------------
#NOTES:
     dance-double:
     :
     Easy:
     3:
     0.333,0.350,0.144,0.000,0.000,212.000,14.000,0.000,0.000,0.000:  // measure 1
00000000
00000000
00000000
00000000
,  // measure 2
00000000
00000000
00000000
00000000
,  // measure 3
00000000
00000000
00000000
00000000
,  // measure 4
00000000
00000000
00000000
00000000
,  // measure 5
10000000
01000000
00010000
00000100
,  // measure 6
00000001
00000100
00001000
00001000
,  // measure 7
00000010
00010000
00001000
01000000
,  // measure 8
00010000
10000000
01000000
01000000
,  // measure 9
00100000
00001000
00010000
00000100
,  // measure 10
00000001
00000100
00010000
00010000
,  // measure 11
00001000
01000000
00010000
10000000
,  // measure 12
00100000
01000000
00001000
00001000
,  // measure 13
00010000
00000100
00000100
00000100
,  // measure 14
00001000
00000000
00000001
00000000
,  // measure 15
00000100
00000010
00000010
00000010
,  // measure 16
00010000
00000000
00001000
00000000
,  // measure 17
01000000
00100000
10000000
00010000
,  // measure 18
01000000
00000000
00001000
00000000
,  // measure 19
00010000
00000100
00000001
00000100
,  // measure 20
00010000
00000000
00000010
00000000
,  // measure 21
00010000
00010000
00000010
00000000
,  // measure 22
00000100
00000100
00000100
00000100
,  // measure 23
00000001
00001001
00000100
00010000
,  // measure 24
00001000
00011000
01000000
00010000
,  // measure 25
10000000
10000000
01000000
00010000
,  // measure 26
00000100
00000010
00000001
00000100
,  // measure 27
00001000
00011000
00001000
01000000
,  // measure 28
00010000
10010000
01000000
00001000
,  // measure 29
00010000
00010000
00000010
00000100
,  // measure 30
00000001
00000001
00000100
00000000
,  // measure 31
00000010
00011000
00001000
01000000
,  // measure 32
00010000
10010000
01000000
00001000
,  // measure 33
00010000
00010000
00000010
00000100
,  // measure 34
00000001
00000010
00000100
00010000
,  // measure 35
00001000
00010000
00010000
00010000
,  // measure 36
00000010
00001000
00001000
00001000
,  // measure 37
00000010
00000100
00000010
00001000
,  // measure 38
00000010
00010000
00001000
00011000
,  // measure 39
00001000
00010000
00001000
01000000
,  // measure 40
00001000
00100000
00010000
10010000
,  // measure 41
10000000
00100000
10000000
00100000
,  // measure 42
01000000
00001000
01000000
00001000
,  // measure 43
00010000
00000100
00010000
00000100
,  // measure 44
00001000
00000010
00001000
00000010
,  // measure 45
00010000
00010000
00000100
00010000
,  // measure 46
00000010
00001000
00000001
00000100
,  // measure 47
00000010
00000010
00010000
00001000
,  // measure 48
01000000
00010000
00100000
01000000
,  // measure 49
10000000
00100000
10000000
00100000
,  // measure 50
01000000
00001000
00010000
00000100
,  // measure 51
00001000
00000001
00001000
00000001
,  // measure 52
00000100
00000010
00010000
00001000
,  // measure 53
00011000
00000000
00001000
00000000
,  // measure 54
10010000
00000000
01000000
00000000
,  // measure 55
00011000
00000000
00010000
00000000
,  // measure 56
00001001
00000000
00000100
00000000
,  // measure 57
00011000
00000100
00011000
01000000
,  // measure 58
00010000
10000000
01000000
00010000
,  // measure 59
00000100
00000001
00001000
00000100
,  // measure 60
00010000
00000100
00010000
00010000
,  // measure 61
00001000
00000000
01000000
00000000
,  // measure 62
00001000
00001000
00010000
00000100
;

//---------------dance-double - ----------------
#NOTES:
     dance-double:
     :
     Medium:
     6:
     0.455,0.541,0.175,0.000,0.072,292.000,17.000,0.000,0.000,0.000:  // measure 1
00000000
00000000
00000000
00000000
,  // measure 2
00000000
00000000
00000000
00000000
,  // measure 3
00000000
00000000
00000000
00000000
,  // measure 4
00000000
00000000
00000000
00000000
,  // measure 5
00010000
00000000
00001000
00000000
00010000
00001000
00010000
00000100
,  // measure 6
00001000
00000000
00000001
00000000
00001000
00000001
00001000
00000010
,  // measure 7
00010000
00000000
00001000
00000000
00010000
00001000
01000000
00100000
,  // measure 8
10000000
00000000
00010000
00000000
10000000
00010000
01000000
00100000
,  // measure 9
10000000
00000000
00100000
00000000
01000000
00010000
01000000
00010000
,  // measure 10
00100000
00000000
00001000
00000000
00010000
00000100
00010000
00000100
,  // measure 11
00001000
00000000
00000010
00000000
00000100
00000001
00000100
00000001
,  // measure 12
00001000
00000000
00001000
00000000
00000001
00000100
00000010
00010000
,  // measure 13
00001000
00010000
00001000
00000000
01000000
00000000
00010000
00000000
,  // measure 14
10000000
11000000
00010000
01000000
,  // measure 15
00001000
00000000
00010000
00000000
00000010
00001000
00000001
00000000
,  // measure 16
00001000
00000100
00000010
00000001
,  // measure 17
00001000
00000100
00010000
00000000
00001000
00000000
01000000
00000000
,  // measure 18
00010000
01010000
00100000
10000000
,  // measure 19
01000000
00000000
00100000
00000000
00001000
00010000
00000100
00000000
,  // measure 20
00001000
00000010
00000100
00000001
,  // measure 21
00000011
00001100
00011000
00110000
,  // measure 22
11000000
00000000
00000000
00000000
,  // measure 23
10000000
00010000
00100000
01000000
00100000
00010000
10000000
00000000
,  // measure 24
01000000
00100000
00010000
01000000
00001000
00000000
00001000
00000000
,  // measure 25
00010000
00000000
00000100
00000000
,  // measure 26
00001000
00000001
00000100
00000010
,  // measure 27
00010000
00001000
01000000
00010000
01000000
00001000
00010000
00000000
,  // measure 28
00000010
00000100
00000001
00000010
00000100
00000000
00000100
00000000
,  // measure 29
00010000
00001000
01000000
00001000
,  // measure 30
00010000
00010000
00000100
00001001
,  // measure 31
00000010
00001000
00000010
00000100
00000001
00000000
00001000
00000000
,  // measure 32
00000100
00010000
00001000
00100000
00010000
00000000
01000000
00000000
,  // measure 33
00010000
00000000
10000000
00000000
01000000
00100000
00010000
00000000
,  // measure 34
01000000
00000000
00001000
00000000
00010000
00000100
00001000
00000000
,  // measure 35
00001000
00000100
00000010
00000001
00000100
00000010
00010000
00001000
,  // measure 36
01000000
00010000
10000000
01000000
00100000
00001000
00010000
00000010
,  // measure 37
00000100
00000000
00000000
00000001
00000100
00000000
00000000
00000000
00000010
00000000
00000000
00001000
00000010
00000000
00000000
00000000
,  // measure 38
00010000
00000000
00000000
00001000
00010000
00000000
00000000
00001000
00010000
00000000
00000000
00001000
01000000
00000000
00000000
00000000
,  // measure 39
00100000
00000000
00000000
10000000
00100000
00000000
00000000
00000000
01000000
00000000
00000000
00010000
01000000
00000000
00000000
00000000
,  // measure 40
00001000
00000000
00000000
00010000
00001000
00000000
00000000
00010000
00001000
00000000
00000000
00010000
00000010
00000000
00000000
00000000
,  // measure 41
00001000
00001000
00000001
00000100
,  // measure 42
00000010
00000000
00000000
00010000
00001000
00000000
00000000
00000000
01000000
00000000
00000000
00000000
01000000
00000000
00000000
00000000
,  // measure 43
00010000
00010000
10000000
01000000
,  // measure 44
00100000
00000000
00000000
00001000
00010000
00000000
00000000
00000000
00000100
00000000
00000000
00000000
00000100
00000000
00000000
00000000
,  // measure 45
00001000
00001001
00000100
00001000
,  // measure 46
00000001
00000000
00000000
00000100
00000010
00000000
00000000
00000000
00010000
00000000
00000000
00000000
00001000
00000000
00000000
00000000
,  // measure 47
01000000
01010000
00100000
10000000
,  // measure 48
01000000
00000000
00000000
00100000
00001000
00000000
00000000
00000000
00010000
00000000
00000000
00000000
00000100
00000000
00000000
00000000
,  // measure 49
00001000
00001000
00000001
00000001
,  // measure 50
00001000
00000100
00000010
00000001
,  // measure 51
00000100
00000100
00000010
00000010
,  // measure 52
00010000
00001000
01000000
00010000
,  // measure 53
00110000
00110000
01000000
00001000
,  // measure 54
00010000
00000100
00001000
00000001
,  // measure 55
00001001
00001001
00000100
00010000
,  // measure 56
00001000
01000000
00010000
00000000
10000000
00000000
00010000
00000000
,  // measure 57
00110000
00000000
00011000
00000000
00000100
00000100
00000100
00000000
,  // measure 58
00001000
00000001
00000100
00000000
00000010
00010000
00001000
00000000
,  // measure 59
01000000
00010000
01000000
00010000
,  // measure 60
01000000
00010000
01000000
00001000
00010000
00000000
00000010
00000000
,  // measure 61
00001000
00000100
00001000
00000100
,  // measure 62
00000010
00000001
00000000
00001000
00000100
00000000
00011000
00000000
;

//---------------dance-double - ----------------
#NOTES:
     dance-double:
     :
     Hard:
     8:
     0.594,0.541,0.268,0.000,0.547,377.000,26.000,0.000,0.000,0.000:  // measure 1
00000000
00000000
00000000
00000000
,  // measure 2
00000000
00000000
00000000
00000000
,  // measure 3
00000000
00000000
00000000
00000000
,  // measure 4
00000000
00000000
00000000
00000000
,  // measure 5
00010000
00000000
00000000
00010000
00100000
00000000
00000000
00100000
00010000
00000000
00000000
00010000
00100000
00000000
00000000
00100000
,  // measure 6
00001000
00000000
00000000
00001000
00010000
00000000
00000000
00010000
00001000
00000000
00000000
00001000
00010000
00000000
00000000
00010000
,  // measure 7
00000010
00000000
00000000
00000010
00001000
00000000
00000000
00001000
00000010
00000000
00000000
00000010
00001000
00000000
00000000
00001000
,  // measure 8
00000001
00000000
00000000
00000001
00000100
00000000
00000000
00000100
00000001
00000000
00000000
00000001
00000100
00000000
00000000
00000100
,  // measure 9
00000001
00000000
00000000
00000001
00000100
00000000
00000000
00000100
00000010
00000000
00000000
00000010
00010000
00000000
00000000
00010000
,  // measure 10
00001000
00000000
00000000
00001000
01000000
00000000
00000000
01000000
00100000
00000000
00000000
00100000
10000000
00000000
00000000
10000000
,  // measure 11
01000000
00000000
00000000
01000000
00100000
00000000
00000000
00100000
00001000
00000000
00000000
00001000
00010000
00000000
00000000
00010000
,  // measure 12
00000100
00000000
00000000
00000100
00001000
00000000
00000000
00001000
00000001
00000000
00000000
00000001
00000100
00000000
00000000
00000100
,  // measure 13
00000001
00000000
00000000
00000100
00000001
00000000
00000000
00000000
00001000
00000000
00000000
00000000
00000100
00000000
00000000
00000000
,  // measure 14
00010000
00000000
00000000
00001000
00010000
00000000
00000000
00000000
00001000
00000000
00000000
00000000
01000000
00000000
00000000
00000000
,  // measure 15
00010000
00000000
00000000
10000000
00010000
00000000
00000000
00000000
00100000
00000000
00000000
00000000
00001000
00000000
00000000
00000000
,  // measure 16
00010000
00000000
00000000
00000100
00010000
00000000
00000000
00000000
00000010
00000000
00000000
00000000
00000100
00000000
00000000
00000000
,  // measure 17
00000001
00000000
00000000
00000010
00000001
00000000
00000000
00000000
00001000
00000000
00000000
00000000
00000010
00000000
00000000
00000000
,  // measure 18
00010000
00000000
00000000
00001000
00010000
00000000
00000000
00000000
00001000
00000000
00000000
00000000
00100000
00000000
00000000
00000000
,  // measure 19
00010000
00000000
00000000
10000000
00010000
00000000
00000000
00000000
01000000
00000000
00000000
00000000
00001000
00000000
00000000
00000000
,  // measure 20
00010000
00000000
00000000
00000010
00010000
00000000
00000000
00000000
00000100
00000000
00000000
00000000
00000010
00000000
00000000
00000000
,  // measure 21
00000001
00000100
00000001
00001000
00000100
00000010
00000100
00001000
,  // measure 22
00000001
00000001
00001000
00001000
00001000
00000000
00000000
00000000
,  // measure 23
00000010
00010000
00001000
00010000
00001000
00000000
01000000
00000000
,  // measure 24
00001000
00010000
00000100
00000010
00000001
00001000
00000100
00010000
,  // measure 25
00000010
00001010
00000001
00000011
,  // measure 26
00001001
00001010
00011000
01000000
,  // measure 27
00100000
00001000
00010000
00001000
00010000
00000000
00000100
00000000
,  // measure 28
00010000
00001000
01000000
00100000
10000000
00010000
01000000
00001000
,  // measure 29
00100000
00110000
10000000
10100000
,  // measure 30
00011000
00110000
11000000
00110000
,  // measure 31
00100000
00001000
00010000
00001000
00010000
00000000
00000100
00000100
,  // measure 32
00010000
00001000
01000000
00100000
10000000
00010000
01000000
00001000
,  // measure 33
00100000
00100000
00110000
00000000
00001000
00001000
00011000
00000000
,  // measure 34
10010000
00110000
00011000
00000100
,  // measure 35
00000010
00010000
00001000
00010000
00001000
00000000
01000000
00000000
,  // measure 36
00001000
00010000
00000100
00000010
00000001
00001000
00000100
00010000
,  // measure 37
00000010
00001010
00000001
00000011
,  // measure 38
00001000
00000000
00001000
00000000
00000010
00010000
00001000
00000000
,  // measure 39
01000000
01010000
00010000
10010000
,  // measure 40
00001000
00000000
00001000
00000000
00010000
00000010
00000100
00000000
,  // measure 41
00001000
00000000
00000000
00001000
00000010
00000000
00000000
00000010
00001000
00000000
00000000
00001000
00000010
00000000
00000000
00000000
,  // measure 42
00010000
00000000
00000000
00010000
00001000
00000000
00000000
00001000
00010000
00000000
00000000
00010000
00001000
00000000
00000000
00000000
,  // measure 43
00100000
00000000
00000000
00100000
00010000
00000000
00000000
00010000
00100000
00000000
00000000
00100000
00010000
00000000
00000000
00000000
,  // measure 44
10000000
00000000
00000000
10000000
01000000
00000000
00000000
01000000
10000000
00000000
00000000
10000000
01000000
00000000
00000000
00000000
,  // measure 45
10000000
00000000
00000000
10000000
01000000
00000000
00000000
01000000
00100000
00000000
00000000
00100000
00001000
00000000
00000000
00001000
,  // measure 46
00010000
00000000
00000000
00010000
00000100
00000000
00000000
00000100
00000010
00000000
00000000
00000010
00000001
00000000
00000000
00000001
,  // measure 47
00000100
00000000
00000000
00000100
00000010
00000000
00000000
00000010
00010000
00000000
00000000
00010000
00001000
00000000
00000000
00001000
,  // measure 48
00000100
00000000
00000000
00000100
00001000
00000000
00000000
00001000
00000001
00000000
00000000
00000001
00000100
00000000
00000000
00000000
,  // measure 49
00000010
00000000
00000000
00000010
00010000
00000000
00000000
00010000
00000100
00000000
00000000
00000100
00010000
00000000
00000000
00010000
,  // measure 50
00001000
00000000
00000000
00001000
00100000
00000000
00000000
00100000
00010000
00000000
00000000
00010000
10000000
00000000
00000000
10000000
,  // measure 51
01000000
00000000
00000000
01000000
00100000
00000000
00000000
00100000
00001000
00000000
00000000
00001000
00010000
00000000
00000000
00010000
,  // measure 52
00000100
00000000
00000000
00000100
00001000
00000000
00000000
00001000
00000010
00000000
00000000
00000010
00001000
00000000
00000000
00001000
,  // measure 53
00000001
00000000
00000000
00000001
00000100
00000000
00000000
00000100
00000010
00000000
00000000
00000010
00010000
00000000
00000000
00010000
,  // measure 54
00001000
00000000
00000000
00001000
01000000
00000000
00000000
01000000
00001000
00000000
00000000
00001000
00100000
00000000
00000000
00100000
,  // measure 55
00010000
00000000
00000000
00010000
10000000
00000000
00000000
10000000
00010000
00000000
00000000
00010000
01000000
00000000
00000000
01000000
,  // measure 56
00001000
00000000
00000000
00001000
00000010
00000000
00000000
00000010
00000100
00000000
00000000
00000100
00001000
00000000
00000000
00001000
,  // measure 57
00000010
00000000
00000000
00000010
00010000
00000000
00000000
00010000
00000100
00000000
00000000
00000100
00010000
00000000
00000000
00010000
,  // measure 58
00001000
00000000
00000000
00001000
00100000
00000000
00000000
00100000
00010000
00000000
00000000
00010000
10000000
00000000
00000000
00000000
,  // measure 59
01010000
10000000
01010000
10000000
,  // measure 60
01000000
10000000
01000000
00100000
01000000
00010000
01010000
00000000
,  // measure 61
00011000
00000100
00011000
00000100
,  // measure 62
00000010
00000001
00000010
00000100
00000010
00000000
00011000
00000000
;

//---------------dance-couple - ----------------
#NOTES:
     dance-couple:
     :
     Medium:
     6:
     0.760,1.000,1.000,0.000,0.021,344.000,156.000,0.000,0.000,8.000:  // measure 1
00000000
00000000
00000000
00000000
,  // measure 2
00000000
00000000
00000000
00000000
,  // measure 3
00000000
00000000
00000000
00000000
,  // measure 4
00000000
00000000
00000000
00000000
,  // measure 5
10000001
00000000
00010000
10000000
01000001
00100000
00010000
00000000
,  // measure 6
10001000
00000000
00000001
00001000
10000100
00000010
00000001
00000000
,  // measure 7
00011000
00000000
10000001
00000000
00100100
01000010
00100100
01000010
,  // measure 8
00011000
00011000
10000001
01000010
,  // measure 9
10000000
00001000
00001000
00000001
10000100
00000010
00000100
00000001
,  // measure 10
10000000
00000100
00000100
00000001
10001000
00000100
00000010
00000000
,  // measure 11
00000001
10000000
10000000
00010000
01000001
00100000
01000000
00010000
,  // measure 12
00000001
01000000
01000000
00010000
10000001
01000000
00100000
00000000
,  // measure 13
10000010
00000010
10000100
00000100
,  // measure 14
10001000
00000000
10000001
00000000
,  // measure 15
00100001
00100000
01000001
01000000
,  // measure 16
10000001
00000000
00010001
00000000
,  // measure 17
10001000
00000001
00000100
00000000
10000010
00000000
00000010
00000000
,  // measure 18
10001000
00000001
10000010
00000100
,  // measure 19
00010001
10000000
01000000
00000000
00100001
00000000
00100000
00000000
,  // measure 20
00010001
10000000
00100001
01000000
,  // measure 21
00011000
00100010
00011000
00100010
01000100
10000001
01000100
10000001
,  // measure 22
00011000
00100010
01000100
10000001
00011000
00000000
10011001
00000000
,  // measure 23
01000000
00000000
01000000
00000000
00010001
00010000
00010000
00000000
,  // measure 24
10000001
01000000
00100000
00010000
10000001
00100000
01000000
00010000
,  // measure 25
10000001
10010000
00010001
10010000
,  // measure 26
11001100
00100010
00110011
01000100
,  // measure 27
10000010
00000000
00000010
00000000
10000001
00000001
00000001
00000000
,  // measure 28
10001000
00000100
00000010
00000001
10001000
00000010
00000100
00000001
,  // measure 29
10001000
00001001
10000001
00001001
,  // measure 30
01000100
10000000
01000000
10000000
01000000
00000000
00000000
00000000
00000010
00000001
00000010
00000001
00000010
00000000
00000000
00000000
,  // measure 31
10000001
01000000
00100000
00000000
00010001
01000000
00100000
00000000
,  // measure 32
10000001
00010000
00100000
00000000
01000001
10000000
00100000
00000000
,  // measure 33
10001000
00000100
00000010
00000000
10000001
00000100
00000010
00000000
,  // measure 34
10001000
00000001
00000010
00000000
10000100
00001000
00000010
00000000
,  // measure 35
00010001
00100010
01000100
10001000
00010001
01000100
00100010
10001000
,  // measure 36
01000100
00100010
00010001
01000100
00100010
00000000
00100010
00000000
,  // measure 37
10011001
01000100
00000001
00000001
,  // measure 38
10000000
00000000
10000000
00000000
10011001
00000000
00000000
00100000
,  // measure 39
00100000
00000000
00000000
00000010
00000010
00000000
00000000
00100010
,  // measure 40
10001000
00010001
01000100
00100010
10001000
00000000
11001100
00000000
,  // measure 41
10000010
00000001
00000010
00000001
10000010
00000001
00001000
00000010
,  // measure 42
10000100
00001000
00000100
00001000
10000100
00001000
00000100
00001000
,  // measure 43
10000001
00000000
00000001
00000000
10001000
00000010
00000100
00000000
,  // measure 44
10000010
00000000
00000010
00000000
10001000
00000001
00000100
00000000
,  // measure 45
00100001
00010000
00100000
00010000
00100001
00010000
10000000
00100000
,  // measure 46
01000001
10000000
01000000
10000000
01000001
10000000
01000000
10000000
,  // measure 47
00010001
00000000
00010000
00000000
10000001
00100000
01000000
00000000
,  // measure 48
00100001
00000000
00100000
00000000
10000001
00010000
01000000
00000000
,  // measure 49
10001000
00000100
00000001
00000010
10000100
00000001
00000100
00001000
,  // measure 50
10000010
00000001
00000010
00001000
10000100
00000001
00000100
00000000
,  // measure 51
10000001
01000000
00010000
00100000
01000001
00010000
01000000
10000000
,  // measure 52
00100001
00010000
00100000
10000000
01000001
00010000
01000000
00000000
,  // measure 53
10000010
00001000
00000010
00000100
10000010
00001000
00000010
00000100
,  // measure 54
10000001
00001000
10000100
00000010
,  // measure 55
00100001
10000000
00100000
01000000
00100001
10000000
00100000
01000000
,  // measure 56
00010001
10000000
01000001
00100000
,  // measure 57
01000100
00100010
00010001
10001000
01000100
00100010
00010001
10001000
,  // measure 58
00010001
00010001
10001000
10001000
00100010
00100010
01000100
01000100
,  // measure 59
00000001
00000011
00000001
00001100
,  // measure 60
10000001
00000010
00000100
00001000
00000001
00000100
10011001
00000000
,  // measure 61
00010000
00110000
00010000
11000000
,  // measure 62
00010001
00100000
01000000
10000000
00010000
01000000
10011001
00000000
;

//---------------dance-solo - ----------------
#NOTES:
     dance-solo:
     :
     Easy:
     3:
     0.332,0.350,0.186,0.000,0.000,207.000,18.000,0.000,0.000,0.000:  // measure 1
000000
000000
000000
000000
,  // measure 2
000000
000000
000000
000000
,  // measure 3
000000
000000
000000
000000
,  // measure 4
000000
000000
000000
000000
,  // measure 5
010000
000010
100000
000001
,  // measure 6
001000
001000
010000
001000
,  // measure 7
000010
010000
000001
100000
,  // measure 8
001000
001000
000010
001000
,  // measure 9
100000
000001
000100
001000
,  // measure 10
010000
000010
001000
100000
,  // measure 11
001000
001000
000010
100000
,  // measure 12
001000
001000
010000
000001
,  // measure 13
001000
000010
000010
000010
,  // measure 14
100000
000000
001000
000000
,  // measure 15
010000
000001
000001
000001
,  // measure 16
001000
000000
000100
000000
,  // measure 17
100000
000100
010000
000010
,  // measure 18
001000
000000
000001
000000
,  // measure 19
000001
000100
000010
010000
,  // measure 20
001000
000000
100000
000000
,  // measure 21
000001
000001
001000
000000
,  // measure 22
000010
000010
000010
000010
,  // measure 23
100000
100001
000100
001000
,  // measure 24
000001
100001
010000
000010
,  // measure 25
100000
000001
001000
001000
,  // measure 26
000010
100000
000001
010000
,  // measure 27
000001
100001
000100
001000
,  // measure 28
100000
100001
000010
010000
,  // measure 29
000001
100000
001000
001000
,  // measure 30
010000
000000
000010
000000
,  // measure 31
001000
100001
000100
001000
,  // measure 32
000010
100001
010000
001000
,  // measure 33
100000
001000
000010
001000
,  // measure 34
010000
000001
001000
010000
,  // measure 35
100000
000001
000001
000001
,  // measure 36
001000
000010
000010
000010
,  // measure 37
000100
100000
001000
010000
,  // measure 38
100001
000010
100001
000000
,  // measure 39
000100
000001
001000
000010
,  // measure 40
100001
010000
100001
000000
,  // measure 41
000100
000100
000100
000100
,  // measure 42
100000
100000
000000
100001
,  // measure 43
000010
000010
000010
000010
,  // measure 44
001000
001000
000000
100001
,  // measure 45
010000
010000
000001
000001
,  // measure 46
100000
100000
000010
000010
,  // measure 47
001000
000010
100000
001000
,  // measure 48
010000
010000
000001
001000
,  // measure 49
000001
000001
000001
000001
,  // measure 50
010000
010000
000000
100001
,  // measure 51
001000
001000
001000
001000
,  // measure 52
000100
000100
010000
000010
,  // measure 53
100001
000000
001000
000000
,  // measure 54
100001
000000
000100
000000
,  // measure 55
100001
000000
000010
000000
,  // measure 56
100001
000000
010000
000000
,  // measure 57
000010
000010
010000
010000
,  // measure 58
000001
000001
100000
100000
,  // measure 59
000010
001000
000001
001000
,  // measure 60
000100
000100
000100
000000
,  // measure 61
010000
001000
100000
001000
,  // measure 62
000100
000100
000100
100001
;

//---------------dance-solo - ----------------
#NOTES:
     dance-solo:
     :
     Medium:
     6:
     0.443,0.509,0.186,0.000,0.021,283.000,18.000,0.000,0.000,0.000:  // measure 1
000000
000000
000000
000000
,  // measure 2
000000
000000
000000
000000
,  // measure 3
000000
000000
000000
000000
,  // measure 4
000000
000000
000000
000000
,  // measure 5
100000
000100
100000
000100
100000
000000
000010
000000
,  // measure 6
010000
000001
010000
000001
010000
000000
001000
000000
,  // measure 7
000100
000001
000100
000001
000100
000000
001000
000000
,  // measure 8
010000
000010
010000
000010
010000
000000
000001
000000
,  // measure 9
001000
000100
001000
000100
010000
000000
001000
000000
,  // measure 10
000010
001000
000010
001000
100000
000000
000001
000000
,  // measure 11
010000
000010
010000
000010
001000
000000
000100
000000
,  // measure 12
010000
010000
010000
010000
000001
001000
000100
100000
,  // measure 13
001000
100000
001000
000000
000010
000000
001000
000000
,  // measure 14
100000
000100
100000
000000
001000
000000
000010
000000
,  // measure 15
100000
001000
000100
000000
000001
000000
001000
000000
,  // measure 16
000010
010000
000001
100000
,  // measure 17
001000
000001
001000
000000
010000
000000
001000
000000
,  // measure 18
000100
000101
001000
000010
,  // measure 19
100000
001000
000100
000000
000001
000000
001000
000000
,  // measure 20
000010
010000
000001
100000
,  // measure 21
100100
001001
010001
100010
,  // measure 22
010010
000000
100001
000000
,  // measure 23
100000
000100
100000
000100
010000
000000
000010
000000
,  // measure 24
100000
000100
001000
000010
100000
000000
000001
000000
,  // measure 25
001000
000000
001000
000000
,  // measure 26
000010
001000
010000
000000
,  // measure 27
001000
000010
001000
000010
010000
001000
010000
001000
,  // measure 28
100000
000100
001000
000010
100000
100000
100000
000000
,  // measure 29
000001
000000
000001
000000
,  // measure 30
010010
001000
100001
001000
,  // measure 31
000100
100000
000100
001000
000001
000000
100000
000000
,  // measure 32
001000
010000
000010
100000
000001
000000
001000
000000
,  // measure 33
000010
000000
010000
000000
000001
001000
000100
000000
,  // measure 34
010000
000000
010000
000000
010000
000010
001000
000000
,  // measure 35
100000
001000
000100
100000
001000
000010
000001
100000
,  // measure 36
000100
001000
000001
001000
000010
100000
001000
000000
,  // measure 37
010000
001000
000100
001000
,  // measure 38
010000
000010
100000
001000
,  // measure 39
000010
001000
000100
001000
,  // measure 40
010000
000010
100000
000001
,  // measure 41
100000
100000
000100
100000
,  // measure 42
000010
000000
000000
001000
000001
000000
000000
000000
010000
000000
000000
000000
010000
000000
000000
000000
,  // measure 43
000001
000001
100000
001000
,  // measure 44
000100
000000
000000
000010
001000
000000
000000
000000
000001
000000
000000
000000
000001
000000
000000
000000
,  // measure 45
100000
100001
001000
100000
,  // measure 46
000001
000000
000000
001000
000100
000000
000000
000000
010000
000000
000000
000000
000010
000000
000000
000000
,  // measure 47
001000
001001
000100
100000
,  // measure 48
001000
000000
000000
000100
000010
000000
000000
000000
010000
000000
000000
000000
000001
000000
000000
000000
,  // measure 49
001000
001000
000100
000100
,  // measure 50
100000
001000
000100
000001
,  // measure 51
010000
010000
000010
000010
,  // measure 52
100000
001000
000100
001000
,  // measure 53
110000
110000
000010
001000
,  // measure 54
000100
001000
010000
100000
,  // measure 55
100001
100001
001000
000010
,  // measure 56
010000
001000
100000
000000
000100
000000
001000
000000
,  // measure 57
000011
000000
110000
000000
000100
000100
000100
000000
,  // measure 58
100000
000001
001000
000000
000100
010000
000001
000000
,  // measure 59
001000
000010
001000
000001
,  // measure 60
001000
000010
100000
001000
000010
000000
000000
000000
,  // measure 61
001000
010000
001000
100000
,  // measure 62
001000
010000
000001
001000
010000
000000
100001
000000
;

//---------------dance-solo - ----------------
#NOTES:
     dance-solo:
     :
     Hard:
     8:
     0.597,0.541,0.268,0.000,0.552,379.000,26.000,0.000,0.000,0.000:  // measure 1
000000
000000
000000
000000
,  // measure 2
000000
000000
000000
000000
,  // measure 3
000000
000000
000000
000000
,  // measure 4
000000
000000
000000
000000
,  // measure 5
000010
000000
000000
000010
001000
000000
000000
001000
000010
000000
000000
000010
001000
000000
000000
001000
,  // measure 6
000001
000000
000000
000001
000100
000000
000000
000100
000001
000000
000000
000001
000100
000000
000000
000100
,  // measure 7
001000
000000
000000
001000
010000
000000
000000
010000
001000
000000
000000
001000
010000
000000
000000
010000
,  // measure 8
000001
000000
000000
000001
100000
000000
000000
100000
000001
000000
000000
000001
100000
000000
000000
100000
,  // measure 9
000001
000000
000000
000001
001000
000000
000000
001000
000100
000000
000000
000100
100000
000000
000000
100000
,  // measure 10
001000
000000
000000
001000
010000
000000
000000
010000
000010
000000
000000
000010
100000
000000
000000
100000
,  // measure 11
001000
000000
000000
001000
000100
000000
000000
000100
000010
000000
000000
000010
100000
000000
000000
100000
,  // measure 12
000100
000000
000000
000100
001000
000000
000000
001000
000010
000000
000000
000010
010000
000000
000000
010000
,  // measure 13
000001
000000
000000
001000
000001
000000
000000
000000
100000
000000
000000
000000
001000
000000
000000
000000
,  // measure 14
000100
000000
000000
001000
000100
000000
000000
000000
000001
000000
000000
000000
010000
000000
000000
000000
,  // measure 15
000010
000000
000000
100000
000010
000000
000000
000000
001000
000000
000000
000000
000001
000000
000000
000000
,  // measure 16
010000
000000
000000
000010
000100
000000
000000
000000
000001
000000
000000
000000
100000
000000
000000
000000
,  // measure 17
000100
000000
000000
010000
001000
000000
000000
000000
100000
000000
000000
000000
001000
000000
000000
000000
,  // measure 18
000010
000000
000000
001000
100000
000000
000000
000000
000010
000000
000000
000000
001000
000000
000000
000000
,  // measure 19
000001
000000
000000
100000
000001
000000
000000
000000
001000
000000
000000
000000
000100
000000
000000
000000
,  // measure 20
010000
000000
000000
000100
100000
000000
000000
000000
001000
000000
000000
000000
000100
000000
000000
000000
,  // measure 21
000001
001000
000001
100000
001000
000100
001000
100000
,  // measure 22
000001
000001
100000
100000
100000
000000
000000
000000
,  // measure 23
000100
010000
001000
010000
001000
000000
100000
000000
,  // measure 24
000001
010000
001000
000100
000001
100000
001000
010000
,  // measure 25
000100
100100
000001
000101
,  // measure 26
100001
100100
010010
001000
,  // measure 27
000100
000010
001000
000010
001000
000000
000001
000000
,  // measure 28
100000
000010
001000
000100
100000
000001
001000
000010
,  // measure 29
000100
000101
100000
100100
,  // measure 30
010010
100001
000101
101000
,  // measure 31
000010
001000
000001
001000
000001
000000
010000
010000
,  // measure 32
001000
100000
000001
100000
000001
001000
000010
010000
,  // measure 33
000001
000001
000101
000000
001000
001000
011000
000000
,  // measure 34
010010
100001
101000
000001
,  // measure 35
010000
001000
100000
001000
100000
000000
000010
000010
,  // measure 36
001000
000001
100000
000001
100000
001000
010000
000001
,  // measure 37
100000
110000
001000
000011
,  // measure 38
100000
000000
100000
000000
000100
001000
000001
000000
,  // measure 39
100000
100100
010000
000101
,  // measure 40
000010
000000
000010
000000
100000
000100
001000
000000
,  // measure 41
000010
000000
000000
000010
000100
000000
000000
000100
000010
000000
000000
000010
000100
000000
000000
000000
,  // measure 42
000001
000000
000000
000001
001000
000000
000000
001000
000001
000000
000000
000001
001000
000000
000000
000000
,  // measure 43
000100
000000
000000
000100
010000
000000
000000
010000
000100
000000
000000
000100
010000
000000
000000
000000
,  // measure 44
000001
000000
000000
000001
100000
000000
000000
100000
000001
000000
000000
000001
100000
000000
000000
000000
,  // measure 45
000010
000000
000000
000010
000100
000000
000000
000100
001000
000000
000000
001000
010000
000000
000000
010000
,  // measure 46
000010
000000
000000
000010
000100
000000
000000
000100
000010
000000
000000
000010
001000
000000
000000
001000
,  // measure 47
100000
000000
000000
100000
001000
000000
000000
001000
000100
000000
000000
000100
010000
000000
000000
010000
,  // measure 48
000010
000000
000000
000010
001000
000000
000000
001000
000001
000000
000000
000001
100000
000000
000000
100000
,  // measure 49
000010
000000
000000
000010
000100
000000
000000
000100
001000
000000
000000
001000
100000
000000
000000
100000
,  // measure 50
000100
000000
000000
000100
010000
000000
000000
010000
000001
000000
000000
000001
100000
000000
000000
100000
,  // measure 51
000001
000000
000000
000001
001000
000000
000000
001000
000100
000000
000000
000100
100000
000000
000000
100000
,  // measure 52
000100
000000
000000
000100
001000
000000
000000
001000
000010
000000
000000
000010
010000
000000
000000
010000
,  // measure 53
000001
000000
000000
000001
001000
000000
000000
001000
000100
000000
000000
000100
100000
000000
000000
100000
,  // measure 54
001000
000000
000000
001000
000100
000000
000000
000100
000001
000000
000000
000001
100000
000000
000000
100000
,  // measure 55
001000
000000
000000
001000
000100
000000
000000
000100
000001
000000
000000
000001
001000
000000
000000
001000
,  // measure 56
000010
000000
000000
000010
010000
000000
000000
010000
000001
000000
000000
000001
001000
000000
000000
001000
,  // measure 57
000100
000000
000000
000100
010000
000000
000000
010000
000001
000000
000000
000001
000100
000000
000000
000100
,  // measure 58
001000
000000
000000
001000
010000
000000
000000
010000
000010
000000
000000
000010
100000
000000
000000
000000
,  // measure 59
001001
100000
001001
100000
,  // measure 60
001000
100000
001000
010000
001000
000100
001100
000000
,  // measure 61
000011
001000
110000
001000
,  // measure 62
000100
000001
000100
001000
000100
000000
100001
000000
;
