#TITLE:ABSOLUTE;
#SUBTITLE:;
#ARTIST:dj TAKA;
#TITLETRANSLIT:;
#SUBTITLETRANSLIT:;
#ARTISTTRANSLIT:;
#CREDIT:;
#BANNER:ABSOLUTE.png;
#BACKGROUND:ABSOLUTE-bg.png;
#LYRICSPATH:;
#CDTITLE:./CDTITLES/BEATMANIA IIDX.PNG;
#MUSIC:ABSOLUTE.mp3;
#OFFSET:-1.729;
#SAMPLESTART:20.020;
#SAMPLELENGTH:12.000;
#SELECTABLE:YES;
#BPMS:0.000=144.000,234.000=133.630,235.000=120.480,236.000=114.070,236.500=110.700,237.000=89.550,237.500=87.720,238.000=85.470,239.000=70.590,239.500=50.180;
#STOPS:;
#BGCHANGES:;
// cache tags:
#FIRSTBEAT:8.000;
#LASTBEAT:240.000;
#SONGFILENAME:Songs/DDI/ABSOLUTE/ABSOLUTE.sm;
#HASMUSIC:1;
#HASBANNER:1;
#MUSICLENGTH:110.001;
// end cache tags

//---------------dance-single - ----------------
#NOTES:
     dance-single:
     :
     Easy:
     3:
     0.186,0.191,0.009,0.000,0.000,142.000,1.000,0.000,0.000,0.000:
0000
0000
0000
0000
,
0000
0000
0000
0000
,
1000
0000
0001
0000
,
1000
0000
0001
0000
,
1000
0000
0001
0000
,
1000
0000
0001
0000
,
1000
0000
0010
0010
,
1000
0000
0100
0000
,
0001
0000
0010
0000
,
1000
0100
1000
0000
,
1000
0001
1000
0001
,
0000
0100
0000
0010
,
0000
0100
0000
0100
,
0000
1000
0000
0001
,
0000
1000
0000
0001
,
0000
0100
0000
1000
,
0000
0100
0000
0001
,
0000
0100
0000
1000
,
0000
1000
0100
0001
,
0000
0000
0000
1000
,
0010
0000
0010
0001
,
0000
0100
0000
0100
,
0010
0000
0010
0001
,
0000
1000
0000
1000
,
0100
0000
0100
0010
,
0000
0001
0000
0001
,
0010
0000
0010
0100
,
0000
0001
0000
1000
,
0001
0001
0000
1001
,
0000
0100
0000
0100
,
0000
0100
0000
0100
,
0000
0001
0001
0100
,
0100
0001
0001
1000
,
0000
0001
0000
0100
,
0000
1000
0000
0100
,
0000
1000
0100
0001
,
0100
0000
0100
0001
,
0000
1000
0000
0100
,
0000
0010
0010
0010
,
0000
0001
0000
0010
,
0000
0100
0100
0100
,
0000
0100
0000
0001
,
0000
1000
1000
1000
,
0000
1000
1000
0010
,
0010
0010
0100
0000
,
0000
0100
0000
0010
,
0000
0100
0010
0100
,
0000
1000
0000
0001
,
0000
1000
0001
1000
,
0000
1000
0000
0100
,
0000
1000
0100
1000
,
0000
0100
0100
0100
,
0100
0000
0001
0000
,
0000
0010
0010
0100
,
0000
0001
0000
0010
,
0000
0001
0010
0001
,
0000
0100
0000
0001
,
0000
0100
0001
0100
,
0000
1000
0000
0000
,
0010
0000
0010
0000
,
0010
0000
0000
0000
;

//---------------dance-single - ----------------
#NOTES:
     dance-single:
     :
     Medium:
     5:
     0.366,0.355,0.300,0.000,0.000,249.000,33.000,0.000,0.000,0.000:
0000
0000
0000
0000
,
0000
0000
0000
0000
,
1000
0000
0100
0000
0010
0000
0001
0100
,
1000
0100
0001
1000
,
0010
0000
0100
0000
1001
0000
0010
0001
,
1000
0100
0001
1100
,
1000
0100
0001
0100
1000
0000
1000
0100
,
0001
1000
0100
0010
,
0100
0001
0100
0010
,
0001
1000
0010
0100
,
0001
0000
0010
0000
0000
0001
1000
0000
,
1000
0001
1000
0000
1001
0000
0010
0001
,
0010
0000
0010
1001
,
1000
0100
1000
0000
0011
0000
0010
0100
,
0010
0000
0001
0110
,
0010
0001
1001
0010
,
1000
0000
1000
0011
,
0010
0001
0100
0000
0101
0000
0010
1000
,
0100
0100
1001
0100
,
1000
0100
0001
0100
1000
0000
1001
0000
,
0010
0000
0001
0000
0010
0100
1000
0000
,
1001
0000
0011
1100
,
0010
1000
0001
0000
0100
0001
1000
0000
,
0110
0000
1010
0101
,
0010
0100
0001
0000
0100
1000
0100
0000
,
1010
0000
1001
0110
,
0001
0010
1000
0000
0010
0100
0001
0100
,
1000
0000
0000
0000
,
0100
0010
0100
0001
1000
0000
0001
0000
,
1000
0000
0001
0000
,
1000
0000
0001
0100
,
0010
0100
0001
0000
1001
0000
0110
0000
,
1000
0100
0010
0100
1000
0000
1010
0000
,
0101
0000
1000
0000
,
0001
0000
1000
0010
,
0100
0001
1000
0000
0001
0000
0100
0000
,
1000
0100
0010
0001
0010
0000
1100
0000
,
1001
0000
1000
0000
,
0001
0000
1000
0000
,
0001
1000
0010
0001
,
0100
1000
0001
1000
,
0001
0000
0000
0000
,
0000
0100
0010
1000
,
0001
0000
0010
0000
,
0100
0000
0010
1001
,
0100
0000
1001
0000
1000
0100
1000
0000
,
0001
0000
1001
0000
1000
0100
0001
0000
,
0100
0000
1100
0000
1000
0010
1000
0000
,
0010
0000
0110
0000
0010
1000
0001
0000
,
0100
0000
0101
0000
0010
0001
1000
0000
,
0100
0000
1100
0000
0010
1000
0100
0000
,
1000
0000
0100
0000
,
0001
0100
0010
0000
,
0001
0100
0010
1000
0100
0000
0001
1000
,
0100
0000
0000
0010
0010
0010
0000
1000
,
0001
0010
0100
1000
0000
0010
1000
0100
,
0000
0000
0000
1000
1000
1000
0000
1000
,
0100
1000
0001
1000
0000
0001
0010
1000
,
0000
0000
0000
0010
0010
0010
0000
0100
,
0000
1000
0000
0001
0000
1000
0000
0010
,
0100
0000
0000
0000
;

//---------------dance-single - ----------------
#NOTES:
     dance-single:
     :
     Hard:
     8:
     0.414,0.464,0.073,0.000,0.077,311.000,8.000,0.000,0.000,0.000:
0000
0000
0000
0000
,
0000
0000
0000
0000
,
0100
0000
0000
0000
0000
0000
0000
0100
,
0010
0000
0000
0000
,
0001
0000
0000
0000
0000
0000
0000
0001
,
1000
0000
0000
0000
,
0010
0000
1000
0100
1000
0000
0001
0000
0100
0000
0000
0000
0001
0000
0010
0000
,
1000
0000
0000
0010
0000
0001
0000
0100
,
0000
0001
0000
0100
0000
1000
0000
0100
,
0000
0001
0000
1000
0000
0010
0000
0001
,
0000
0010
0000
1000
0000
0001
1000
0000
,
1000
0000
0100
0010
0100
0000
1000
0000
0001
0000
0000
0000
0001
0000
0010
0000
,
0001
0100
0010
1000
,
0100
0000
1000
0001
1000
0000
0010
0000
0100
0000
0000
0000
0010
0000
1000
0000
,
0100
0001
0100
1000
,
0010
0000
0100
0001
0100
0000
1000
0000
0100
0000
0000
0000
0001
0000
1000
0000
,
0010
1000
0100
0001
,
0100
0000
0010
0001
1000
0000
0100
0000
0010
0000
0000
0000
0001
0000
0100
0000
,
1000
0100
0010
1000
,
0010
0000
0000
0000
0001
0000
0000
0000
0000
0000
0001
0100
0000
0000
0010
0000
,
1000
0000
0000
0100
0000
0000
1000
0000
0010
0000
0000
0100
0000
0000
0001
0000
,
0100
1000
0100
0001
,
0010
0000
0000
0100
0000
0000
0001
0000
0100
0000
0000
0010
0000
0000
1000
0000
,
0001
1000
0010
0100
,
0001
0000
0000
0010
0000
0000
0100
0000
0001
0000
0000
0100
0000
0000
1000
0000
,
0010
0001
1000
0001
,
1000
0000
0000
0001
0000
0000
0100
0000
0001
0000
0000
1000
0000
0000
0100
0000
,
0001
0100
0010
0001
,
1000
0010
0100
1000
0100
0000
1001
0000
,
1000
0100
0001
0100
,
1000
0010
0100
0001
,
0001
1000
0010
0100
0001
0010
1000
0010
,
0100
1000
0010
1000
0001
0000
0110
0000
,
0010
1000
0100
1000
,
0001
0100
0010
1000
,
0010
0100
1000
0001
1000
0100
0010
0001
,
0010
0100
1000
0100
0010
0000
1001
0000
,
0100
0010
0001
0100
,
1000
0100
0010
0000
0001
0100
1000
0000
,
0010
0101
0010
1100
,
1000
0100
0001
0000
0001
0010
1000
0000
,
1000
0101
0010
1100
,
0010
0100
0100
0000
1000
0001
0001
0000
,
1000
0000
0100
0000
0001
0000
1000
1000
,
1000
0000
1001
0000
1000
0100
0010
0001
,
0010
0001
0100
1000
0100
0001
0010
1000
,
0010
0100
0001
0100
0010
0001
1000
0010
,
1000
0100
0010
0001
0100
0010
1000
0010
,
1000
0100
0001
0100
0010
0001
0100
0001
,
0100
0010
0100
0010
1000
0010
0100
0001
,
0100
0010
1000
0010
1000
0100
0010
0000
,
1000
0001
1000
0001
,
1000
0001
1000
0100
1000
0010
1000
0000
,
0001
0000
0010
0100
0010
0000
1000
0000
0001
0000
0000
0000
1000
0000
0100
0000
,
0001
0100
1000
0001
,
0100
0000
0001
1000
0001
0000
0100
0000
0010
0000
0000
0000
1000
0000
0100
0000
,
0010
0001
0100
0010
,
1000
0000
0010
0100
0001
0000
1000
0000
0001
0000
0000
0000
1000
0000
0100
0000
,
0010
0000
0000
0000
,
0100
0000
0001
0000
1000
0000
0100
0010
,
0001
0000
0000
0000
;

//---------------dance-double - ----------------
#NOTES:
     dance-double:
     :
     Easy:
     3:
     0.195,0.218,0.136,0.000,0.000,135.000,15.000,0.000,0.000,0.000:
00000000
00000000
00000000
00000000
,
00000000
00000000
00000000
00000000
,
00011000
00000000
00000100
00000000
,
00010000
00000000
01000000
00000000
,
00001000
00000000
00000100
00000000
,
00010000
00000000
01000000
00000000
,
00001000
00000000
00010000
00000000
,
00011000
00000000
00010000
00000000
,
00001000
00000000
00000100
00000000
,
00000001
00000000
00000100
00001000
,
00010000
00000000
00010000
00011000
,
00010000
00000000
01000000
10000000
,
00010000
00000000
00000000
00000000
,
01000000
00000000
00001000
00010000
,
00001000
00000000
00000000
00000000
,
00010000
00001000
00010000
00000010
,
00000100
00000000
00000000
00000000
,
00000001
00001000
00000001
00000010
,
00000100
00000000
00000100
00000000
,
00000100
00000000
00001000
00001001
,
00001000
00000000
00000100
00010000
,
00001000
00000000
00000000
00000000
,
00011000
00000000
01000000
00010000
,
10000000
00000000
00000000
00000000
,
10010000
00000000
00100000
00010000
,
00001000
00000000
00000000
00000000
,
00011000
00000000
00000100
00010000
,
00001000
00000000
00000000
00011000
,
00000000
00000000
00000000
00000000
,
00001000
00000000
00000100
00000000
,
00010000
00000000
01000000
00000000
,
00001000
00000100
00010000
01000000
,
00001000
00010000
00001000
00011000
,
00010000
00000000
01000000
00000000
,
10000000
00000000
01000000
00000000
,
00010000
01000000
10000000
01000000
,
10000000
00010000
10000000
10010000
,
00100000
00000000
00100000
00000000
,
00010000
00000000
00010000
00000000
,
00001000
00000000
00001000
00000000
,
00000100
00000000
00000100
00000000
,
00000001
00000001
00000010
00000010
,
00000100
00000100
00001000
00001000
,
00000100
00000000
00010000
00000000
,
00011000
00000000
00001000
00000000
,
00000100
00000000
00000010
00000000
,
00001000
00000000
00010000
00000000
,
00100000
00000000
01000000
00000000
,
10000000
00000000
00010000
00000000
,
01000000
00000000
00010000
00000000
,
00100000
00000000
00001000
00000000
,
00000100
00000000
00000001
00000000
,
00000100
00000000
00000100
00000000
,
00000110
00000000
00001000
00000100
,
00010000
00000000
00000000
00000000
,
00011000
00000000
00001000
01000000
,
00010000
00000000
00000000
00000000
,
10010000
00000000
01000000
00100000
,
01000000
00000000
00000000
00000000
,
01100000
00000000
10000000
01000000
,
00100000
00000000
00000000
00000000
;

//---------------dance-double - ----------------
#NOTES:
     dance-double:
     :
     Medium:
     5:
     0.294,0.355,0.100,0.000,0.000,215.000,11.000,0.000,0.000,0.000:
00000000
00000000
00000000
00000000
,
00000000
00000000
00000000
00000000
,
10000000
00000000
00010000
00000000
00100000
00000000
00001000
00010000
,
00000100
00000000
00000000
00000000
,
00001000
00000000
00000001
00000000
00000010
00000000
00000100
00001000
,
00000010
00000000
00000000
00000000
,
00010000
00000000
00001000
00000000
00100000
00000000
00010000
00100000
,
10000000
00000000
00000000
10000000
00000000
01000000
00000000
00100000
,
00000000
00010000
00000000
00100000
00000000
00001000
00000000
00010000
,
00000000
00000010
00000000
00010000
00000000
01000000
00000000
00001000
,
00000000
00000100
00000000
00010000
00000000
00001000
00011000
00000000
,
00001000
00000000
00100000
00000000
01000000
00000000
10000000
00010000
,
10000000
00000000
00000000
00000000
,
10000000
00000000
00100000
00000000
00010000
00000000
00010000
00001000
,
00010000
00000000
00000000
00000000
,
00010000
00000000
00000100
00000000
00000010
00000000
00001000
00000001
,
00001000
00000000
00000000
00000000
,
00000001
00000000
00000010
00000000
00000100
00000000
00001000
00000010
,
00000100
00000000
00000100
00000000
,
00001000
00000000
00001000
00011000
,
00010000
00100000
01000000
00000000
10000000
01000000
00010000
00000000
,
10010000
00000000
01000000
00010000
,
01000000
00001000
00010000
00000000
00000010
00001000
00000100
00000000
,
00001001
00000000
00000100
00000010
,
00000010
00000100
00000001
00000000
00001000
00000100
00000010
00000000
,
00001001
00000000
00000000
00000000
,
00000001
00000100
00001000
00000000
00010000
00001000
00010000
00000000
,
00011000
00000000
00010000
00000000
,
00001000
00000000
00010000
00011000
,
00001000
00000000
01000000
00000000
,
00010000
00000000
10000000
00000000
,
01000000
01000000
10000000
00010000
,
10000000
01000000
00100000
00001000
00010000
00000000
00000000
00000000
,
00001000
00000000
00000100
00000000
,
00000001
00000000
00000100
00000000
,
00001000
00000100
00000001
00000100
,
00000001
00000010
00000100
00010000
00001000
00000000
00000000
00000000
,
00001000
00100000
01000000
00100000
,
00001000
00000100
00010000
00000100
,
00001000
00000010
00000100
00001000
,
00000100
00000010
00000001
00000100
,
00010000
01000000
00100000
10010000
,
01000000
00010000
00001000
00010000
,
00011000
00000000
00001100
00000000
,
00001010
00000000
00000000
00000000
00000100
00010000
00001000
01000000
,
00100000
10000000
01000000
00100000
,
00010000
00100000
10000000
00100000
,
00010000
00000000
01000000
00000000
00001000
00000000
00001000
00000100
,
00000001
00000001
00000010
00000100
,
00001000
00000001
00000010
00001000
,
00010000
00100000
01000000
00100000
,
00010000
01000000
00010000
00100000
,
00100000
00010000
01000000
00000000
00001000
00000100
00000001
00000000
,
00000010
00000100
00001000
00000000
00000100
00000000
00010000
00001000
,
00100000
00000000
00000000
00000000
,
00010000
10000000
01000000
00000000
00100000
00000000
01000000
00010000
,
00001000
00000000
00000000
00000000
,
00000100
00000001
00001000
00000000
00000010
00000000
00000100
00001000
,
00010000
00000000
00000000
00000000
,
01000000
00010000
00100000
00001000
,
00001000
00000000
00000000
00000000
;

//---------------dance-double - ----------------
#NOTES:
     dance-double:
     :
     Hard:
     8:
     0.419,0.464,0.182,0.000,0.050,303.000,20.000,0.000,0.000,0.000:
00000000
00000000
00000000
00000000
,
00000000
00000000
00000000
00000000
,
10000000
00100000
01000000
00010000
00100000
00000000
00001000
00000100
,
00000001
00000000
00000000
00000000
,
00000001
00000100
00000010
00001000
00000100
00000000
00010000
00100000
,
10000000
00000000
00000000
00000000
,
10000000
01000000
00100000
01000000
00010000
00000000
00001000
00000100
,
00000010
00000000
00000000
00000100
00000000
00000010
00000000
00001000
,
00000000
00000100
00000000
00010000
00000000
00100000
00000000
00010000
,
00000000
01000000
00000000
00001000
00000000
00010000
00000000
00000100
,
00000000
00000010
00000000
00001000
00000000
00000001
00001000
00000000
,
00000100
00010000
00001000
00100000
00010000
00000000
00010000
01000000
,
00100000
00000000
10100000
10010000
,
00010000
00100000
00001000
00010000
00000100
00000000
00000010
00001000
,
00000100
00000000
00001100
00001001
,
00000010
00001000
00000100
00000001
00000100
00000000
00001000
00000100
,
00010000
00000000
01001000
00011000
,
00001000
00010000
00100000
01000000
00010000
00000000
10000000
01000000
,
00010000
00001000
00000100
00010000
,
01000000
00001000
00000100
00010000
,
00001000
00000000
00010000
00001000
00000000
00000000
00010000
00000000
01000000
00000000
00100000
01000000
00000000
00000000
10000000
00000000
,
00000000
00000000
00100000
01010000
,
00001000
00000000
00010000
00000100
00000000
00000000
00000010
00000000
00000001
00000000
00000100
00001000
00000000
00000000
00000100
00000000
,
00000000
00000000
00000000
00000000
00000100
00001000
00000100
00000000
,
00010000
00000000
01000000
00010000
00000000
00000000
00100000
00000000
01000000
00000000
00010000
00000100
00000000
00000000
00001000
00000000
,
00000000
00000000
00000000
00000000
00000010
00000001
00000100
00000000
,
00000010
00000000
00000100
00001000
00000000
00000000
00010000
00000000
01000000
00000000
10000000
01000000
00100000
00000000
00010000
00000000
,
00000000
00000000
00000000
00000000
,
00100000
00100000
01000000
01000000
00010000
10000000
10010000
00000000
,
01000000
00000000
00010000
00000000
,
10000000
00000000
00010000
00000000
,
10000000
01000000
00100000
00010000
01000000
00100000
00010000
00001000
,
00100000
00010000
00001000
00000100
00000010
00000000
00000110
00000000
,
00001001
00000000
00000001
00000000
,
00001000
00000000
00000001
00000000
,
00000001
00000010
00000100
00001000
00000010
00000100
00001000
00010000
,
00000100
00001000
00010000
00100000
01000000
00000000
10010000
00000000
,
10000000
00010000
00100000
01000000
00010000
00001000
00000010
00001000
,
00000010
00000001
00000100
00000010
00001001
00000000
00000110
00000000
,
00000100
00001000
00010000
01000000
10000000
01000000
00010000
01000000
,
00100000
01000000
00010000
01000000
01010000
00000000
01100000
00000000
,
00010000
00001000
00100000
00010000
01000000
00001000
00010000
00000010
,
00001000
00000100
00010000
00001000
00011000
00000000
00101000
00000000
,
00010000
00001000
00100000
00000000
00001000
00010010
00000000
00000000
,
00011000
00000000
00000000
00000000
00100000
00001000
00010000
00000010
,
00001000
00000000
00000100
00000000
00010000
00001000
00010000
00000000
,
00010000
00100000
10000000
00000000
10000000
01000000
00010000
00000000
,
00010000
00001000
00000100
00000000
00000100
00000010
00001000
00000000
,
00001000
00100000
01000000
00000000
01000000
00010000
10000000
00000000
,
10010000
00000000
01000000
00000000
00100000
00010000
01000000
00000000
,
01000000
00010000
10000000
00000000
10000000
01000000
00010000
00000000
,
00010000
00001000
00000100
00000000
00000100
00000001
00000100
00000000
,
00000100
00000010
00001000
00000001
00001000
00000100
00010000
00000000
,
00001000
00000000
00100000
00010000
00100000
00000000
00001000
00000000
00000100
00000000
00000000
00000000
00000001
00000000
00000100
00000000
,
00000010
00000000
00000000
00000000
00001000
00001000
00000001
00000000
,
00000010
00000000
00001000
00000100
00001000
00000000
00000010
00000000
00001000
00000000
00000000
00000000
00001000
00000000
01000000
00000000
,
00100000
00000000
00000000
00000000
,
00010000
00000000
00100000
01000000
00100000
00000000
10000000
00000000
01000000
00000000
00000000
00000000
00010000
00000000
00001000
00000000
,
00000010
00000000
00000000
00000000
,
00000001
00000000
00000100
00000000
00000010
00000000
00001000
00010000
,
01000000
00000000
00000000
00000000
;

//---------------dance-single - beginner----------------
#NOTES:
     dance-single:
     beginner:
     Beginner:
     1:
     0.178,0.218,0.127,0.000,0.000,123.000,14.000,0.000,0.000,0.000:
0000
0000
0000
0000
,
0000
0000
0000
0000
,
1000
0000
0001
0000
,
1000
0000
0001
0000
,
1000
0000
0001
0000
,
1000
0000
0001
0000
,
1000
0000
0001
0000
,
0100
0000
0100
0000
,
0010
0010
0010
0000
,
0100
0100
0100
0000
,
0010
0010
0010
0000
,
1000
0000
1000
0000
,
0100
0000
0100
0000
,
0001
0000
0001
0000
,
0100
0000
0100
0000
,
1000
0000
1000
0000
,
0100
0000
0100
0000
,
0001
0000
0001
0000
,
0100
0000
0100
0000
,
0100
0100
0100
0000
,
1000
0000
0100
0000
,
0001
0000
0100
0000
,
0001
0000
0100
0000
,
1000
0000
0100
0000
,
1000
0000
0100
0000
,
0001
0000
0100
0000
,
0001
0000
0100
0000
,
1000
0000
0100
0000
,
0100
0100
0100
0000
,
0001
0000
0000
0000
,
0001
0000
0000
0000
,
0001
0000
0001
0000
,
0001
0001
0001
0000
,
1000
0000
0000
0000
,
1000
0000
0000
0000
,
1000
0000
1000
0000
,
1000
1000
1000
1000
,
1000
0000
1001
0000
,
1000
0000
1001
0000
,
0010
0000
0110
0000
,
0010
0000
0110
0000
,
0001
0000
1001
0000
,
0001
0000
1001
0000
,
0010
0000
0110
0000
,
0010
0010
0010
0000
,
1000
0000
1001
0000
,
1000
0000
1001
0000
,
0010
0000
0110
0000
,
0010
0000
0110
0000
,
0001
0000
1001
0000
,
0001
0000
1001
0000
,
0010
0000
0110
0000
,
0010
0010
0010
0000
,
1000
0000
1000
0000
,
0100
0000
0100
0000
,
0001
0000
0001
0000
,
0100
0000
0100
0000
,
1000
0000
1000
0000
,
0100
0000
0100
0000
,
0001
0000
0001
0000
,
0001
0000
0000
0000
;
