#TITLE:Ready Steady Go;
#SUBTITLE:;
#ARTIST:Paul Oakenfold;
#TITLETRANSLIT:;
#SUBTITLETRANSLIT:;
#ARTISTTRANSLIT:;
#CREDIT:;
#BANNER:Ready Steady Go.png;
#BACKGROUND:Ready Steady Go-bg.png;
#LYRICSPATH:;
#CDTITLE:./CDTITLES/DANCE DANCE REVOLUTION ULTRAMIX.PNG;
#MUSIC:Ready Steady Go.mp3;
#OFFSET:-2.452;
#SAMPLESTART:24.950;
#SAMPLELENGTH:12.000;
#SELECTABLE:YES;
#DISPLAYBPM:64.000:256.000;
#BPMS:0.000=128.000,84.000=63.990,100.000=127.970,124.000=255.520,140.000=128.000;
#STOPS:;
#BGCHANGES:;
// cache tags:
#FIRSTBEAT:4.000;
#LASTBEAT:208.000;
#SONGFILENAME:Songs/DDI/Ready Steady Go/Ready Steady Go.sm;
#HASMUSIC:1;
#HASBANNER:1;
#MUSICLENGTH:106.239;
// end cache tags

//---------------dance-single - ----------------
#NOTES:
     dance-single:
     :
     Easy:
     7:
     0.280,0.365,0.047,0.188,0.000,183.000,5.000,20.000,0.000,0.000:  // measure 1
0000
0000
0000
0000
,  // measure 2
0020
0000
0000
0000
,  // measure 3
2000
0000
0000
0030
,  // measure 4
0002
0000
0000
3000
,  // measure 5
0000
0000
0100
0103
,  // measure 6
0010
0100
0001
0100
,  // measure 7
0001
1000
0100
1000
,  // measure 8
0110
0000
0001
1000
,  // measure 9
0100
0010
0001
0100
,  // measure 10
0001
0010
0001
1000
,  // measure 11
0100
1000
0010
0100
,  // measure 12
1001
0000
0100
0010
,  // measure 13
0100
0010
0100
1001
,  // measure 14
0010
0000
0010
0000
0010
1000
0010
0000
,  // measure 15
1000
0000
1000
0000
1000
0010
1000
0000
,  // measure 16
0001
0000
0001
0000
0001
0100
0001
0000
,  // measure 17
0100
0000
0100
0000
0100
0001
0100
0000
,  // measure 18
0001
0010
0001
1000
,  // measure 19
1000
0000
0010
0000
1000
0100
1000
0000
,  // measure 20
0001
0000
0100
0000
0001
0100
0001
0000
,  // measure 21
0010
0100
0010
1001
,  // measure 22
0020
0000
2000
0000
,  // measure 23
3000
0000
0000
0000
,  // measure 24
0000
0000
2000
0000
,  // measure 25
3000
0000
0000
0000
0000
0100
1030
0100
,  // measure 26
1000
1000
1000
1000
,  // measure 27
0100
0100
0100
0100
,  // measure 28
0010
0010
0010
0010
,  // measure 29
0001
0001
0001
0001
,  // measure 30
1000
0100
0010
0001
,  // measure 31
0010
0100
1000
0100
,  // measure 32
1000
0000
0100
0000
,  // measure 33
0010
0000
0001
0000
,  // measure 34
0010
0000
0100
0000
,  // measure 35
1000
0000
0100
0000
,  // measure 36
0002
0000
0100
0000
0100
0100
0103
0000
,  // measure 37
2000
0000
0100
0000
0100
0100
3100
0000
,  // measure 38
0002
0103
2000
3100
,  // measure 39
0020
0230
2300
3002
,  // measure 40
1003
1000
1000
0000
0001
0001
0001
0000
,  // measure 41
1000
0100
0010
0001
0010
0100
1000
0000
,  // measure 42
0010
1000
0001
0000
1000
0001
0100
0000
,  // measure 43
0010
0100
0010
0000
0100
0010
0100
0000
,  // measure 44
0001
0002
0000
0103
,  // measure 45
1000
2000
0000
3010
,  // measure 46
0001
0020
0000
0130
,  // measure 47
1000
0200
0000
0310
,  // measure 48
1000
1000
0100
1000
,  // measure 49
0001
0001
0100
0001
,  // measure 50
0010
0001
0100
0001
,  // measure 51
0010
1000
0100
1000
,  // measure 52
2002
0000
0000
3003
;

//---------------dance-single - ----------------
#NOTES:
     dance-single:
     :
     Medium:
     8:
     0.364,0.367,0.169,0.169,0.047,235.000,18.000,18.000,0.000,0.000:  // measure 1
0000
0000
0000
0000
,  // measure 2
2000
0000
0000
0010
,  // measure 3
0020
0000
3000
0100
,  // measure 4
0200
0000
0030
0001
,  // measure 5
0001
0000
0000
0000
0001
0001
0301
0000
,  // measure 6
1000
0001
0100
0000
0001
1000
0100
0000
,  // measure 7
1000
0010
0100
0000
0010
0100
0001
0000
,  // measure 8
0100
0001
0010
0000
0100
1000
0001
0000
,  // measure 9
1000
0100
0010
0001
0100
0001
1000
0000
,  // measure 10
0001
1000
0100
0000
1000
0001
0100
0000
,  // measure 11
0001
1000
0010
0000
1000
0001
0010
0000
,  // measure 12
0001
0100
0010
0100
0001
0100
0010
0100
,  // measure 13
0010
0100
0010
1000
0010
0000
0110
0000
,  // measure 14
1001
0000
1000
0100
0000
0001
0100
0000
,  // measure 15
0101
0000
0000
0010
0001
0000
1000
0000
,  // measure 16
1100
0000
0000
0010
1000
0000
0001
0000
,  // measure 17
0110
0000
0000
0001
1000
0000
0001
0000
,  // measure 18
0110
0000
0001
0010
0000
1000
0010
0000
,  // measure 19
1010
0000
0000
0100
1000
0000
0001
0000
,  // measure 20
0011
0000
0000
0100
0001
0000
1000
0000
,  // measure 21
1001
0000
0000
0010
0100
0000
0010
0000
,  // measure 22
2002
0000
0000
0000
0000
0000
3000
0000
0100
0000
0000
0000
0000
0000
0000
1000
,  // measure 23
2000
0000
0000
3000
,  // measure 24
0010
0000
0000
0000
0000
0000
0000
0100
0200
0000
0000
0000
0000
0000
0300
1000
,  // measure 25
2000
0000
0000
0000
3000
0100
1003
1000
,  // measure 26
0001
0010
0100
1000
,  // measure 27
1000
0100
1000
0100
,  // measure 28
0010
0001
0100
0000
0010
1000
0100
0000
,  // measure 29
1000
0001
0010
0000
0001
1000
0100
0000
,  // measure 30
0001
0100
0001
0100
0001
0010
0001
0000
,  // measure 31
1000
0010
1000
0010
1000
0100
1000
0000
,  // measure 32
0010
1000
0010
1000
,  // measure 33
0001
0100
0001
0100
,  // measure 34
0001
1000
0001
1000
,  // measure 35
0100
1000
0100
1000
,  // measure 36
0020
0000
0000
0000
0000
0000
0100
0000
0000
0100
0000
0000
0130
0000
0000
0000
,  // measure 37
0200
0000
0000
0000
0000
0000
0010
0000
0000
0010
0000
0000
0310
0000
0000
0000
,  // measure 38
0002
0000
0000
0000
0000
0000
1000
0000
0000
1000
0000
0000
1003
0000
0000
0000
,  // measure 39
2000
0000
0000
0000
0000
0000
0001
0000
0000
0001
0000
0000
3001
0000
0000
0000
,  // measure 40
0010
0000
0010
0000
0010
0000
1000
0000
0000
0001
0000
0000
0100
0000
0000
0000
,  // measure 41
0001
0000
0001
0000
0001
0000
0010
0000
0000
0100
0000
0000
0010
0000
0000
0000
,  // measure 42
0100
0000
0100
0000
0100
0000
1000
0000
0000
0001
0000
0000
0010
0000
0000
0000
,  // measure 43
1001
0110
1001
0110
,  // measure 44
0010
1000
0010
0100
0000
0100
0001
0000
,  // measure 45
2000
0000
0000
0010
0010
0000
3001
0000
,  // measure 46
0002
0000
0000
0100
0100
0000
1003
0000
,  // measure 47
0010
0100
0001
1000
0010
0100
0001
1000
,  // measure 48
0001
0010
0001
1000
0000
1000
0100
0000
,  // measure 49
0002
0000
0000
0010
0010
0000
1003
0000
,  // measure 50
2000
0000
0000
0100
0100
0000
3001
0000
,  // measure 51
0000
0101
1010
0110
,  // measure 52
2002
0000
0000
0000
,  // measure 53
3003
0000
0000
0000
;

//---------------dance-single - ----------------
#NOTES:
     dance-single:
     :
     Hard:
     9:
     0.473,0.612,0.122,0.273,0.198,310.000,13.000,29.000,0.000,0.000:  // measure 1
0000
0000
0000
0000
,  // measure 2
0200
0000
0000
0000
0000
0000
0001
0002
0000
0000
0000
0000
0300
0000
1000
2000
,  // measure 3
0000
0000
0000
0000
0003
0000
0010
0020
0000
0000
0000
0000
3000
0000
0100
0200
,  // measure 4
0000
0000
0000
0000
0030
0000
0001
0002
0000
0000
0000
0000
0300
0000
1000
2000
,  // measure 5
0000
3003
0110
1001
,  // measure 6
0010
0000
0010
0000
0001
0000
0000
0001
1000
0000
0001
0000
1000
0000
0000
1000
,  // measure 7
0001
0000
1000
0000
0001
0000
0000
0100
0010
0000
0100
0000
0010
0000
0000
0000
,  // measure 8
0100
0000
0100
0000
1000
0000
0000
0001
1000
0000
0001
0000
1000
0000
0000
1000
,  // measure 9
0001
0000
1000
0000
0001
0000
0000
0010
0100
0000
0010
0000
0100
0000
0000
0000
,  // measure 10
0010
0000
0010
0000
0010
0000
0000
0001
0100
0000
0100
0000
0100
0000
0000
0010
,  // measure 11
1000
0000
1000
0000
1000
0000
0000
0001
0100
0000
0100
0000
0100
0000
0000
0000
,  // measure 12
0010
0000
1000
0000
0010
0000
0000
0001
0100
0000
0001
0000
0100
0000
0000
0010
,  // measure 13
0001
0000
0010
0000
0001
0000
0000
0100
1000
0000
0100
0000
1000
0000
0000
0000
,  // measure 14
0010
0001
1000
0000
1000
0001
0100
0000
,  // measure 15
0010
1000
0010
0000
0100
1000
0100
0000
,  // measure 16
1000
1000
0100
0000
0001
0001
0100
0000
,  // measure 17
0010
0010
1000
0000
0100
0100
0001
0000
,  // measure 18
2000
0001
3001
0000
0002
1000
1003
0000
,  // measure 19
0200
1000
1300
0000
0020
0001
0031
0000
,  // measure 20
2000
0010
3010
0000
0002
1000
1003
0000
,  // measure 21
0020
0100
0130
0000
0200
0010
0310
0000
,  // measure 22
0020
0000
0000
0000
0000
0000
0000
0000
2000
0000
0000
0000
0030
0000
0000
0001
,  // measure 23
0002
0000
0000
3000
,  // measure 24
0200
0000
0000
0000
0003
0000
0000
0010
0020
0000
0000
0000
0300
0000
0000
1000
,  // measure 25
2000
0000
0000
0000
0030
0000
0000
0001
0002
0000
0000
0000
0000
0000
3003
0000
,  // measure 26
0010
1000
0010
1000
0010
1000
0010
1000
,  // measure 27
0001
1000
0001
1000
0001
1000
0001
1000
,  // measure 28
0100
0010
0100
0010
0100
0010
0100
0010
,  // measure 29
0100
1000
0100
1000
0100
1000
0100
0000
,  // measure 30
0010
0001
0010
0001
0010
0001
0010
0001
,  // measure 31
1000
0100
1000
0100
1000
0100
1000
0100
1000
0100
1000
0100
1000
0100
1000
0100
,  // measure 32
0010
0001
0010
0001
0010
0001
0010
0001
,  // measure 33
0010
0001
0010
0001
0010
0001
0010
0001
,  // measure 34
1000
0010
0100
0001
,  // measure 35
1000
0010
0100
0001
,  // measure 36
1000
0000
1000
0000
1000
0000
0010
0000
0000
1000
0000
0000
0001
0000
0000
0000
,  // measure 37
0001
0000
0001
0000
0001
0000
0010
0000
0000
0001
0000
0000
1000
0000
0000
0000
,  // measure 38
0010
0000
0010
0000
0010
0000
0100
0000
0000
0001
0000
0000
1000
0000
0000
0000
,  // measure 39
0100
0100
0100
0010
1000
0001
1000
0001
,  // measure 40
2000
0000
0010
0000
0010
0000
0010
0000
0000
0010
0000
0000
3010
0000
0000
0000
,  // measure 41
0002
0000
0100
0000
0100
0000
0100
0000
0000
0100
0000
0000
0103
0000
0000
0000
,  // measure 42
0020
0000
1000
0000
1000
0000
1000
0000
0000
1000
0000
0000
1030
0000
0000
0000
,  // measure 43
0101
1100
1010
0011
,  // measure 44
0010
0000
0010
0000
0001
0000
0000
0001
1000
0000
0001
0000
1000
0000
0000
1000
,  // measure 45
0001
0000
1000
0000
0001
0000
0000
0100
0010
0000
0100
0000
0010
0000
0000
0000
,  // measure 46
0100
0000
0100
0000
1000
0000
0000
0001
1000
0000
0001
0000
1000
0000
0000
1000
,  // measure 47
0001
0000
1000
0000
0001
0000
0000
0010
0100
0000
0010
0000
0100
0000
0000
0000
,  // measure 48
0010
1000
0010
0100
0000
0100
0001
0000
,  // measure 49
2010
0000
0000
0010
0010
0000
3001
0000
,  // measure 50
0102
0000
0000
0100
0100
0000
1003
0000
,  // measure 51
0101
1100
1010
0011
,  // measure 52
2002
0000
0000
0000
,  // measure 53
3003
0000
0000
0000
;

//---------------dance-double - ----------------
#NOTES:
     dance-double:
     :
     Easy:
     6:
     0.277,0.365,0.047,0.188,0.000,181.000,5.000,20.000,0.000,0.000:  // measure 1
00000000
00000000
00000000
00000000
,  // measure 2
00000020
00000000
00000000
00000000
,  // measure 3
00020000
00000000
00000000
00000030
,  // measure 4
00002000
00000000
00000000
00030000
,  // measure 5
00000000
00000000
00010000
00013000
,  // measure 6
00001000
01000000
00010000
01000000
,  // measure 7
00010000
10000000
01000000
10000000
,  // measure 8
00110000
01000000
00001000
00010000
,  // measure 9
00000010
00001000
00000001
00000100
,  // measure 10
00000001
00000010
00000001
00001000
,  // measure 11
00000100
00001000
00000010
00000100
,  // measure 12
00000010
00010000
00001000
00100000
,  // measure 13
01000000
00100000
01000000
10010000
,  // measure 14
00100000
00000000
10000000
00000000
00100000
10000000
00100000
00000000
,  // measure 15
00010000
00000000
01000000
00000000
00010000
01000000
00010000
00000000
,  // measure 16
10000000
00000000
00100000
00000000
10000000
00100000
10000000
00000000
,  // measure 17
01000000
00000000
00010000
00000000
01000000
00010000
01000000
00000000
,  // measure 18
00010000
00100000
00001000
00010000
,  // measure 19
00000010
00001000
00000010
00000100
,  // measure 20
00000001
00000100
00000001
00001000
,  // measure 21
00000010
00000100
00000010
00001001
,  // measure 22
00000020
00000000
00002000
00000000
,  // measure 23
00003000
00000000
00000000
00000000
,  // measure 24
00000000
00000000
00000200
00000000
,  // measure 25
00000300
00000000
00000000
00000000
00000000
00001000
00001030
00001000
,  // measure 26
00000001
00000001
00000001
00000010
,  // measure 27
00000100
00001000
00001000
00001000
,  // measure 28
00000100
00010000
00001000
00100000
,  // measure 29
00010000
00100000
00010000
01000000
,  // measure 30
00010000
00100000
01000000
10000000
,  // measure 31
01000000
00100000
00010000
10000000
,  // measure 32
00010000
10000000
00000000
01000000
,  // measure 33
00000000
00100000
00000000
00001000
,  // measure 34
00000000
00010000
00000000
00000100
,  // measure 35
00000000
00000010
00000000
00000001
,  // measure 36
00002000
00000000
00000100
00000000
00000100
00000100
00003100
00000000
,  // measure 37
00020000
00000000
00001000
00000000
00001000
00001000
00031000
00000000
,  // measure 38
00200000
00310000
00020000
01030000
,  // measure 39
00200000
02300000
03020000
20030000
,  // measure 40
30010000
00010000
00010000
00000000
01000000
01000000
01000000
00000000
,  // measure 41
00001000
00010000
00010000
00000100
,  // measure 42
00000010
00000001
00001000
00000000
00000001
00001000
00000100
00000000
,  // measure 43
00001000
00000010
00000100
00000000
00000001
00000010
00000100
00000000
,  // measure 44
00001000
00002000
00000000
00003010
,  // measure 45
00010000
00002000
00000000
00013000
,  // measure 46
00100000
00020000
00000000
00130000
,  // measure 47
10000000
02000000
00000000
03100000
,  // measure 48
10000000
00000000
10000000
01000000
00000000
00000000
00100000
00000000
,  // measure 49
00010000
00000000
00010000
01000000
00000000
00000000
00001000
00000000
,  // measure 50
00010000
00000000
00000100
00001000
00000000
00000000
00001000
00000000
,  // measure 51
00000010
00000000
00001000
00000100
00000000
00000000
00001001
00000000
,  // measure 52
00002002
00000000
00000000
00003003
;

//---------------dance-double - ----------------
#NOTES:
     dance-double:
     :
     Medium:
     8:
     0.362,0.367,0.169,0.179,0.047,232.000,18.000,19.000,0.000,0.000:  // measure 1
00000000
00000000
00000000
00000000
,  // measure 2
02000000
00000000
00000000
00010000
,  // measure 3
00002000
00000000
03000000
00100000
,  // measure 4
00020000
00000000
00003000
00000000
,  // measure 5
00001000
00000000
00001000
00000000
00001000
00001000
00031000
00000000
,  // measure 6
00100000
00001000
00010000
00000000
00010000
00000100
00001000
00000000
,  // measure 7
00001000
00000010
00000100
00000000
00000100
00000001
00000010
00000000
,  // measure 8
00000010
00000001
00000100
00000000
00000001
00001000
00000010
00000000
,  // measure 9
00010000
00001000
00100000
00010000
10000000
00010000
10000000
00000000
,  // measure 10
00010000
10000000
01000000
00000000
10000000
00010000
01000000
00000000
,  // measure 11
00001000
00010000
00000100
00000000
00001000
00000001
00000010
00000000
,  // measure 12
00000001
00000100
00000001
00000100
00000001
00001000
00000100
00001000
,  // measure 13
00000010
00010000
00001000
01000000
00010000
10000000
00100000
00000000
,  // measure 14
10010000
00000000
10000000
01000000
00000000
00010000
01000000
00000000
,  // measure 15
01010000
00000000
00000000
00100000
00010000
00000000
10000000
00000000
,  // measure 16
11000000
00000000
00000000
00100000
10000000
00000000
00010000
00000000
,  // measure 17
01100000
00000000
00000000
00001000
00010000
00000000
00000100
00000000
,  // measure 18
00001000
00000000
00000001
00000010
00000000
00001000
00000100
00000000
,  // measure 19
00001100
00000000
00000000
00000001
00001000
00000000
00000010
00000000
,  // measure 20
00001010
00000000
00000000
00010000
00001000
00000000
00100000
00000000
,  // measure 21
00110000
00000000
00000000
00100000
01000000
00000000
00100000
00000000
,  // measure 22
20020000
00000000
00000000
00000000
00000000
00000000
30000000
00000000
01000000
00000000
00000000
00000000
00000000
00000000
00000000
00100000
,  // measure 23
00200000
00000000
00000000
00330000
,  // measure 24
02000000
00000000
00000000
00000000
00000000
00000000
00000000
00010000
00020000
00000000
00000000
00000000
00030000
00000000
00000000
00010000
,  // measure 25
00020000
00000000
00000000
03030000
00000000
00011000
00001010
00001001
,  // measure 26
00000010
00000001
00000010
00000001
,  // measure 27
00001000
00000100
00001000
00000100
,  // measure 28
00000010
00000001
00000100
00000000
00000010
00001000
00000100
00000000
,  // measure 29
00010000
00001000
00100000
00000000
00010000
10000000
01000000
00000000
,  // measure 30
00010000
01000000
00010000
01000000
00010000
01000000
00010000
00000000
,  // measure 31
10000000
00100000
10000000
00100000
10000000
00100000
10000000
00000000
,  // measure 32
00100000
10000000
00100000
10000000
,  // measure 33
00010000
01000000
00010000
01000000
,  // measure 34
00001000
00010000
00001000
00010000
,  // measure 35
00000010
00001000
00000010
00001000
,  // measure 36
00000002
00000000
00000000
00000000
00000000
00000000
00000100
00000000
00000000
00000100
00000000
00000000
00000103
00000000
00000000
00000000
,  // measure 37
00002000
00000000
00000000
00000000
00000000
00000000
00000010
00000000
00000000
00000010
00000000
00000000
00003010
00000000
00000000
00000000
,  // measure 38
00000200
00000000
00000000
00000000
00000000
00000000
00010000
00000000
00000000
00010000
00000000
00000000
00010300
00000000
00000000
00000000
,  // measure 39
00002000
00000000
00000000
00000000
00000000
00000000
00100000
00000000
00000000
00100000
00000000
00000000
00103000
00000000
00000000
00000000
,  // measure 40
00010000
00000000
00010000
00000000
00010000
00000000
10000000
00000000
00000000
10000000
00000000
00000000
01000000
00000000
00000000
00000000
,  // measure 41
00100000
00000000
00100000
00000000
00100000
00000000
00001000
00000000
00000000
00010000
00000000
00000000
00000010
00000000
00000000
00000000
,  // measure 42
00000100
00000000
00000100
00000000
00000100
00000000
00000001
00000000
00000000
00001000
00000000
00000000
00000010
00000000
00000000
00000000
,  // measure 43
00000100
00000110
00001001
00000110
,  // measure 44
00000010
00001000
00000010
00010000
00000000
00010000
00001000
00000000
,  // measure 45
02000000
00000000
00000000
00010000
00010000
00000000
03100000
00000000
,  // measure 46
20000000
00000000
00000000
00100000
00100000
00000000
30010000
00000000
,  // measure 47
00100000
00001000
00010000
00000010
,  // measure 48
00001000
00000010
00001000
00000100
00000000
00000100
00000010
00000000
,  // measure 49
00000002
00000000
00000000
00000010
00000010
00000000
00001003
00000000
,  // measure 50
00000200
00000000
00000000
00001000
00001000
00000000
00001300
00000000
,  // measure 51
00000000
00000101
00000011
00001010
,  // measure 52
00022000
00000000
00000000
00000000
,  // measure 53
00033000
00000000
00000000
00000000
;

//---------------dance-double - ----------------
#NOTES:
     dance-double:
     :
     Hard:
     9:
     0.475,0.612,0.141,0.273,0.193,309.000,15.000,29.000,0.000,0.000:  // measure 1
00000000
00000000
00000000
00000000
,  // measure 2
00200000
00000000
00000000
00000000
00000000
00000000
00001000
00002000
00000000
00000000
00000000
00000000
00300000
00000000
00010000
00020000
,  // measure 3
00000000
00000000
00000000
00000000
00003000
00000000
00000010
00000020
00000000
00000000
00000000
00000000
00030000
00000000
00001000
00002000
,  // measure 4
00000000
00000000
00000000
00000000
00000030
00000000
00000100
00000200
00000000
00000000
00000000
00000000
00003000
00000000
00010000
00020000
,  // measure 5
00000000
00030300
00101000
01010000
,  // measure 6
00100000
00000000
00100000
00000000
10000000
00000000
00000000
10000000
00010000
00000000
10000000
00000000
00010000
00000000
00000000
00010000
,  // measure 7
10000000
00000000
00010000
00000000
10000000
00000000
00000000
10000000
00010000
00000000
01000000
00000000
00001000
00000000
00000000
00000000
,  // measure 8
00010000
00000000
00000100
00000000
00001000
00000000
00000000
00000001
00001000
00000000
00000001
00000000
00001000
00000000
00000000
00001000
,  // measure 9
00000001
00000000
00001000
00000000
00000001
00000000
00000000
00000010
00000100
00000000
00000010
00000000
00000100
00000000
00000000
00000000
,  // measure 10
00000001
00000000
00000001
00000000
00000001
00000000
00000000
00000010
00000100
00000000
00000100
00000000
00000100
00000000
00000000
00010000
,  // measure 11
00001000
00000000
00001000
00000000
00001000
00000000
00000000
01000000
00010000
00000000
00010000
00000000
00010000
00000000
00000000
00000000
,  // measure 12
10000000
00000000
00100000
00000000
10000000
00000000
00000000
00010000
01000000
00000000
00010000
00000000
01000000
00000000
00000000
00000000
,  // measure 13
00010000
01000000
00001000
00010000
00001100
00000000
00001001
00000000
,  // measure 14
00000010
00000001
00001000
00000000
00001000
00000001
00000100
00000000
,  // measure 15
00000001
00001000
00000010
00000000
00010000
00001000
00100000
00000000
,  // measure 16
00010000
10000000
01000000
00000000
00010000
01000000
00010000
00000000
,  // measure 17
01000000
00001000
00010000
00000000
00000010
00001000
00000001
00000000
,  // measure 18
00002000
00000001
00003001
00000000
00000002
00001000
00001003
00000000
,  // measure 19
00002000
00000100
00003100
00000000
00020000
00001000
00031000
00000000
,  // measure 20
02000000
00100000
03100000
00000000
00200000
01000000
01300000
00000000
,  // measure 21
00020000
01000000
01030000
00000000
20000000
01000000
31000000
00000000
,  // measure 22
00200000
00000000
00000000
00000000
00000000
00000000
00000000
00000000
00002000
00000000
00000000
00000000
00300000
00000000
00000000
00010000
,  // measure 23
00020000
00000000
00000000
00003000
,  // measure 24
00000020
00000000
00000000
00000000
00030000
00000000
00000000
00001000
00002000
00000000
00000000
00000000
00000030
00000000
00000000
00000001
,  // measure 25
00000002
00000000
00000000
00000000
00003000
00000000
00000000
00000100
00000200
00000000
00000000
00000000
00000303
00000000
00000000
00000000
,  // measure 26
00000010
00000001
00000010
00000001
00000010
00000001
00000010
00000001
,  // measure 27
00001000
00000100
00001000
00000100
00001000
00000100
00001000
00000100
,  // measure 28
00010000
00001000
00010000
00001000
00010000
00001000
00010000
00001000
,  // measure 29
01000000
00010000
01000000
00010000
01000000
00010000
01000000
00000000
,  // measure 30
00001000
00010000
00001000
00010000
00001000
00010000
00001000
00010000
,  // measure 31
00001000
00010000
00001000
00010000
00001000
00010000
00001000
00010000
00001000
00010000
00001000
00010000
00001000
00010000
00001000
00010000
,  // measure 32
00001000
00010000
00001000
00010000
00001000
00010000
00001000
00010000
,  // measure 33
00001000
00010000
00001000
00010000
00001000
00010000
00001000
00010000
,  // measure 34
00001000
00010000
00000010
00001000
,  // measure 35
00000001
00000100
00000010
00001000
,  // measure 36
00000001
00000000
00000001
00000000
00000001
00000000
00000010
00000000
00000000
00000100
00000000
00000000
00001000
00000000
00000000
00000000
,  // measure 37
00001000
00000000
00001000
00000000
00001000
00000000
00000001
00000000
00000000
00000010
00000000
00000000
00000100
00000000
00000000
00000000
,  // measure 38
00010000
00000000
00010000
00000000
00010000
00000000
00001000
00000000
00000000
00100000
00000000
00000000
00010000
00000000
00000000
00000000
,  // measure 39
01000000
01000000
01000000
00100000
10000000
00010000
10000000
00010000
,  // measure 40
20000000
00000000
00100000
00000000
00100000
00000000
00100000
00000000
00000000
00100000
00000000
00000000
30100000
00000000
00000000
00000000
,  // measure 41
00020000
00000000
01000000
00000000
01000000
00000000
01000000
00000000
00000000
01000000
00000000
00000000
01030000
00000000
00000000
00000000
,  // measure 42
00002000
00000000
00010000
00000000
00010000
00000000
00010000
00000000
00000000
00010000
00000000
00000000
00013000
00000000
00000000
00000000
,  // measure 43
00001010
00000011
00000101
00001100
,  // measure 44
00000010
00000000
00000010
00000000
00000001
00000000
00000000
00000001
00001000
00000000
00000010
00000000
00000100
00000000
00000000
00000010
,  // measure 45
00010000
00000000
00001000
00000000
01000000
00000000
00000000
00100000
10000000
00000000
10000000
00000000
00010000
00000000
00000000
01000000
,  // measure 46
00001000
00000000
00010000
00000000
00000100
00000000
00000000
00001000
00000010
00000000
00000100
00000000
00000001
00000000
00000000
00000100
,  // measure 47
00000001
00000000
00001000
00000000
00000010
00000000
00000000
00001000
00000100
00000000
00010000
00000000
00001000
00000000
00000000
00000000
,  // measure 48
00100000
00010000
00100000
01000000
00000000
01000000
10000000
00000000
,  // measure 49
21000000
00000000
00000000
00100000
00100000
00000000
30010000
00000000
,  // measure 50
01020000
00000000
00000000
01000000
01000000
00000000
10030000
00000000
,  // measure 51
01010000
00011000
00001100
00000101
,  // measure 52
00000220
00000000
00000000
00000000
,  // measure 53
00000330
00000000
00000000
00000000
;
