#TITLE:Girls & Boys;
#SUBTITLE:(Pet Shop Boys 7" remix);
#ARTIST:Blur;
#TITLETRANSLIT:;
#SUBTITLETRANSLIT:;
#ARTISTTRANSLIT:;
#CREDIT:;
#BANNER:Girls & Boys (Pet Shop Boys 7'' Remix).png;
#BACKGROUND:Girls & Boys (Pet Shop Boys 7'' Remix)-bg.png;
#LYRICSPATH:;
#CDTITLE:cd.png;
#MUSIC:Girls & Boys (Pet Shop Boys 7'' Remix).mp3;
#OFFSET:-8.059;
#SAMPLESTART:47.895;
#SAMPLELENGTH:12.000;
#SELECTABLE:YES;
#BPMS:0.000=120.060;
#STOPS:;
#BGCHANGES:;
// cache tags:
#FIRSTBEAT:0.000;
#LASTBEAT:145.000;
#SONGFILENAME:Songs/DDI/Girls & Boys (Pet Shop Boys 7'' Remix)/Girls & Boys (Pet Shop Boys 7'' Remix).sm;
#HASMUSIC:1;
#HASBANNER:1;
#MUSICLENGTH:87.048;
// end cache tags

//---------------dance-single - Basic----------------
#NOTES:
     dance-single:
     Basic:
     Easy:
     2:
     0.158,0.208,0.011,0.057,0.000,90.000,1.000,5.000,0.000,0.000:
0000
0000
0000
0000
,
0000
0000
0000
0000
,
0001
0001
0001
0001
,
0000
0000
2000
0000
,
3010
0100
0010
0000
,
1000
0000
0010
0000
,
0001
1000
0001
0000
,
0100
0000
0010
0000
,
1000
0010
1000
0000
,
0100
0000
0010
0001
,
0010
0000
1000
0000
,
0010
0000
1000
1000
,
0001
0010
0100
1000
,
0000
1000
0000
0100
,
0010
0100
0010
0000
,
1000
0000
0001
0000
,
0010
1000
0001
0100
,
0000
0001
0000
1000
,
0001
1000
0001
0000
,
0010
0000
0100
1000
,
0010
0000
0001
0000
,
1000
0000
0010
0000
,
0100
0000
0001
0000
,
0010
0000
1000
0000
,
0100
0001
0100
0001
,
0010
0100
1000
0010
,
0002
0000
0000
0000
,
0000
0000
1003
0010
,
0100
0100
0100
0010
,
0010
0000
0001
0000
,
1000
1000
1000
0001
,
0001
0000
1000
0000
,
0200
0000
0000
0000
,
0000
0000
0300
0000
,
0001
1000
0010
0100
,
0001
1000
0010
0100
,
2002
3003
0000
0000
;

//---------------dance-single - Trick----------------
#NOTES:
     dance-single:
     Trick:
     Medium:
     4:
     0.269,0.271,0.126,0.092,0.000,145.000,11.000,8.000,0.000,0.000:













1000
0000
0010
0000
,
0100
0000
0001
0000
,
1010
0000
1001
0000
1000
0000
0010
0010
,
0000
0110
0000
0000
0002
0000
0000
0000
,
1003
1000
0010
0001
,
0001
0010
1000
0010
,
0001
0100
1000
0000
0010
0000
0100
0000
,
1000
0010
0100
0001
,
0010
0100
0010
0000
1000
0000
0100
0000
,
0010
0000
1000
0000
0001
1000
0001
0000
,
0100
0000
0010
0100
,
0010
0000
0100
0010
0100
0010
0100
0000
,
0010
0001
0100
0001
,
0100
1000
0100
0001
,
0010
1000
0010
0000
1000
0000
0100
0000
,
0001
1000
0010
0100
,
0001
1000
0100
0000
0001
0000
1000
0000
,
0100
1000
0010
1000
,
0020
0000
2030
0000
,
3001
0000
0010
0000
0001
1000
0001
0000
,
0100
0010
0100
0010
0000
1000
0100
1000
,
0000
0001
0100
0001
0000
1000
0010
1000
,
0000
0001
0010
0001
0000
1000
0001
1000
,
0000
0010
0100
0010
0000
0000
0001
0000
,
0100
0100
0000
0100
0000
0010
0000
0100
,
0000
0010
0000
0001
1000
0000
1000
0000
,
2000
0000
3002
0000
,
0103
1000
0100
0001
,
0011
0000
0011
0000
1000
0000
0001
0001
,
0000
1100
0000
0000
0010
0000
0100
0000
,
1010
0000
1010
0000
0001
0000
0100
0100
,
0000
0110
0000
0000
1000
0000
0100
0000
,
2000
0000
0000
0000
,
0000
3000
0100
0000
,
0010
0000
0100
0000
0010
0000
0100
0010
,
0000
0100
0000
0000
0101
0000
0010
0000
,
0220
0330
0000
0000;

//---------------dance-single - Maniac----------------
#NOTES:
     dance-single:
     Maniac:
     Hard:
     6:
     0.345,0.354,0.207,0.057,0.000,187.000,18.000,5.000,0.000,0.000:















1000
1000
1000
1000
,
1000
1000
0100
0010
,
0101
0000
1001
0000
1100
0000
1000
0100
,
0000
0101
0000
0000
0020
0000
0000
0000
,
1030
0100
1000
0010
0100
0000
1000
0000
,
0100
0000
0010
0000
0100
0000
0001
1000
,
0010
0100
0001
1000
0001
0000
0010
0000
,
0001
1000
0001
0010
,
0100
0001
1000
0001
0010
0000
1000
0000
,
0010
0000
0100
0000
1000
0010
0100
0001
,
0200
0001
0010
0001
,
0310
0000
1000
0010
0010
0100
0100
0000
,
0001
0010
0100
1000
0000
0001
1000
0000
,
0010
1000
0100
0001
,
1000
0010
1000
0001
1000
0000
0010
0000
,
0100
0010
1000
0001
,
0010
1000
0001
1000
0000
0010
1000
0000
,
0001
0000
0100
0000
0010
1000
0100
0001
,
0100
1000
0100
0001
0100
1000
0100
0001
,
0100
0000
0010
0000
1000
0010
0100
0000
,
0010
1000
0001
0100
0000
0010
1000
0100
,
0000
0010
0001
0100
0000
0010
1000
0001
,
0000
0100
0001
1000
0000
0010
0001
1000
,
0000
0100
0010
0001
0000
0000
0010
0000
,
0001
0010
0000
1100
0000
0101
0000
0001
,
0000
0100
0000
1000
0001
0000
1000
0000
,
0100
1000
0001
0100
0010
1000
0010
0100
,
0001
0010
0100
1000
0001
1000
0010
0000
,
1010
0000
0110
0000
0101
0000
0001
0001
,
0000
1001
0000
0001
0100
0000
1000
0000
,
0011
0000
1100
0000
0011
0000
0100
0010
,
0000
1001
0000
0010
1000
0000
0010
0000
,
0002
1000
0010
0100
,
2003
0010
0100
3001
,
0110
0000
1001
0000
1100
0000
0001
0001
,
0000
1010
0000
0100
0001
0000
0100
0001
,
2000
3000
0000
0000;
