#TITLE:No Pulse;
#SUBTITLE:;
#ARTIST:Glis;
#TITLETRANSLIT:;
#SUBTITLETRANSLIT:;
#ARTISTTRANSLIT:;
#CREDIT:;
#BANNER:No Pulse-bn.png;
#BACKGROUND:No Pulse-bg.png;
#LYRICSPATH:No Pulse.lrc;
#CDTITLE:sporktitles4.png;
#MUSIC:No Pulse.mp3;
#OFFSET:-0.051;
#SAMPLESTART:59.106;
#SAMPLELENGTH:14.776;
#SELECTABLE:YES;
#BPMS:0.000=129.980,128.000=122.500,129.000=129.980,192.000=121.500,193.000=129.980;
#STOPS:;
#BGCHANGES:;
// cache tags:
#FIRSTBEAT:14.500;
#LASTBEAT:228.000;
#SONGFILENAME:Songs/DDI/No Pulse/No Pulse.sm;
#HASMUSIC:1;
#HASBANNER:1;
#MUSICLENGTH:107.266;
// end cache tags

//---------------dance-single - ----------------
#NOTES:
     dance-single:
     :
     Beginner:
     1:
     0.148,0.213,0.028,0.093,0.000,98.000,3.000,10.000,0.000,0.000:
0000
0000
0000
0000
,
0000
0000
0000
0000
,
0000
0000
0000
0000
,
0000
0000
0000
0000
,
2002
0000
0000
0000
,
3003
0000
0000
0000
,
0200
0000
0300
0000
,
0020
0000
0030
0000
,
1000
0000
1000
0000
,
0001
0000
0001
0000
,
0010
0000
0010
0000
,
0100
0000
0001
0000
,
1000
0000
1000
0000
,
0010
0000
0010
0000
,
0100
0000
0100
0000
,
0010
0000
0001
0000
,
1000
0000
0010
0000
,
1000
0000
0100
0000
,
0010
0000
0010
0000
,
0100
0000
0100
0000
,
1000
0000
0001
0000
,
1000
0000
0010
0000
,
0100
0000
0100
0000
,
0010
0000
0010
0000
,
2000
0000
3000
0000
,
0001
0000
0100
0000
,
0001
0001
0001
0000
,
1000
1000
1000
0000
,
0002
0000
0003
0000
,
1000
0000
0010
0000
,
1000
1000
1000
0000
,
2002
0000
3003
0000
,
0001
0001
0000
0000
,
1000
0000
0001
0000
,
0100
0100
0100
0000
,
0010
0010
0010
0000
,
1000
1000
0000
0000
,
0001
0000
1000
0000
,
0010
0010
0010
0000
,
0100
0100
0100
0000
,
0001
0000
0001
0000
,
1000
0000
1000
0000
,
0100
0000
0100
0000
,
0010
0000
1000
0000
,
0001
0000
0001
0000
,
0100
0000
0100
0000
,
0010
0000
0010
0000
,
0100
0000
1000
0000
,
0001
0000
0000
0000
,
1000
0000
0001
0000
,
1000
0000
0000
0000
,
0010
0000
0000
0000
,
0100
0000
0000
0000
,
0001
0000
1000
0000
,
0001
0000
0000
0000
,
0100
0000
0000
0000
,
2002
0000
0000
0000
,
3003
0000
0000
0000
;

//---------------dance-single - ----------------
#NOTES:
     dance-single:
     :
     Easy:
     4:
     0.269,0.266,0.112,0.252,0.000,163.000,12.000,27.000,0.000,0.000:
0000
0000
0000
0000
,
0000
0000
0000
0000
,
0000
0000
0000
0000
,
0000
0000
0000
0000
,
0001
1000
1000
1000
,
0010
0100
0100
0001
,
1000
0001
0001
0001
,
0100
0010
0010
1000
,
0002
0000
0013
0100
,
2000
0000
3001
1000
,
0002
0000
0103
0010
,
2000
0000
3002
0000
,
2003
0000
3010
0100
,
0002
0000
1003
0001
,
2000
0000
3100
0010
,
0002
0000
2003
0000
,
3001
0100
0010
1010
,
0000
0010
0100
0101
,
0000
0001
0010
0100
,
1000
0010
0100
1001
,
1000
0100
0010
0011
,
0000
0010
0100
1100
,
0000
1000
0010
0100
,
0001
0010
0100
1001
,
1000
0100
0010
0001
,
1000
0010
0100
0001
,
2000
0000
0000
0000
,
3002
0000
0000
0000
,
1003
0010
0100
0001
,
1000
0100
0010
0001
,
2000
0000
0000
0000
,
3002
0000
0000
0000
0100
0100
0103
0000
,
1001
1001
0000
0000
,
0010
0001
1000
0000
,
0010
0100
0010
0100
,
0001
1000
0100
0010
,
1001
1001
0000
0000
,
0100
1000
0001
0000
,
0100
0010
0100
0010
,
1000
0100
0010
0001
,
2000
0000
3010
0100
,
0002
0000
1003
0001
,
2000
0000
3100
0010
,
0002
0000
2003
0000
,
3002
0000
0013
0100
,
2000
0000
3001
1000
,
0002
0000
0103
0010
,
2000
0000
3002
0000
,
1003
0100
0100
0000
,
0100
0000
1000
0010
,
0100
0001
0001
0000
,
0001
0000
1000
0110
,
0001
0010
0010
0000
,
0010
0000
0100
1000
,
0010
1000
1000
0000
,
0200
0000
0000
0000
0010
0010
0310
0000
,
2002
0000
0000
0000
,
3003
0000
0000
0000
;

//---------------dance-single - ----------------
#NOTES:
     dance-single:
     :
     Medium:
     6:
     0.372,0.345,0.103,0.140,0.000,253.000,11.000,15.000,0.000,0.000:
0000
0000
0000
0000
,
0000
0000
0000
0000
,
0000
0000
0000
0000
,
0000
0000
0000
0000
,
0001
0100
0001
0100
,
0010
0000
1000
0000
0100
0000
0010
0100
,
1000
0010
1000
0010
,
0100
0000
0001
0000
0010
0100
1000
0010
,
0100
0000
0001
0000
0010
0000
0010
0001
,
0100
0000
0010
0000
1000
0000
1000
0010
,
0100
0000
0001
0000
0100
0000
0100
0001
,
0010
0000
0100
0000
0010
0001
1000
0010
,
0100
0000
0001
0000
0010
0000
0010
0001
,
0100
0000
0010
0000
1000
0000
1000
0010
,
0100
0000
0010
0000
0100
0000
0100
0001
,
2000
0000
0000
0000
3001
0100
0010
1000
,
0001
0010
0100
1001
,
0010
0001
0100
1001
,
0010
0000
1000
0100
0010
0000
0010
0000
,
0001
0000
0100
0010
1000
0001
0010
0100
,
1000
0010
0100
1001
,
0100
0001
0010
1001
,
0100
0000
0001
0010
0100
0000
0100
0000
,
1000
0000
0010
0100
0001
1000
0100
0010
,
0001
1000
0010
2001
,
3010
1000
0100
0010
,
0002
0010
0010
1003
,
2000
0000
0010
0000
0010
0000
3001
0100
,
0010
1000
0100
1002
,
0103
0001
0010
0100
,
2000
0010
0010
3001
,
0002
0000
0000
0000
0013
0001
0100
0000
,
1001
1001
0010
1000
,
0001
0100
0010
0100
0001
0000
1000
0000
,
0001
0010
0001
0000
1000
0100
1000
0000
,
0010
0000
0100
0001
0010
0000
0100
0000
,
1001
1001
0100
0001
,
1000
0100
0010
0100
1000
0000
0001
0000
,
1000
0010
1000
0000
0001
0100
0001
0000
,
0010
0000
0100
1000
0010
0000
0100
0001
,
1000
0000
0100
0000
0010
0000
0010
0001
,
1000
0000
0010
0000
1000
0000
1000
0001
,
0100
0000
0010
0000
0100
0000
0100
0010
,
1000
0000
0001
0000
0010
0001
0100
0010
,
1000
0000
0001
0000
0010
0000
0010
0100
,
1000
0000
0010
0000
0100
0000
0100
0010
,
1000
0000
0001
0000
1000
0000
1000
0010
,
0100
0000
0001
0000
0010
0001
0100
0010
,
1000
0000
0001
0000
0010
0000
0010
0200
,
0000
0000
1300
0000
0010
0000
0010
0200
,
0000
0000
0301
0000
1000
0000
1000
0020
,
0000
0000
0130
0000
0001
0010
0100
1000
,
0001
0000
0010
0000
0001
0000
0001
0200
,
0000
0000
0310
0000
1000
0000
1000
0200
,
0000
0000
0310
0000
0001
0000
1000
0020
,
0000
0000
0030
0000
1000
0001
0100
0000
,
2002
0000
0000
0000
,
3003
0000
0000
0000
;

//---------------dance-single - ----------------
#NOTES:
     dance-single:
     :
     Hard:
     9:
     0.561,0.558,0.065,0.158,0.340,397.000,7.000,17.000,0.000,0.000:
0000
0000
0000
0000
,
0000
0000
0000
0000
,
0000
0000
0000
0000
,
0000
0000
0000
0000
0000
0000
0000
0000
0000
0000
0010
0000
0000
0000
0010
1000
,
0010
1000
0001
0100
,
0010
0000
1000
0000
0001
0000
0100
0001
,
0010
0100
1000
0001
,
0100
0000
0000
0000
0010
0000
0000
0000
0100
0000
0001
0000
1000
0000
0001
0100
,
0001
0000
1000
0010
0000
0001
0000
0010
1000
0000
0100
0000
0010
0000
0001
0010
,
0001
0000
1000
0100
0000
0001
0000
0100
1000
0000
0010
0000
0100
0000
0001
1000
,
0001
0000
1000
0010
0000
0100
0000
0001
1000
0000
0100
0000
0010
0000
0001
1000
,
0001
0000
1000
0001
0000
0010
0000
0100
0010
0000
0100
0000
0100
0000
0010
0001
,
1000
0000
0001
0010
0000
1000
0000
0010
0001
0000
0100
0000
0010
0000
1000
0010
,
1000
0000
0001
0100
0000
1000
0000
0100
0001
0000
0010
0000
0100
0000
1000
0001
,
1000
0000
0001
0100
0000
0010
0000
1000
0001
0000
0010
0000
0100
0000
1000
0001
,
1000
0000
0001
1000
0000
0010
0000
0100
0010
0000
0100
0000
0100
0000
0001
1000
,
0010
0100
0002
1000
0010
0003
1100
0000
,
0010
0001
0100
0010
1000
0000
0100
1000
,
0001
0100
0010
0010
1000
0001
0001
0000
,
0010
0000
0001
0000
1000
0000
0010
0000
0100
0000
0010
0000
0010
0000
1000
0001
,
0100
0010
2000
0001
0100
3000
0011
0000
,
0100
0010
0001
1000
0010
0000
0100
0001
,
1000
0010
0100
0100
0001
1000
1000
0100
,
0000
0000
1000
0000
0010
0000
0100
0000
0001
0000
0010
0000
0010
0000
0001
1000
,
0010
0100
0001
1000
0100
0000
0021
0000
,
0130
0000
0010
0000
0001
1000
0010
0100
,
0001
0010
1000
0010
0001
0010
1000
0010
,
0100
0000
0001
0000
0100
0000
1000
0000
0100
0000
0001
0000
0100
0000
0010
0001
,
1000
0010
1000
0001
0100
0000
1020
0000
,
0130
0000
0010
0000
1000
0001
0010
0100
,
1000
0010
0001
0010
1000
0010
0001
0010
,
0200
0000
0000
0000
0000
0000
0000
0000
0310
0000
1000
0000
0001
0000
0100
0010
,
2000
0000
0100
0000
0001
0000
3010
1000
,
0001
0001
0010
0001
1000
0000
0110
1000
,
0001
0010
1000
0010
0001
0100
1000
0100
,
0001
0000
0010
0000
1000
0000
0100
0000
0001
0000
1000
0000
1000
0000
0010
0100
,
0002
0000
0010
0000
1000
0000
0103
0001
,
1000
1000
0100
1000
0001
0000
0110
0001
,
1000
0010
0001
0010
1000
0100
0001
0100
,
1000
0000
0010
0000
0001
0000
0100
0000
1000
0000
0001
0000
0001
0000
0100
0010
,
1000
0000
0001
0100
0000
1000
0000
0100
0001
0000
0100
0000
0010
0000
1000
0010
,
1000
0000
0001
0010
0000
1000
0000
0010
0001
0000
0010
0000
0100
0000
1000
0001
,
1000
0000
0001
0100
0000
0010
0000
1000
0001
0000
0100
0000
0010
0000
1000
0001
,
1000
0000
0001
1000
0000
0010
0000
0100
0010
0000
0100
0000
0100
0000
0010
1000
,
0001
0000
1000
0010
0000
0001
0000
0010
1000
0000
0010
0000
0100
0000
0001
0100
,
0001
0000
1000
0100
0000
0001
0000
0100
1000
0000
0100
0000
0010
0000
0001
1000
,
0001
0000
1000
0010
0000
0100
0000
0001
1000
0000
0100
0000
0010
0000
0001
1000
,
0001
0000
1000
0001
0000
0100
0000
0010
0100
0000
0010
0000
0010
0000
0100
0001
,
2000
0000
0010
0000
3010
0000
0001
0100
,
0020
0000
0001
0000
1030
0000
0100
1000
,
0002
0000
0010
0000
0013
0000
1000
0010
,
0200
0000
0000
0000
1000
0000
0000
0000
0301
0000
1000
0000
0100
0000
0010
0001
,
2000
0000
0010
0000
3010
0000
0001
0010
,
0200
0000
0001
0000
1300
0000
0010
0100
,
0002
0000
0010
0000
0013
0000
1000
0100
,
0020
0000
0000
0000
0031
1000
0010
0100
,
2002
0000
0000
0000
,
3003
0000
0000
0000
;

//---------------dance-double - ----------------
#NOTES:
     dance-double:
     :
     Easy:
     4:
     0.264,0.266,0.112,0.326,0.000,151.000,12.000,35.000,0.000,0.000:
00000000
00000000
00000000
00000000
,
00000000
00000000
00000000
00000000
,
00000000
00000000
00000000
00000000
,
00000000
00000000
00000000
00000000
,
00001000
00010000
00001000
00010000
,
00000010
00001000
00000010
00001000
,
00000001
00000010
00000001
00000010
,
00000100
00010000
00000100
00010000
,
00002000
00000000
00023000
00000000
,
00032000
00000000
02003000
00000000
,
03020000
00000000
20030000
00000000
,
32000000
00000000
03100000
00010000
,
20000000
00000000
30020000
00000000
,
20030000
00000000
30200000
00000000
,
02300000
00000000
03002000
00000000
,
00023000
00000000
00031000
00010000
,
00000100
00001000
00000100
00000110
,
00000000
00000001
00001000
00001001
,
00000000
00000001
00000100
00000010
,
00001000
00000100
00010000
00011000
,
00001000
01000000
00010000
00110000
,
00000000
00100000
01000000
11000000
,
00000000
10000000
00100000
01000000
,
00010000
00100000
00001000
00011000
,
00010000
00000100
00001000
00000010
,
00000100
00000001
00001000
00000100
,
00000020
00000000
00000000
00000000
,
00000230
00000000
00000000
00000000
,
00001300
00000010
00010000
00001000
,
01000000
00010000
00100000
01000000
,
00200000
00000000
00000000
00000000
,
02300000
00000000
00000000
00000000
00100000
00100000
03100000
00000000
,
10010000
10010000
00000000
00000000
,
00100000
00010000
01000000
00000000
,
00001000
00010000
00001000
00010000
,
00000010
00000100
00000001
00001000
,
00001001
00001001
00000000
00000000
,
00000010
00000001
00000100
00000000
,
00000010
00000100
00000010
00000100
,
00000001
00001000
00000100
00010000
,
00002000
00000000
00023000
00000000
,
00032000
00000000
02003000
00000000
,
03020000
00000000
00230000
00000000
,
02300000
00000000
13000000
00010000
,
20000000
00000000
30020000
00000000
,
20030000
00000000
30200000
00000000
,
02300000
00000000
03002000
00000000
,
00023000
00000000
00030100
00010000
,
00001000
00000000
01000000
00000000
,
00001000
00000000
00010000
00000100
,
00000010
00000000
00000001
00000000
,
00001000
00000000
00000010
00001001
,
00000100
00000000
00000010
00000000
,
00010000
00000000
00001000
01000000
,
00010000
00000000
00100000
00000000
,
02000000
00000000
00000000
00000000
00100000
00100000
03100000
00000000
,
20020000
00000000
00000000
00000000
,
30030000
00000000
00000000
00000000
;

//---------------dance-double - ----------------
#NOTES:
     dance-double:
     :
     Medium:
     6:
     0.372,0.372,0.103,0.112,0.000,256.000,11.000,12.000,0.000,0.000:
00000000
00000000
00000000
00000000
,
00000000
00000000
00000000
00000000
,
00000000
00000000
00000000
00000000
,
00000000
00000000
00000000
00000000
,
00001000
00010000
00000010
00000100
,
00000001
00000000
00000010
00000000
00000100
00000000
00001000
00000010
,
00010000
00001000
01000000
00010000
,
00100000
00000000
01000000
00000000
10000000
00100000
01000000
00010000
,
10000000
00000000
01000000
00000000
10000000
00000000
00100000
01000000
,
00010000
00000000
00100000
00000000
00001000
00000000
00100000
00010000
,
01000000
00000000
00100000
00000000
10000000
00000000
00010000
00100000
,
01000000
00000000
00100000
00000000
00010000
01000000
00010000
00100000
,
00001000
00000000
00010000
00000000
00000010
00000000
00001000
00000100
,
00000010
00000000
00000001
00000000
00001000
00000000
00000010
00001000
,
00000100
00000000
00010000
00000000
00000010
00000000
00000010
00001000
,
00000200
00000000
00000000
00000000
00001300
00000100
00001000
00000010
,
00010000
00001000
01000000
01010000
,
00010000
00100000
01000000
11000000
,
10000000
01000000
00100000
00001000
,
00010000
00000000
00000100
00000010
00000001
00000100
00000010
00001000
,
00000001
00001000
00000010
00001010
,
00001000
00000100
00000010
00000011
,
00000001
00000100
00000010
00010000
,
00001000
00000000
01000000
00100000
10000000
01000000
00100000
00010000
,
10000000
01000000
00100000
10020000
,
01030000
00010000
00100000
01000000
,
10000000
01000000
00100000
00000000
01000000
00000000
01000000
00000000
,
00100000
00001000
00010000
00000000
00010000
00001000
00010000
00000100
,
00001000
00000010
00000100
00002001
,
00003010
00001000
00000100
00000010
,
00000001
00000100
00000010
00000000
00000100
00000000
00000100
00000000
,
00000020
00000000
00000000
00000000
00001030
00000100
00010000
00000000
,
00011000
00011000
00001000
01000000
,
00010000
00100000
01000000
10000000
00010000
00000000
10000000
00000000
,
01000000
10000000
01000000
00000000
00100000
00010000
00100000
00000000
,
00010000
10000000
01000000
00100000
00001000
00000000
00010000
00000000
,
00011000
00011000
00010000
00000100
,
00001000
00000010
00000100
00000001
00001000
00000000
00000001
00000000
,
00000100
00000001
00000100
00000000
00000010
00001000
00000010
00000000
,
00001000
00000001
00000100
00000010
00010000
00000000
00001000
00010000
,
00001000
00000000
01000000
00000000
00100000
00000000
10000000
01000000
,
00100000
00000000
00010000
00000000
10000000
00000000
00100000
10000000
,
01000000
00000000
00010000
00000000
01000000
00000000
10000000
00100000
,
01000000
00000000
00010000
00000000
00100000
00001000
00010000
00000100
,
00001000
00000000
00000010
00000000
00000100
00000000
00000001
00000010
,
00000100
00000000
00001000
00000000
00000010
00000000
00000100
00000001
,
00000010
00000000
00000100
00000000
00000001
00000000
00000100
00000010
,
00000001
00000000
00001000
00000000
00000100
00010000
00001000
01000000
,
00010000
00000000
10000000
00000000
01000000
00000000
01000000
00200000
,
00000000
00000000
00310000
00000000
01000000
00000000
01000000
00020000
,
00000000
00000000
00130000
00000000
00001000
00000000
00001000
00020000
,
00000000
00000000
00030010
00000000
00001000
00000000
00001000
00000001
,
00000100
00000000
00000001
00000000
00001000
00000000
00001000
00000200
,
00000000
00000000
00000310
00000000
00000001
00000000
00000001
00000020
,
00000000
00000000
00000130
00000000
00001000
00000000
00001000
00000020
,
00000000
00000000
00000030
00000000
00010000
00001000
01000000
00000000
,
00022000
00000000
00000000
00000000
,
00033000
00000000
00000000
00000000
;

//---------------dance-double - ----------------
#NOTES:
     dance-double:
     :
     Hard:
     9:
     0.553,0.691,0.093,0.168,0.270,387.000,10.000,18.000,0.000,0.000:
00000000
00000000
00000000
00000000
,
00000000
00000000
00000000
00000000
,
00000000
00000000
00000000
00000000
,
00000000
00000000
00000000
00000000
00000000
10000000
00000000
00010000
,
02000000
10000000
00100000
00010000
,
00001000
00000000
00100000
00000000
03001000
00000000
00001000
00010000
,
00000020
00000001
00000100
00001000
,
00010000
00000000
00000100
00000000
00001030
00000001
00001000
00000010
,
00010000
00000000
00000100
00000010
00000000
00000001
00000000
00000010
00000100
00000000
00010000
00000000
00001000
00000000
00100000
00000000
,
00001000
00000000
01000000
00100000
00000000
10000000
00000000
00100000
01000000
00000000
00001000
00000000
00010000
00000000
00000100
00000000
,
00010000
00000000
00000010
00000100
00000000
00000001
00000000
00000100
00000010
00000000
00010000
00000000
00001000
00000000
01000000
00000000
,
00001000
00000000
00100000
01000000
00000000
10000000
00000000
01000000
00100000
00000000
00001000
00000000
00010000
00000000
00001000
00010000
,
00000010
00000000
00000100
00000001
00000000
00001000
00000000
00000010
00010000
00000000
00000100
00000000
00010000
00000000
00001000
00000000
,
01000000
00000000
00100000
10000000
00000000
00010000
00000000
01000000
00001000
00000000
00100000
00000000
00001000
00000000
00010000
00000000
,
00000100
00000000
00000010
00000001
00000000
00001000
00000000
00000100
00010000
00000000
00000010
00000000
00010000
00000000
00001000
00000000
,
00021000
00000000
00000000
00000000
00000000
00000000
00000000
00000000
00031000
00000000
01000000
00000000
00100000
00000000
10000000
00010000
,
10000000
01000000
00100000
00001000
00010000
01000000
01100000
00100000
,
00001000
00010000
00000010
00000100
00000001
00000010
00000110
00000100
,
00001000
00000010
00000001
00000010
00001000
00000100
00010000
00001000
,
00010000
00000000
00100000
00000000
10000000
00000000
00100000
00000000
00010000
00000000
00001000
00000000
00010000
00000000
00000010
00000100
,
00000001
00000100
00000010
00010000
00001000
00000010
00000110
00000100
,
00010000
00001000
01000000
00100000
10000000
01000000
01100000
00100000
,
00010000
01000000
10000000
01000000
00010000
00100000
00001000
00010000
,
00001000
00000000
00000010
00000000
00000001
00000000
00000010
00000000
00001000
00000000
00010000
00000000
00001000
00000000
01000000
00100000
,
10000000
01000000
00100000
00010000
10000000
00000000
01020000
00000000
,
00130000
00000000
00001000
00000000
00000010
00000001
00001000
00000000
,
00001000
00000010
00000001
00000010
00001000
00000010
00000001
00000010
,
00000100
00001000
00000100
00000001
00000100
00001000
00010000
00100000
,
10000000
00100000
01000000
00010000
00100000
00000000
21000000
00000000
,
30010000
00000000
00100000
00000000
00001000
00010000
00000010
00000000
,
00001000
00000100
00000001
00000100
00001000
00000010
00000001
00000010
,
00000200
00000000
00000000
00000000
00000000
00000000
00000000
00000000
00000310
00000000
00010000
00000000
00001000
00000000
00010000
00001000
,
00020000
00000000
00000010
00000000
00031000
00000000
00010000
00001000
,
01000000
00100000
10000000
00010000
00100000
00000000
00011000
00000000
,
00010000
00001000
01000000
00100000
00010000
00001000
00000100
00000010
,
00001000
00000000
00000100
00000000
00000010
00000000
00001000
00000000
00010000
00000000
00000100
00000000
00010000
00000000
00001000
00010000
,
00002000
00000000
01000000
00000000
00013000
00000000
00001000
00010000
,
00000010
00000100
00000001
00001000
00000100
00000000
00011000
00000000
,
00001000
00010000
00000010
00000100
00001000
00010000
00100000
01000000
,
00010000
00100000
01000000
00010000
00001000
00100000
00010000
01000000
,
00001000
00000000
00100000
01000000
00000000
10000000
00000000
01000000
00100000
00000000
00001000
00000000
00010000
00000000
00000100
00000000
,
00010000
00000000
00000010
00000100
00000000
00000001
00000000
00000100
00000010
00000000
00010000
00000000
00001000
00000000
00100000
00000000
,
00001000
00000000
01000000
00100000
00000000
10000000
00000000
00100000
01000000
00000000
00001000
00000000
00010000
00000000
00000010
00000000
,
00010000
00000000
00000100
00000010
00000000
00000001
00000000
00000010
00000100
00000000
00010000
00000000
00001000
00000000
00010000
00001000
,
01000000
00000000
00100000
10000000
00000000
00010000
00000000
01000000
00001000
00000000
00100000
00000000
00001000
00000000
00010000
00000000
,
00000010
00000000
00000100
00000001
00000000
00001000
00000000
00000010
00010000
00000000
00000100
00000000
00010000
00000000
00001000
00000000
,
00100000
00000000
01000000
10000000
00000000
00010000
00000000
00100000
00001000
00000000
01000000
00000000
00001000
00000000
00010000
00000000
,
00001000
00010000
00001000
00010000
00001000
00010000
00001000
00010000
00001000
00010000
00001000
00010000
00001000
00010000
00001000
00010000
,
00000200
00000000
00001000
00000000
00001300
00000000
00000010
00000100
,
00000002
00000000
00000010
00000000
00001003
00000000
00000001
00000100
,
00000020
00000000
00001000
00000000
00001030
00000000
00000010
00010000
,
00002000
00000000
00000000
00000000
01000000
00000000
00000000
00000000
00013000
00000000
00001000
00000000
01000000
00000000
00100000
10000000
,
02000000
00000000
10000000
00000000
13000000
00000000
01000000
00100000
,
00020000
00000000
10000000
00000000
00130000
00000000
00010000
00100000
,
00002000
00000000
00010000
00000000
00013000
00000000
00001000
01000000
,
00200000
00000000
00000000
00000000
01300000
00010000
00100000
00001000
,
00022000
00000000
00000000
00000000
,
00033000
00000000
00000000
00000000
;
