#TITLE:CENTERFOLD;
#SUBTITLE:(130 BPM move it remix);
#ARTIST:CAPTAIN JACK;
#TITLETRANSLIT:;
#SUBTITLETRANSLIT:;
#ARTISTTRANSLIT:;
#CREDIT:;
#BANNER:CENTERFOLD (130BPM move it remix).png;
#BACKGROUND:CENTERFOLD (130BPM move it remix)-bg.png;
#LYRICSPATH:;
#CDTITLE:./CDTITLES/Dance Mania EX2.png;
#MUSIC:CENTERFOLD (130BPM move it remix).mp3;
#OFFSET:-0.087;
#SAMPLESTART:50.261;
#SAMPLELENGTH:15.000;
#SELECTABLE:YES;
#DISPLAYBPM:130.000;
#BPMS:0.000=128.998;
#STOPS:;
#BGCHANGES:;
// cache tags:
#FIRSTBEAT:4.000;
#LASTBEAT:187.000;
#SONGFILENAME:Songs/DDI/CENTERFOLD (130BPM move it remix)/CENTERFOLD (130BPM move it remix).sm;
#HASMUSIC:1;
#HASBANNER:1;
#MUSICLENGTH:90.809;
// end cache tags

//---------------dance-single - ----------------
#NOTES:
     dance-single:
     :
     Hard:
     7:
     0.433,0.412,0.077,0.000,0.099,268.000,7.000,0.000,0.000,0.000:  // measure 1
0000
0000
0000
0000
,  // measure 2
1000
0100
0010
1001
,  // measure 3
1000
0000
0000
0000
0001
0000
0000
1000
0100
0000
0010
0000
0100
0000
0000
0000
,  // measure 4
1000
0000
0010
0000
0100
0000
0001
1000
0001
0000
0100
0000
0010
0000
1000
0000
,  // measure 5
0100
0000
0000
0000
0010
0000
0000
0001
1000
0000
0100
0000
0010
0000
0000
0000
,  // measure 6
0001
0000
0100
0000
0010
0000
1000
0001
1000
0000
0100
0000
0010
0000
0000
0000
,  // measure 7
0001
0100
0000
0000
1000
0100
0000
0000
,  // measure 8
0001
0100
0001
0000
1000
0100
1000
0000
,  // measure 9
1000
0100
0010
0001
1000
0000
0000
0000
,  // measure 10
0001
0100
0010
1000
0100
0010
0001
0000
,  // measure 11
1000
0100
1000
0010
0100
0000
0000
0000
,  // measure 12
0001
0010
0001
0000
1000
0010
1000
0000
,  // measure 13
0001
0010
0100
1000
0001
0000
0000
0000
,  // measure 14
1000
0010
0100
0001
0010
0100
0010
0000
,  // measure 15
0001
0000
1000
0100
0010
0000
0000
0000
,  // measure 16
0001
0100
0001
0000
1000
0000
0001
0100
,  // measure 17
0010
0001
1000
0000
,  // measure 18
1000
0100
1000
0000
0001
0000
1000
0100
,  // measure 19
0010
1000
0001
0000
,  // measure 20
0010
0100
0000
1001
0000
0000
0000
0000
,  // measure 21
1000
0100
0000
0100
0010
0001
1000
0000
,  // measure 22
0001
0100
0010
0000
1000
0100
0000
0000
,  // measure 23
0001
0010
0100
0000
1000
0010
0000
0000
,  // measure 24
0100
0010
0000
1001
0000
0000
0110
0000
,  // measure 25
1000
0001
0000
0001
1000
0100
0010
0000
,  // measure 26
0001
0000
0000
0000
1000
0000
0000
0001
0100
0000
0010
0000
0100
0000
0000
0000
,  // measure 27
0001
0010
0100
0000
1000
0010
0000
0000
,  // measure 28
0001
0000
0000
0000
1000
0000
0000
0001
0100
0000
0010
0000
0100
0000
0000
0000
,  // measure 29
0001
0000
0010
0000
0100
0000
1000
0001
1000
0000
0100
0000
0010
0000
0001
0000
,  // measure 30
0100
0000
0000
0000
0010
0000
0000
1000
0001
0000
0100
0000
0010
0000
0000
0000
,  // measure 31
1000
0000
0100
0000
0010
0000
0001
1000
0001
0000
0100
0000
0010
0000
1000
0000
,  // measure 32
0100
0000
0000
0000
0010
0000
0000
0001
1000
0000
0100
0000
0010
0000
0000
0000
,  // measure 33
0001
0000
0100
0000
0010
0000
1000
0100
1000
0000
0001
0000
0100
0000
0010
0000
,  // measure 34
1000
0000
0000
0000
0001
0000
0000
0010
0100
0000
1000
0000
0001
0000
0000
0000
,  // measure 35
0100
0000
0010
0000
0100
0000
0001
1000
0001
0000
0100
0000
0010
0000
0000
0000
,  // measure 36
1000
0001
0000
0110
0000
0000
0000
0000
,  // measure 37
0001
0010
0000
0010
0100
1000
0001
0000
,  // measure 38
1000
0010
0100
0000
0001
0010
0000
0000
,  // measure 39
1000
0100
0010
0000
0001
0100
0000
0000
,  // measure 40
0010
0100
0000
1001
0000
0000
0110
0000
,  // measure 41
0001
1000
0000
1000
0001
0010
0100
0000
,  // measure 42
1000
0000
0000
0000
0001
0000
0000
1000
0010
0000
0100
0000
0010
0000
0000
0000
,  // measure 43
1000
0100
0010
0000
0001
0100
0000
0000
,  // measure 44
1000
0000
0000
0000
0001
0000
0000
1000
0100
0000
0010
0000
0100
0000
0000
0000
,  // measure 45
1000
0000
0010
0000
0100
0000
0001
1000
0001
0000
0100
0000
0010
0000
1000
0000
,  // measure 46
0100
0000
0000
0000
0010
0000
0000
0001
0100
0000
0010
0000
1000
0000
0000
0000
,  // measure 47
0001
0000
0010
0000
0100
0000
1000
0001
1000
0000
0100
0000
0010
0000
0000
0000
;

//---------------dance-double - ----------------
#NOTES:
     dance-double:
     :
     Hard:
     7:
     0.418,0.386,0.077,0.033,0.050,256.000,7.000,3.000,0.000,0.000:  // measure 1
00000000
00000000
00000000
00000000
,  // measure 2
10000000
01000000
00010000
00011000
,  // measure 3
00000100
00000000
00000100
00001000
00000010
00000100
00000001
00000000
,  // measure 4
00001000
00000100
00000010
00000000
00000001
00001000
00000010
00000100
,  // measure 5
00000001
00000000
00000001
00001000
00000100
00000010
00000001
00000000
,  // measure 6
00000100
00001000
00010000
00000000
00010000
00001000
00000100
00000000
,  // measure 7
00000001
00000010
00000000
00000000
00000100
00001000
00000000
00000000
,  // measure 8
00000001
00000000
00000000
00000100
00000000
00000000
00001000
00000000
00000000
00000000
00010000
00000000
00001000
00000000
00000000
00000000
,  // measure 9
00100000
00000000
00000000
00010000
00000000
00000000
10000000
00000000
00000000
00000000
00100000
00000000
10000000
00000000
00000000
00000000
,  // measure 10
10000000
00000000
00000000
01000000
00000000
00000000
00010000
00000000
00000000
00000000
00001000
00000000
00010000
00000000
00000000
00000000
,  // measure 11
00000010
00000000
00000000
00001000
00000000
00000000
00000001
00000000
00000000
00000000
00000010
00000000
00000001
00000000
00000000
00000000
,  // measure 12
00001000
00000000
00000000
00000100
00000000
00000000
00010000
00000000
00000000
00000000
00001000
00000000
00100000
00000000
00000000
00000000
,  // measure 13
00010000
00000000
00000000
01000000
00000000
00000000
00100000
00000000
00000000
00000000
10000000
00000000
00010000
00000000
00000000
00000000
,  // measure 14
00010000
00000000
00000000
01000000
00000000
00000000
00001000
00000000
00000000
00000000
00010000
00000000
00000010
00000000
00000000
00000000
,  // measure 15
00001000
00000000
00001000
00000100
00000010
00000000
00000000
00000000
,  // measure 16
00000002
00000000
00000000
00000003
,  // measure 17
00002000
00003000
00010100
00011000
,  // measure 18
00101000
00000000
00000000
00000000
,  // measure 19
02000000
03000000
10010000
01100000
,  // measure 20
10010000
00000000
10000000
01000000
00000000
00100000
00100000
00000000
,  // measure 21
00010000
01000000
00100000
10000000
01000000
00100000
00100000
00000000
,  // measure 22
00010000
01000000
00001000
00010000
00000010
00001000
00001000
00000000
,  // measure 23
00000100
00000010
00000001
00000100
00000010
00001000
00001000
00000000
,  // measure 24
00000001
00000010
00000100
00001000
00000000
00000010
00000010
00000000
,  // measure 25
00000100
00001000
00010000
00000000
01000000
10000000
00010000
00000000
,  // measure 26
00010000
00000000
00000000
00000000
10000000
00000000
00000000
00010000
01000000
00000000
00100000
00000000
00100000
00000000
00000000
00000000
,  // measure 27
10000000
01000000
00010000
00000000
00001000
00010000
00000000
00000000
,  // measure 28
00000010
00000000
00001000
00000001
00000010
00000100
00001000
00000000
,  // measure 29
00000001
00000100
00001000
00000000
00000001
00000010
00000100
00001000
,  // measure 30
00000010
00000000
00010000
00001000
01000000
00010000
10000000
00000000
,  // measure 31
10000000
01000000
00010000
00000000
10000000
00100000
01000000
00010000
,  // measure 32
10000000
00000000
01000000
00010000
00001000
00000100
00000001
00000000
,  // measure 33
00000001
00000010
00001000
00000000
00000001
00000100
00000010
00001000
,  // measure 34
00000100
00000000
00010000
00001000
00100000
00010000
10000000
00000000
,  // measure 35
10000000
00100000
00010000
00000000
10000000
01000000
00010000
00000000
,  // measure 36
00001000
00000100
00000010
00001000
00000000
00000001
00000001
00000000
,  // measure 37
00000010
00000100
00001000
00000010
00000100
00000001
00000001
00000000
,  // measure 38
00001000
00000100
00010000
00001000
00100000
00010000
00010000
00000000
,  // measure 39
10000000
00100000
01000000
00010000
00100000
01000000
01000000
00000000
,  // measure 40
10000000
00100000
00010000
00001000
00000000
00000010
00000010
00000000
,  // measure 41
00000001
00001000
00000010
00000100
00000001
00001000
00000100
00000000
,  // measure 42
00010000
00000000
00000000
00000000
00001000
00000000
00000000
00100000
00010000
00000000
01000000
00000000
01000000
00000000
00000000
00000000
,  // measure 43
00100000
10000000
01000000
00000000
00010000
00001000
00000000
00000000
,  // measure 44
00100000
00000000
00010000
10000000
01000000
00010000
00001000
00000000
,  // measure 45
00000010
00000001
00000100
00000000
00000010
00001000
00000100
00010000
,  // measure 46
00001000
00000000
00000010
00000001
00000100
00001000
00010000
00000000
,  // measure 47
00100000
10000000
01000000
00000000
00010000
00001000
00010000
00000000
;

//---------------dance-single - ----------------
#NOTES:
     dance-single:
     :
     Easy:
     3:
     0.203,0.232,0.066,0.000,0.000,123.000,6.000,0.000,0.000,0.000:  // measure 1
0000
0000
0000
0000
,  // measure 2
0010
0010
0010
1001
,  // measure 3
0100
0000
0010
0000
,  // measure 4
1000
0001
0000
0001
,  // measure 5
0100
0000
0010
0000
,  // measure 6
1000
0001
1000
0001
,  // measure 7
0100
0000
0100
0000
,  // measure 8
0010
0000
0010
0000
,  // measure 9
1000
0100
0001
0000
,  // measure 10
0010
0000
0100
0000
,  // measure 11
0010
0000
1001
0000
,  // measure 12
0010
0000
0010
0000
,  // measure 13
1000
0100
0001
0000
,  // measure 14
0010
0000
0100
0000
,  // measure 15
0010
0000
1001
0000
,  // measure 16
1000
0000
0001
0000
,  // measure 17
0100
0000
0010
0100
,  // measure 18
1000
0000
0001
0000
,  // measure 19
0100
0000
0010
0100
,  // measure 20
1000
0001
1000
0000
,  // measure 21
0001
0000
1000
0000
,  // measure 22
0010
0000
0100
0000
,  // measure 23
0010
0000
1000
0001
,  // measure 24
0010
0100
0010
0000
,  // measure 25
0001
0000
1000
0000
,  // measure 26
0010
0000
0100
0010
,  // measure 27
1000
0000
0001
1000
,  // measure 28
0001
0000
0001
0000
,  // measure 29
1000
0100
0010
0001
,  // measure 30
1000
0000
1000
0000
,  // measure 31
0001
0100
0010
1001
,  // measure 32
0100
0000
0100
0000
,  // measure 33
0010
1000
0001
0100
,  // measure 34
1000
0000
1000
0000
,  // measure 35
0001
0010
0100
1001
,  // measure 36
0010
0100
0010
0000
,  // measure 37
0001
0000
1000
0000
,  // measure 38
0010
0000
0100
0000
,  // measure 39
0010
0000
1000
0001
,  // measure 40
0010
0100
0010
0000
,  // measure 41
0001
0000
1000
0000
,  // measure 42
0010
0000
0100
0010
,  // measure 43
1000
0000
0001
1000
,  // measure 44
0001
0000
0001
0000
,  // measure 45
1000
0100
0010
0001
,  // measure 46
1000
0000
1000
0000
,  // measure 47
0001
0100
0010
1001
;

//---------------dance-single - ----------------
#NOTES:
     dance-single:
     :
     Beginner:
     1:
     0.149,0.154,0.022,0.000,0.000,93.000,2.000,0.000,0.000,0.000:  // measure 1
0000
0000
0000
0000
,  // measure 2
0010
0010
0010
0000
,  // measure 3
0100
0000
0010
0000
,  // measure 4
1000
0000
1000
0000
,  // measure 5
0100
0000
0010
0000
,  // measure 6
1000
0000
1000
0000
,  // measure 7
0100
0000
0100
0000
,  // measure 8
0010
0000
0010
0000
,  // measure 9
1000
0000
0001
0000
,  // measure 10
0010
0000
0100
0000
,  // measure 11
0010
0000
1001
0000
,  // measure 12
0010
0000
0010
0000
,  // measure 13
1000
0000
0001
0000
,  // measure 14
0010
0000
0100
0000
,  // measure 15
0010
0000
1001
0000
,  // measure 16
1000
0000
0001
0000
,  // measure 17
0100
0000
0010
0000
,  // measure 18
1000
0000
0001
0000
,  // measure 19
0100
0000
0010
0000
,  // measure 20
1000
0000
1000
0000
,  // measure 21
0001
0000
1000
0000
,  // measure 22
0010
0000
0100
0000
,  // measure 23
0010
0000
1000
0000
,  // measure 24
0010
0000
0010
0000
,  // measure 25
0001
0000
1000
0000
,  // measure 26
0010
0000
0100
0000
,  // measure 27
1000
0000
0001
0000
,  // measure 28
0001
0000
0001
0000
,  // measure 29
1000
0000
0010
0000
,  // measure 30
1000
0000
1000
0000
,  // measure 31
0001
0000
0010
0000
,  // measure 32
0100
0000
0100
0000
,  // measure 33
0010
0000
0001
0000
,  // measure 34
1000
0000
1000
0000
,  // measure 35
0001
0000
0100
0000
,  // measure 36
0010
0000
0010
0000
,  // measure 37
0001
0000
1000
0000
,  // measure 38
0010
0000
0100
0000
,  // measure 39
0010
0000
1000
0000
,  // measure 40
0010
0000
0010
0000
,  // measure 41
0001
0000
1000
0000
,  // measure 42
0010
0000
0100
0000
,  // measure 43
1000
0000
0001
0000
,  // measure 44
0001
0000
0001
0000
,  // measure 45
1000
0000
0010
0000
,  // measure 46
1000
0000
1000
0000
,  // measure 47
0001
0000
0010
0000
;

//---------------dance-single - ----------------
#NOTES:
     dance-single:
     :
     Medium:
     6:
     0.335,0.309,0.066,0.000,0.000,207.000,6.000,0.000,0.000,0.000:  // measure 1
0000
0000
0000
0000
,  // measure 2
0010
0100
0010
1001
,  // measure 3
1000
0000
0100
0000
0010
0001
0100
0000
,  // measure 4
0010
1000
0100
0000
1000
0000
0001
0010
,  // measure 5
0100
0000
1000
0000
0001
0100
0010
0000
,  // measure 6
1000
0100
0010
0000
0001
0000
1000
0000
,  // measure 7
0100
0000
0100
0000
,  // measure 8
1000
0100
0000
0000
0001
0100
0000
0000
,  // measure 9
1000
0000
0001
0010
0100
0000
0000
0000
,  // measure 10
1000
0000
0001
0000
1000
0100
0010
0000
,  // measure 11
0001
0000
1000
0010
0100
0000
0000
0000
,  // measure 12
1000
0100
0000
0000
0001
0100
0000
0000
,  // measure 13
1000
0000
0010
0100
0001
0000
0000
0000
,  // measure 14
1000
0000
0001
0000
0010
0100
1000
0000
,  // measure 15
0001
0000
1000
0010
0100
0000
0000
0000
,  // measure 16
0001
0000
0010
0000
0100
0000
1000
0010
,  // measure 17
0100
0001
1000
0000
,  // measure 18
0001
0000
0010
0000
0100
0000
1000
0010
,  // measure 19
0100
0001
1000
0000
,  // measure 20
0010
0100
0000
1001
0000
0000
0000
0000
,  // measure 21
1000
0000
0001
0100
0010
0000
1000
0000
,  // measure 22
0001
0010
0100
0000
1000
0000
0000
0000
,  // measure 23
0001
0000
1000
0000
0010
0100
0000
0000
,  // measure 24
0001
1000
0000
0110
0000
0000
0000
0000
,  // measure 25
1000
0000
0001
0010
0100
0000
1000
0000
,  // measure 26
0001
0000
0100
0000
1000
0100
0010
0000
,  // measure 27
0001
0000
1000
0000
0010
0100
0000
0000
,  // measure 28
0001
0000
1000
0000
0001
0010
0100
0000
,  // measure 29
1000
0010
0100
0000
0001
0000
1000
0100
,  // measure 30
0001
0000
1000
0000
0001
0100
1000
0000
,  // measure 31
0001
0010
0100
0000
1000
0000
0010
0100
,  // measure 32
0001
0000
1000
0000
0100
0010
0001
0000
,  // measure 33
1000
0010
0100
0000
0001
0000
1000
0100
,  // measure 34
0001
0000
1000
0000
0001
0100
1000
0000
,  // measure 35
0001
0010
0100
0000
1000
0000
0001
0000
,  // measure 36
0100
0010
0000
1001
0000
0000
0000
0000
,  // measure 37
0001
0000
1000
0010
0100
0000
0001
0000
,  // measure 38
1000
0100
0010
0000
0001
0000
0000
0000
,  // measure 39
1000
0000
0001
0000
0100
0010
0000
0000
,  // measure 40
1000
0001
0000
0110
0000
0000
0000
0000
,  // measure 41
0001
0000
1000
0100
0010
0000
0001
0000
,  // measure 42
1000
0000
0010
0000
0001
0010
0100
0000
,  // measure 43
1000
0000
0001
0000
0100
0010
0000
0000
,  // measure 44
1000
0000
0001
0000
1000
0100
0010
0000
,  // measure 45
0001
0100
0010
0000
1000
0000
0001
0010
,  // measure 46
1000
0000
0001
0000
1000
0010
0001
0000
,  // measure 47
1000
0000
0100
0010
0100
0000
1001
0000
;

//---------------dance-double - ----------------
#NOTES:
     dance-double:
     :
     Easy:
     3:
     0.170,0.154,0.011,0.000,0.000,107.000,1.000,0.000,0.000,0.000:  // measure 1
00000000
00000000
00000000
00000000
,  // measure 2
00010000
00001000
00010000
00011000
,  // measure 3
00100000
00000000
00100000
00010000
,  // measure 4
10000000
00000000
01000000
00000000
,  // measure 5
00010000
00000000
00001000
00010000
,  // measure 6
00000010
00000000
00000010
00000000
,  // measure 7
00001000
00000000
00000100
00000000
,  // measure 8
00010000
00000000
00010000
00000000
,  // measure 9
00001000
00010000
00000010
00000000
,  // measure 10
00001000
00000000
00000001
00000000
,  // measure 11
00000100
00001000
00010000
00000000
,  // measure 12
00000010
00000000
00000010
00000000
,  // measure 13
00001000
00000001
00000010
00000000
,  // measure 14
00000100
00000000
00010000
00000000
,  // measure 15
00001000
00100000
00010000
00000000
,  // measure 16
10000000
00000000
00000000
00000000
,  // measure 17
00010000
00000000
01000000
00000000
,  // measure 18
00001000
00000000
00000000
00000000
,  // measure 19
00010000
00000000
00000010
00000000
,  // measure 20
00001000
00000000
00000001
00000000
,  // measure 21
00001000
00000000
00000100
00000000
,  // measure 22
00010000
00000000
00001000
00000000
,  // measure 23
00100000
00000000
00010000
00000000
,  // measure 24
10000000
00000000
00010000
00000000
,  // measure 25
01000000
00000000
00001000
00000000
,  // measure 26
00010000
00000000
00001000
00100000
,  // measure 27
00010000
00000000
01000000
00000000
,  // measure 28
00100000
00000000
00100000
10000000
,  // measure 29
01000000
00000000
00010000
00000000
,  // measure 30
00001000
00000000
00001000
00010000
,  // measure 31
00000010
00000000
00001000
00000000
,  // measure 32
00000001
00000000
00000010
00000100
,  // measure 33
00001000
00000000
00000001
00000000
,  // measure 34
00000100
00000000
00001000
00010000
,  // measure 35
00100000
00000000
10000000
00000000
,  // measure 36
01000000
00000000
00100000
00000000
,  // measure 37
00010000
00000000
10000000
00000000
,  // measure 38
01000000
00000000
00010000
00000000
,  // measure 39
00001000
00000000
00000100
00000000
,  // measure 40
00000001
00000000
00001000
00000000
,  // measure 41
00001000
00000000
00000001
00000000
,  // measure 42
00000100
00000000
00001000
00010000
,  // measure 43
01000000
00000000
00100000
00000000
,  // measure 44
00010000
00000000
10000000
00010000
,  // measure 45
01000000
00000000
00001000
00000000
,  // measure 46
00010000
00000000
00000010
00001000
,  // measure 47
00000100
00000000
00010000
00001000
;

//---------------dance-double - ----------------
#NOTES:
     dance-double:
     :
     Medium:
     6:
     0.338,0.309,0.000,0.000,0.000,215.000,0.000,0.000,0.000,0.000:  // measure 1
00000000
00000000
00000000
00000000
,  // measure 2
00000000
01000000
00000000
00001000
00000000
00010000
00000010
00001000
,  // measure 3
00000000
00000001
00000000
00000010
00000000
00000100
00000000
00001000
,  // measure 4
00000000
00000010
00000000
00010000
00000000
00001000
00000000
01000000
,  // measure 5
00000000
00010000
00000000
10000000
00000000
01000000
00000000
00100000
,  // measure 6
00000000
00010000
00000000
10000000
00000000
01000000
00010000
00001000
,  // measure 7
00000100
00000001
00000000
00001000
00000100
00001000
00000000
00000001
,  // measure 8
00000000
00000100
00000000
00000100
00000000
00000010
00000000
00000010
,  // measure 9
00000000
00001000
00000000
00000001
00000000
00000100
00000000
00001000
,  // measure 10
00000000
00010000
00000000
01000000
00000000
10000000
00000000
00010000
,  // measure 11
00000000
10000000
00000000
00100000
00000000
01000000
00100000
00000000
,  // measure 12
00000000
10000000
00000000
10000000
00000000
00010000
00000000
00010000
,  // measure 13
00000000
01000000
00000000
00001000
00000000
00010000
00000000
00000010
,  // measure 14
00000000
00001000
00000000
00000100
00000000
00000010
00000000
00000001
,  // measure 15
00000000
00001000
00000000
00000010
00000000
00000100
00000010
00000000
,  // measure 16
00000000
00001000
00000000
00000100
00000000
00010000
00000000
00001000
,  // measure 17
00000000
00100000
00000000
00010000
10000000
00100000
01000000
00010000
,  // measure 18
00000000
10000000
00000000
01000000
00000000
00100000
00000000
00010000
,  // measure 19
00000000
01000000
00000000
00001000
00010000
00000010
00001000
00000001
,  // measure 20
00000000
00000010
00000000
00000010
00000000
00000100
00001000
00000100
,  // measure 21
00000000
00010000
00000000
00010000
00000000
00001000
00100000
00001000
,  // measure 22
00000000
00010000
00000000
00010000
00000000
00000010
00001000
00000010
,  // measure 23
00000000
00000100
00000000
00000100
00000000
00001000
00010000
00001000
,  // measure 24
00000000
00100000
00000000
00100000
00000000
00010000
01000000
00010000
,  // measure 25
00000000
10000000
00000000
10000000
00000000
01000000
00100000
01000000
,  // measure 26
00000000
00100000
00000000
00010000
00000000
01000000
00001000
00010000
,  // measure 27
00000000
00000010
00000000
00000010
00000000
00001000
00000100
00001000
,  // measure 28
00000000
00000010
00000000
00000001
00000000
00000100
00000000
00001000
,  // measure 29
00000000
00010000
00000000
01000000
00000000
10000000
00000000
00010000
,  // measure 30
00000000
01000000
00000000
00100000
00000000
10000000
00000000
01000000
,  // measure 31
00000000
00010000
00000000
00001000
00000000
00000100
00000001
00000010
,  // measure 32
00000000
00000100
00000000
00010000
00000000
00001000
00000000
00100000
,  // measure 33
00000000
00010000
00000000
10000000
00000000
00100000
00000000
01000000
,  // measure 34
00000000
00010000
00000000
10000000
00000000
01000000
00000000
00010000
,  // measure 35
00000000
00001000
00000000
00000100
00000000
00000001
00000010
00000001
,  // measure 36
00000000
00001000
00000000
00001000
00000000
00000100
00010000
00000100
,  // measure 37
00000000
00001000
00000000
00001000
00000000
00000010
00000100
00000010
,  // measure 38
00000000
00001000
00000000
00001000
00000000
00000001
00000010
00000001
,  // measure 39
00000000
00000100
00000000
00000100
00000000
00001000
00010000
00001000
,  // measure 40
00000000
00100000
00000000
00100000
00000000
00010000
01000000
00010000
,  // measure 41
00000000
10000000
00000000
10000000
00000000
01000000
00100000
01000000
,  // measure 42
00000000
10000000
00000000
00010000
00000000
01000000
00100000
10000000
,  // measure 43
00000000
01000000
00000000
01000000
00000000
00010000
00001000
00010000
,  // measure 44
00000010
00000000
00000010
00000000
00001000
00000100
00000010
00000000
,  // measure 45
00000001
00000000
00001000
00000000
00000010
00000100
00001000
00010000
,  // measure 46
01000000
00000000
01000000
00000000
10000000
00010000
01000000
00000000
,  // measure 47
00100000
00000000
00010000
00000000
00001000
00000010
00000001
00000000
;
