#TITLE:Love is Orange;
#SUBTITLE:;
#ARTIST:Orange Lounge;
#TITLETRANSLIT:;
#SUBTITLETRANSLIT:;
#ARTISTTRANSLIT:;
#CREDIT:;
#BANNER:Love is Orange-banner.png;
#BACKGROUND:Love is Orange-BG.png;
#LYRICSPATH:;
#CDTITLE:;
#MUSIC:Love is Orange.mp3;
#OFFSET:-0.130;
#SAMPLESTART:21.203;
#SAMPLELENGTH:10.000;
#SELECTABLE:YES;
#BPMS:0.000=90.000,15.000=180.000;
#STOPS:46.000=0.660
,92.000=0.660
,123.000=0.340
;
#BGCHANGES:;
// cache tags:
#FIRSTBEAT:4.000;
#LASTBEAT:283.000;
#SONGFILENAME:Songs/DDI/Love is Orange/Love is Orange.sm;
#HASMUSIC:1;
#HASBANNER:1;
#MUSICLENGTH:103.489;
// end cache tags

//---------------dance-single - ----------------
#NOTES:
     dance-single:
     :
     Easy:
     3:
     0.356,0.477,0.348,0.135,0.000,208.000,36.000,14.000,0.000,0.000:  // measure 1
0000
0000
0000
0000
,  // measure 2
2000
0000
0000
3000
0000
0000
0000
0000
0002
0000
0000
0003
0000
0000
0000
0000
,  // measure 3
2000
0000
0000
3000
0000
0000
0000
0000
0020
0000
0000
0030
0000
0000
0000
0000
,  // measure 4
0200
0000
0000
0300
0000
0000
0000
0000
0002
0000
0000
0003
1000
0000
0000
0000
,  // measure 5
0100
1000
0000
0000
,  // measure 6
0100
0010
0000
0000
,  // measure 7
1000
0100
0000
0000
,  // measure 8
0010
0000
0001
0000
0000
0001
0000
0000
,  // measure 9
0000
0000
1000
0000
0000
1000
0000
0000
,  // measure 10
0001
0000
0100
0000
0000
0100
0000
0000
,  // measure 11
0000
0000
0010
0000
0000
0010
0000
0000
,  // measure 12
0000
0000
1000
0001
1000
0000
0010
0000
,  // measure 13
0000
1000
0100
0010
,  // measure 14
0000
0001
0001
0001
,  // measure 15
0000
0010
0100
1000
,  // measure 16
0000
0001
1000
0001
,  // measure 17
0000
0001
0010
0100
,  // measure 18
0000
1000
1000
1000
,  // measure 19
0000
0100
1001
0100
,  // measure 20
0100
0010
0000
2000
,  // measure 21
0000
3020
0000
0000
0030
0000
0002
0000
,  // measure 22
0000
2003
0000
0000
3000
0000
0200
0000
,  // measure 23
0000
0320
0000
0000
0030
0000
0001
1000
,  // measure 24
0001
0100
0000
1001
,  // measure 25
0001
1000
0000
1001
,  // measure 26
0000
0110
0000
1000
,  // measure 27
0100
1010
0000
0101
,  // measure 28
0000
0001
0000
1000
,  // measure 29
0100
1000
0000
0010
,  // measure 30
0000
1000
0000
0100
,  // measure 31
0010
0000
0100
0000
0000
0010
0010
0000
,  // measure 32
1000
0100
1000
0100
,  // measure 33
1000
0001
1000
0001
,  // measure 34
0100
0001
0100
0001
,  // measure 35
0010
0010
0010
0010
,  // measure 36
0100
0001
0010
0001
,  // measure 37
1000
0100
1000
0010
,  // measure 38
0100
0001
0100
0010
,  // measure 39
2000
0002
0000
0000
,  // measure 40
3003
0000
0100
0101
,  // measure 41
0100
0000
1000
1100
,  // measure 42
1000
0000
0010
1010
,  // measure 43
0010
0000
0001
1001
,  // measure 44
0001
0000
1001
1010
,  // measure 45
1001
0000
0101
1001
,  // measure 46
0101
0000
0101
0110
,  // measure 47
0101
0000
1001
0000
,  // measure 48
1000
0100
0010
0000
,  // measure 49
0001
0010
0100
0000
,  // measure 50
1000
0100
0010
0100
,  // measure 51
1000
0000
1001
0000
,  // measure 52
0010
0100
0010
0000
,  // measure 53
1000
0001
0010
0000
,  // measure 54
1000
0001
0100
0001
,  // measure 55
1000
0000
1001
0000
,  // measure 56
0001
0010
0110
0000
,  // measure 57
1000
0100
0110
0000
,  // measure 58
0001
1000
0001
0100
,  // measure 59
0110
0000
0110
0000
,  // measure 60
0001
1000
1001
0000
,  // measure 61
0001
0100
0101
0000
,  // measure 62
1000
0100
0001
0010
,  // measure 63
1010
0000
0101
0000
,  // measure 64
0001
1000
0110
0000
,  // measure 65
1000
0001
0110
0000
,  // measure 66
0001
1000
0100
0010
,  // measure 67
1001
0100
1001
0010
,  // measure 68
0100
0010
0001
1000
,  // measure 69
0010
0100
1000
0001
,  // measure 70
1000
0100
0010
0100
,  // measure 71
0101
0000
1001
0000
;

//---------------dance-single - ----------------
#NOTES:
     dance-single:
     :
     Medium:
     5:
     0.422,0.477,0.029,0.058,0.029,297.000,3.000,6.000,0.000,0.000:  // measure 1
0000
0000
0000
0000
,  // measure 2
0001
0000
0000
0001
0000
0000
0000
0000
1000
0000
0000
1000
0000
0000
0000
0000
,  // measure 3
0010
0000
0000
0010
0000
0000
0000
0000
0100
0000
0000
0100
0000
0000
0000
0000
,  // measure 4
0001
0000
0000
0001
0000
0000
0000
0000
1000
0000
0000
1000
0000
0000
0000
0000
,  // measure 5
0000
0000
0100
0000
0000
0100
0000
0000
,  // measure 6
0000
0000
0001
0000
0000
0001
0000
0000
,  // measure 7
0000
0000
1000
0000
0000
1000
0000
0000
,  // measure 8
0000
0000
0100
0000
0000
0100
0000
0000
,  // measure 9
0000
0000
0010
0000
0000
0001
0000
0000
,  // measure 10
0000
0000
0100
0000
0000
1000
0000
0000
,  // measure 11
0000
0000
0010
0000
0000
0001
0000
0000
,  // measure 12
0000
0000
0100
0100
0100
0000
0010
0000
,  // measure 13
0000
0001
1000
0000
0001
0001
0001
0000
,  // measure 14
0000
0010
0100
0000
0000
0000
0010
0000
,  // measure 15
0000
1000
0100
0000
0010
0010
0010
0000
,  // measure 16
0000
1000
0001
0000
0000
0000
0100
0000
,  // measure 17
0000
0100
0010
0000
1000
1000
1000
0000
,  // measure 18
0000
0010
0100
0000
0000
0000
1000
0000
,  // measure 19
0000
0010
0100
0000
0010
0000
0010
1000
,  // measure 20
0010
1000
0010
0000
0000
0000
0001
0000
,  // measure 21
0001
1000
0000
0001
1000
0001
0100
0000
,  // measure 22
0100
0010
0000
0100
0001
0100
0010
0000
,  // measure 23
0010
0100
0000
1000
0001
1000
0010
0100
,  // measure 24
0010
0000
1000
0000
0000
0001
1000
0000
,  // measure 25
0010
0000
0100
0001
0100
0001
0100
0000
,  // measure 26
0000
0000
0010
0000
0000
1000
0010
0000
,  // measure 27
0100
0000
0010
1000
0010
1000
0010
0000
,  // measure 28
0000
0000
0001
0000
0000
1000
0001
0000
,  // measure 29
0001
0000
1000
0001
1000
0001
1000
0000
,  // measure 30
0000
0000
0010
0000
1000
0010
1000
0000
,  // measure 31
0001
0000
0010
0001
0010
0001
0010
0000
,  // measure 32
0000
0000
0010
0000
0000
0010
0000
0010
,  // measure 33
0000
0000
0100
0000
0000
0100
0000
0100
,  // measure 34
0000
0000
1000
0000
0000
0001
0000
1000
,  // measure 35
0000
0000
0010
0000
0000
0100
0000
0001
,  // measure 36
0000
0000
0001
0000
0000
1000
0000
0100
,  // measure 37
0000
0000
1000
0000
0000
0010
0000
0100
,  // measure 38
0000
0000
0001
0000
0000
0010
0000
0100
,  // measure 39
1000
0001
0000
1001
,  // measure 40
0100
0000
0000
1000
0100
0000
0010
0000
,  // measure 41
0001
0100
0001
0000
0010
0000
0000
0000
,  // measure 42
0100
0000
0010
0100
0010
0000
1000
0000
,  // measure 43
0100
1000
0100
0000
0001
0000
0000
0000
,  // measure 44
0010
0000
0000
0001
1000
0000
0100
0000
,  // measure 45
0010
0000
0010
0001
0100
0000
0000
0000
,  // measure 46
1000
0000
0100
1000
0100
0000
0010
0000
,  // measure 47
0100
0010
0100
0000
0001
0000
0000
0000
,  // measure 48
1000
0100
1000
0100
1000
0000
0000
0000
,  // measure 49
0001
0010
0001
0010
0001
0000
0000
0000
,  // measure 50
1000
0100
1000
0100
0010
0001
0010
0001
,  // measure 51
0010
0000
0100
0000
,  // measure 52
0010
0100
0010
0100
0010
0000
0000
0000
,  // measure 53
1000
0001
1000
0001
1000
0000
0000
0000
,  // measure 54
0010
0001
0010
0001
0100
0001
0100
0001
,  // measure 55
1000
0000
0100
0000
,  // measure 56
0100
1000
0100
1000
0000
0100
1000
0000
,  // measure 57
0010
0100
0010
0100
0000
0010
0100
0000
,  // measure 58
0001
0010
0001
0010
0000
0001
0010
0000
,  // measure 59
1000
0001
1000
0001
0000
1000
0001
0000
,  // measure 60
0010
0100
0010
0100
0000
0100
0010
0000
,  // measure 61
0001
1000
0001
1000
0000
1000
0001
0000
,  // measure 62
0010
1000
0010
1000
0000
1000
0010
0000
,  // measure 63
0001
0010
0001
0010
0000
0010
0001
0000
,  // measure 64
1000
0100
1000
0100
2000
0000
0000
0000
,  // measure 65
3010
0100
0010
0100
0020
0000
0000
0000
,  // measure 66
0031
0010
0001
0010
0002
0000
0000
0000
,  // measure 67
1003
0000
1001
0000
,  // measure 68
0001
0010
0100
0000
0200
0000
0000
0000
,  // measure 69
0310
0100
1000
0000
0002
0000
0000
0000
,  // measure 70
1003
0100
0010
0000
2000
0000
0000
0000
,  // measure 71
3001
0000
0110
0000
;

//---------------dance-single - ----------------
#NOTES:
     dance-single:
     :
     Hard:
     8:
     0.607,0.615,0.058,0.135,0.024,420.000,6.000,14.000,0.000,0.000:  // measure 1
0000
0000
0000
0000
,  // measure 2
2000
0000
0000
3002
0000
0000
0003
0000
0002
0000
0000
0023
0000
0000
0030
0000
,  // measure 3
0020
0000
0000
0230
0000
0000
0300
0000
0200
0000
0000
2300
0000
0000
3000
0000
,  // measure 4
2000
0000
0000
3002
0000
0000
0003
0000
0002
0000
0000
0003
0020
0000
0000
0000
,  // measure 5
0000
0000
0130
0000
0001
1000
0000
0001
,  // measure 6
1000
0100
0010
0000
1000
0100
0000
0001
,  // measure 7
0010
0100
0010
0000
0001
0100
0000
0010
,  // measure 8
0100
1000
0100
0000
0001
1000
0000
0010
,  // measure 9
0100
0010
1000
0000
0001
0010
0000
1000
,  // measure 10
0100
0001
0100
0000
0010
0100
0000
0001
,  // measure 11
0010
1000
0010
0000
1000
0100
0000
0001
,  // measure 12
0100
0010
0100
0100
0100
0000
0010
0000
,  // measure 13
0000
1000
0100
0000
0001
0010
0100
0010
,  // measure 14
0001
1000
0001
0000
0000
0000
1000
0010
,  // measure 15
0001
0010
1000
0000
0001
0000
0010
0001
,  // measure 16
0100
0001
0010
0000
0000
0000
1000
0000
,  // measure 17
0000
0001
0010
0000
0000
0000
0100
1000
,  // measure 18
0010
1000
0001
0000
0000
0000
0001
0010
,  // measure 19
0100
1000
0001
0000
1000
0000
0100
0010
,  // measure 20
0001
1000
0010
0000
0000
0000
1000
0010
,  // measure 21
0100
0001
0000
1000
0001
1000
0010
0100
,  // measure 22
0001
1000
0000
0001
0010
0100
1000
0100
,  // measure 23
1000
0010
0000
0001
1000
0001
0010
0010
,  // measure 24
0010
0000
1000
0010
1000
0001
1000
0010
,  // measure 25
1000
0001
0100
0001
0100
0010
0100
0001
,  // measure 26
0100
0010
1000
0100
1000
0001
1000
0100
,  // measure 27
1000
0001
0100
0010
0100
0001
0100
0000
,  // measure 28
0000
0000
0001
0100
0001
1000
0001
0100
,  // measure 29
0001
1000
0100
0010
0100
1000
0100
0010
,  // measure 30
0100
1000
0010
1000
0010
0100
0010
1000
,  // measure 31
0010
0100
0001
1000
0001
0100
0001
0000
,  // measure 32
1000
0000
1000
0000
1000
0001
0000
0001
,  // measure 33
0100
0000
0100
0000
0100
0010
0000
0010
,  // measure 34
1000
0000
1000
0000
1000
0001
0000
0001
,  // measure 35
0200
0000
0000
0020
0300
0000
0000
0030
,  // measure 36
1000
0000
1000
0000
1000
0010
0000
0010
,  // measure 37
0100
0000
0100
0000
0100
0001
0000
0001
,  // measure 38
1000
0000
1000
0000
1000
0001
0000
0001
,  // measure 39
1000
0100
0010
0001
1000
0100
0010
0001
,  // measure 40
1000
0000
0000
1000
0010
1000
0001
1000
,  // measure 41
0010
0000
0000
0001
0100
0010
1000
0001
,  // measure 42
0010
0000
0000
0100
0010
0001
0100
0010
,  // measure 43
0100
0000
0000
0100
1000
0001
1000
0100
,  // measure 44
0010
0000
0000
0001
1000
0010
0100
0001
,  // measure 45
0010
0000
0000
1000
0010
0100
0001
1000
,  // measure 46
0100
0000
0000
0010
0100
0001
0010
0100
,  // measure 47
1000
0000
0000
1000
0100
0000
0000
0000
,  // measure 48
1000
0100
0001
0100
1000
0000
0000
0000
,  // measure 49
0001
0010
1000
0010
0001
0000
0000
0000
,  // measure 50
1000
0010
0100
0001
1000
0010
0100
0001
,  // measure 51
1001
0000
0110
0000
,  // measure 52
0001
0100
0010
0100
0001
0000
0000
0000
,  // measure 53
1000
0010
0100
0010
1000
0000
0000
0000
,  // measure 54
0001
0100
0010
1000
0001
0100
0010
1000
,  // measure 55
1001
0000
1001
0000
,  // measure 56
1000
0100
1000
0001
0010
0001
0010
0000
,  // measure 57
0001
0010
0001
0100
0010
0100
0010
0000
,  // measure 58
1000
0001
0100
0010
1000
0001
0100
0001
,  // measure 59
1000
0001
1000
0000
0100
0001
0100
0000
,  // measure 60
1000
0010
1000
0100
0010
0100
0010
0000
,  // measure 61
0001
1000
0100
0010
0100
0010
0100
0000
,  // measure 62
0001
1000
0100
0010
0001
1000
0010
0100
,  // measure 63
0001
1000
0001
0000
0010
0100
0010
0000
,  // measure 64
1000
0100
1000
0100
1000
0100
0010
0001
,  // measure 65
0001
0010
0001
0010
0001
0010
0100
1000
,  // measure 66
1000
0100
0010
0001
0001
0010
0100
1000
,  // measure 67
0100
1000
0100
0000
0010
0001
0010
0000
,  // measure 68
0001
0010
0100
1000
0001
0010
0100
1000
,  // measure 69
1000
0100
0010
0001
1000
0100
0010
0001
,  // measure 70
0001
0010
0100
1000
0001
0010
0100
1000
,  // measure 71
1001
0001
1000
0000
1001
1000
0001
0000
;

//---------------dance-double - ----------------
#NOTES:
     dance-double:
     :
     Easy:
     3:
     0.293,0.307,0.058,0.155,0.000,190.000,6.000,16.000,0.000,0.000:  // measure 1
00000000
00000000
00000000
00000000
,  // measure 2
20000000
00000000
00000000
30000000
00000000
00000000
00000000
00000000
00200000
00000000
00000000
00300000
00000000
00000000
00000000
00000000
,  // measure 3
00002000
00000000
00000000
00003000
00000000
00000000
00000000
00000000
00000020
00000000
00000000
00000030
00000000
00000000
00000000
00000000
,  // measure 4
00000200
00000000
00000000
00000300
00000000
00000000
00000000
00000000
00020000
00000000
00000000
00030000
00000000
00000000
00000000
00000000
,  // measure 5
00000000
00000000
00100000
00000000
00000000
01000000
00000000
00000000
,  // measure 6
00000000
00000000
00010000
00000000
00000000
00001000
00000000
00000000
,  // measure 7
00000000
00000000
00000010
00000000
00000000
00000100
00000000
00000000
,  // measure 8
00000000
00000000
00010000
00000000
00000000
01000000
00000000
00000000
,  // measure 9
00000000
00000000
00001000
00000000
00000000
00010000
00000000
00000000
,  // measure 10
00000000
00000000
00000010
00000000
00000000
00000100
00000000
00000000
,  // measure 11
00000000
00000000
00010000
00000000
00000000
00001000
00000000
00000000
,  // measure 12
01000000
00000000
00001000
00010000
00001000
00000000
00010000
00000000
,  // measure 13
10000000
01000000
00100000
00010000
,  // measure 14
00000000
00001000
00000000
00000010
,  // measure 15
00000100
00001000
00010000
00001000
,  // measure 16
00000000
01000000
00000000
10000000
,  // measure 17
01000000
01000000
00100000
00010000
,  // measure 18
00000000
00001000
00000000
00001000
,  // measure 19
00000100
00000100
00000010
00000001
,  // measure 20
00001000
00001001
00000000
00001000
,  // measure 21
00000000
00010000
00000000
00000000
00000000
00000000
01000000
00000000
,  // measure 22
00000000
00010000
00000000
00000000
00000000
00000000
00000100
00000000
,  // measure 23
00000000
00010000
00000000
00000000
00000000
00000000
00100000
10000000
,  // measure 24
00100000
00001000
00000000
00000100
,  // measure 25
00001000
00010000
00000000
00100000
,  // measure 26
00000000
00001000
00000000
00010000
,  // measure 27
00001000
00010000
00000000
10000000
,  // measure 28
00000000
00010000
00000000
00001000
,  // measure 29
00010000
00000100
00000000
00000010
,  // measure 30
00000000
00000001
00000000
00000010
,  // measure 31
00000000
00000000
00000100
00000000
00000000
00000010
00000010
00000000
,  // measure 32
00000000
00000000
00000001
00000000
00000000
00000001
00000000
00000001
,  // measure 33
00000000
00000000
00000010
00000000
00000000
00000010
00000000
00000010
,  // measure 34
00000000
00000000
00000100
00000000
00000000
00000100
00000000
00000100
,  // measure 35
00000000
00000000
00010000
00000000
00000000
00010000
00000000
00010000
,  // measure 36
00000000
00000000
00001000
00000000
00000000
00001000
00000000
00001000
,  // measure 37
00000000
00000000
00100000
00000000
00000000
00100000
00000000
00100000
,  // measure 38
00000000
00000000
01000000
00000000
00000000
01000000
00000000
01000000
,  // measure 39
20000000
00020000
00000000
00000000
,  // measure 40
30030000
00000000
00001000
00010000
,  // measure 41
00001000
00000000
00000100
00000000
,  // measure 42
00000001
00000000
00000010
00000100
,  // measure 43
00000001
00000000
00001001
00000000
,  // measure 44
00000100
00000000
00001000
00010000
,  // measure 45
00100000
00000000
01000000
00000000
,  // measure 46
00010000
00000000
10000000
00100000
,  // measure 47
01000000
00000000
01100000
00000000
,  // measure 48
00200000
00000000
00310000
00000000
,  // measure 49
00020000
00000000
00031000
00000000
,  // measure 50
00002000
00000000
00003020
00000000
,  // measure 51
00000130
00000000
00000100
00000000
,  // measure 52
00002000
00000000
00013000
00000000
,  // measure 53
00020000
00000000
00130000
00000000
,  // measure 54
20000000
00000000
32000000
00000000
,  // measure 55
03100000
00000000
00010000
00000000
,  // measure 56
00010000
00001000
00000100
00000000
,  // measure 57
00000010
00000100
00001000
00000000
,  // measure 58
00000001
00000010
00000100
00001000
,  // measure 59
00010000
00000000
10010000
00000000
,  // measure 60
10000000
00100000
00010000
00000000
,  // measure 61
00001000
00010000
00000100
00000000
,  // measure 62
00000001
00000010
00000100
00000010
,  // measure 63
00000001
00000000
00001001
00000000
,  // measure 64
10000000
01000000
00100000
01000000
,  // measure 65
00010000
00100000
00001000
00010000
,  // measure 66
00000100
00001000
00000010
00000100
,  // measure 67
00000001
00001000
00000001
00000100
,  // measure 68
00010000
00000100
00100000
00001000
,  // measure 69
01000000
00010000
10000000
00100000
,  // measure 70
01000000
00001000
00010000
00100000
,  // measure 71
01000000
00000000
10010000
00000000
;

//---------------dance-double - ----------------
#NOTES:
     dance-double:
     :
     Medium:
     6:
     0.435,0.477,0.039,0.010,0.029,310.000,4.000,1.000,0.000,0.000:  // measure 1
00000000
00000000
00000000
00000000
,  // measure 2
10000000
00000000
00000000
10000000
00000000
00000000
00000000
00000000
01000000
00000000
00000000
01000000
00000000
00000000
00000000
00000000
,  // measure 3
00010000
00000000
00000000
00010000
00000000
00000000
00000000
00000000
00000100
00000000
00000000
00000100
00000000
00000000
00000000
00000000
,  // measure 4
00001000
00000000
00000000
00001000
00000000
00000000
00000000
00000000
00010000
00000000
00000000
00010000
00000000
00000000
00000000
00000000
,  // measure 5
00000000
00000000
10000000
00000000
00000000
00010000
00000000
00000000
,  // measure 6
00000100
00000000
00001000
00000000
00000000
00010000
00000000
00000000
,  // measure 7
00001000
00000000
00000100
00000000
00000000
00001000
00000000
00000000
,  // measure 8
00000001
00000000
00000010
00000000
00000000
00000100
00000000
00000000
,  // measure 9
00001000
00000000
00010000
00000000
00000000
00001000
00000000
00000000
,  // measure 10
00100000
00000000
10000000
00000000
00000000
00010000
00000000
00000000
,  // measure 11
00001000
00000000
00100000
00000000
00000000
00001000
00000000
00000000
,  // measure 12
00000000
00000000
00100000
00001000
00100000
00000000
00001000
00000000
,  // measure 13
00000000
00100000
00001000
00000000
00000000
00001000
00010000
00000000
,  // measure 14
00000000
00010000
00000100
00000000
00000000
00000100
00000010
00000000
,  // measure 15
00000000
00000010
00001000
00000000
00000000
00001000
00010000
00000000
,  // measure 16
00000000
00010000
10000000
00000000
00000000
10000000
00100000
00000000
,  // measure 17
00000000
00001000
00010000
00000000
00000000
00010000
00000100
00000000
,  // measure 18
00000000
00001000
00100000
00000000
00000000
00010000
10000000
00000000
,  // measure 19
00000000
00100000
00010000
00000000
00000000
10000000
01000000
00000000
,  // measure 20
00000000
00001000
00010000
00000000
00000000
00000000
00001000
00000000
,  // measure 21
00000000
00010000
00000000
00000000
00000000
00000000
01000000
00000000
,  // measure 22
00000000
00100000
00000000
00000000
00000000
00000000
00010000
00000000
,  // measure 23
00000000
00001000
00000000
00000000
00000000
00000000
00010000
00010000
,  // measure 24
00001000
00000000
00011000
00000000
00000000
10000000
00010000
00000000
,  // measure 25
00010000
00100000
00010000
00000000
00000000
00001000
00010000
00000000
,  // measure 26
00000000
00000000
00001000
00000000
00000000
00001000
00000010
00000000
,  // measure 27
00001000
00000001
00001000
00000000
00000000
00010000
00001000
00000000
,  // measure 28
00000000
00000000
10000000
00000000
00000000
00010000
10000000
00000000
,  // measure 29
00010000
00100000
00010000
00000000
00000000
00001000
00010000
00000000
,  // measure 30
00000000
00000000
00001000
00000000
00000000
00010000
00001000
00000000
,  // measure 31
00010000
00000000
00100000
00010000
00100000
00010000
00100000
00000000
,  // measure 32
10000000
00000000
10000000
00000000
00000000
01000000
00000000
01000000
,  // measure 33
00100000
00000000
00100000
00000000
00000000
00010000
00000000
00010000
,  // measure 34
00001000
00000000
00001000
00000000
00000000
00001000
00000000
00001000
,  // measure 35
00010000
00000000
00010000
00000000
00000000
00000100
00000000
00000100
,  // measure 36
00000010
00000000
00000010
00000000
00000000
00000001
00000000
00000001
,  // measure 37
00000001
00000000
00000001
00000000
00000000
00000010
00000000
00000010
,  // measure 38
00001000
00000000
00001000
00000000
00000000
00010000
00000000
00010000
,  // measure 39
10000000
20000000
00000000
00000000
,  // measure 40
30100000
00000000
00000000
00000000
00010000
10000000
00010000
10000000
,  // measure 41
00010000
00000000
00000000
00010000
00001000
00000000
00000000
00000000
,  // measure 42
00000001
00000010
00000001
00000010
00000001
00000000
00000100
00000000
,  // measure 43
00000010
00001000
00000010
00001000
00000010
00000000
00000000
00000000
,  // measure 44
00000010
00000000
00000000
00000000
00010000
00001000
00010000
00001000
,  // measure 45
00010000
00000000
00000000
00010000
10000000
00000000
00000000
00000000
,  // measure 46
10000000
01000000
10000000
01000000
10000000
00000000
01000000
00000000
,  // measure 47
00100000
00010000
00100000
00010000
00100000
00000000
00000000
00000000
,  // measure 48
00001000
00010000
00001000
00000000
00010000
00001000
00010000
00000000
,  // measure 49
00000100
00001000
00000100
00000000
00000001
00000010
00000001
00000000
,  // measure 50
00000001
00000100
00000001
00000000
00000010
00001000
00000010
00000000
,  // measure 51
00000100
00010000
00000100
00000000
00001000
00100000
00001000
00000000
,  // measure 52
00010000
01000000
00010000
00000000
10000000
00100000
10000000
00000000
,  // measure 53
10000000
01000000
10000000
00000000
00010000
10000000
00010000
00000000
,  // measure 54
00001000
00010000
00001000
00000000
00000100
00001000
00000100
00000000
,  // measure 55
00000010
00001000
00000010
00000000
00000100
00010000
00000100
00000000
,  // measure 56
10000000
00010000
10000000
00010000
10000000
00000000
00000000
00000000
,  // measure 57
00001000
00010000
00001000
00010000
00001000
00000000
00000000
00000000
,  // measure 58
00000001
00001000
00000001
00001000
00000010
00000100
00000010
00000100
,  // measure 59
00000010
00000000
00000110
00000000
,  // measure 60
10000000
01000000
10000000
01000000
10000000
00000000
00000000
00000000
,  // measure 61
00010000
00100000
00010000
00100000
00010000
00000000
00000000
00000000
,  // measure 62
00001000
00010000
00001000
00010000
00000100
00001000
00000100
00001000
,  // measure 63
00000100
00000000
00010100
00000000
,  // measure 64
10000000
01000000
00100000
00000000
00100000
01000000
10000000
00000000
,  // measure 65
00001000
00001000
00010000
00000000
00010000
00010000
00001000
00000000
,  // measure 66
00000100
00001000
00000010
00000000
00000001
00001000
00000100
00000000
,  // measure 67
00001000
00010000
00000100
00000000
00100000
00010000
00100000
00000000
,  // measure 68
10000000
01000000
10000000
00000000
00010000
01000000
00100000
00000000
,  // measure 69
00001000
00010000
00001000
00000000
00000100
00001000
00000010
00000000
,  // measure 70
00000001
00000010
00000001
00000000
00000010
00000100
00000010
00000000
,  // measure 71
00001000
00000100
00001000
00000000
00011000
00000000
00000000
00000000
;

//---------------dance-double - ----------------
#NOTES:
     dance-double:
     :
     Hard:
     9:
     0.581,0.579,0.087,0.155,0.043,396.000,9.000,16.000,0.000,0.000:  // measure 1
00000000
00000000
00000000
00000000
,  // measure 2
20000000
00000000
00000000
32000000
00000000
00000000
03000000
00000000
00200000
00000000
00000000
00320000
00000000
00000000
00030000
00000000
,  // measure 3
00002000
00000000
00000000
00003200
00000000
00000000
00000300
00000000
00020000
00000000
00000000
00030200
00000000
00000000
00000300
00000000
,  // measure 4
00000002
00000000
00000000
00000023
00000000
00000000
00000030
00000000
00002000
00000000
00000000
00003000
00020000
00000000
00000000
00000000
,  // measure 5
00000000
00000000
10030000
00000000
00000000
00100000
00000000
00010000
,  // measure 6
00100000
00010000
00100000
00000000
00000000
00001000
00000000
00010000
,  // measure 7
00001000
00010000
00000100
00000000
00000000
00000010
00000000
00000001
,  // measure 8
00001000
00000001
00000010
00000000
00000000
00000001
00000000
00001000
,  // measure 9
00000100
00001000
00010000
00000000
00000000
00100000
00000000
01000000
,  // measure 10
00010000
10000000
00100000
00000000
00000000
00010000
00000000
10000000
,  // measure 11
00010000
00100000
00001000
00000000
00000000
00010000
00000000
00010000
,  // measure 12
00100000
00001000
00010000
00010000
00010000
00000000
00001000
00010000
,  // measure 13
00001000
00100000
00010000
01000000
00100000
10000000
00010000
01000000
,  // measure 14
00001000
00100000
00001000
00000000
00000000
00000000
00000001
00000100
,  // measure 15
00000010
00001000
00000100
00010000
00001000
00100000
00010000
00100000
,  // measure 16
00001000
00010000
00000100
00000000
00000000
00000000
10000000
01000000
,  // measure 17
10000000
00100000
01000000
00010000
00100000
00010000
01000000
00100000
,  // measure 18
00010000
00010000
00000100
00000000
00000000
00000000
00000001
00000010
,  // measure 19
00000100
00001000
00000010
00010000
00000100
00010000
00001000
00100000
,  // measure 20
00010000
00100000
01000000
00000000
00000000
00000000
00001000
00010000
,  // measure 21
00001000
00100000
00000000
10000000
00010000
00100000
00001000
00010000
,  // measure 22
00000100
00001000
00000000
00000010
00000001
00000100
00000001
00000010
,  // measure 23
00000001
00001000
00000000
00010000
00001000
00100000
00010000
00010000
,  // measure 24
00010000
00000000
10010000
00000000
00000000
10000000
00010000
00100000
,  // measure 25
00001000
00010000
00000100
00001000
00000010
00000100
00000001
00000000
,  // measure 26
00000000
00000000
00000100
00001000
00000010
00001000
00000100
00000000
,  // measure 27
00010000
00000000
00100000
00001000
00010000
00001000
00100000
00000000
,  // measure 28
00000000
00000000
10000000
00000000
00000000
00010000
01000000
00100000
,  // measure 29
00010000
00001000
00010000
00000100
00001000
00000010
00001000
00000000
,  // measure 30
00000000
00000000
00000001
00000010
00000100
00001000
00000100
00000000
,  // measure 31
00010000
00000000
00001000
00010000
00001000
00100000
00010000
00000000
,  // measure 32
10000000
00000000
10000000
00000000
10000000
01000000
00000000
01000000
,  // measure 33
00100000
00000000
00100000
00000000
00100000
00010000
00000000
00010000
,  // measure 34
00001000
00000000
00001000
00000000
00001000
00000100
00000000
00000100
,  // measure 35
00001000
00000000
00001000
00000000
00001000
00000010
00000000
00000010
,  // measure 36
00000001
00000000
00000001
00000000
00000001
00001000
00000000
00001000
,  // measure 37
00010000
00000000
00010000
00000000
00010000
00100000
00000000
00100000
,  // measure 38
00001000
00000000
00010000
00000000
00001000
00100000
00000000
00100000
,  // measure 39
00101000
00000000
00010100
00000100
00001000
00000010
00000100
00000001
,  // measure 40
00000010
00000000
00000000
00000001
00000100
00000010
00001000
00000100
,  // measure 41
00010000
00000000
00000000
00001000
00010000
00000000
00000000
00100000
,  // measure 42
10000000
01000000
00010000
00100000
01000000
00000000
00001000
00000000
,  // measure 43
00001000
00010000
00100000
00010000
00001000
00000000
00000000
00000000
,  // measure 44
00000011
00000000
00000000
00000010
00000100
00001000
00010000
00001000
,  // measure 45
00000100
00000000
00000000
00000100
00010000
00000000
00000000
10000000
,  // measure 46
01000000
00100000
01000000
10000000
00010000
00000000
00001000
00000000
,  // measure 47
00001000
00010000
00000100
00001000
00010000
00000000
00000000
00000000
,  // measure 48
10000000
00000000
01000000
00000000
10000000
01000000
10000000
00000000
00100000
00000000
00000000
00000000
00000000
00000000
00000000
00000000
,  // measure 49
00010000
00000000
00001000
00000000
00010000
00001000
00010000
00000000
00000100
00000000
00000000
00000000
00000000
00000000
00000000
00000000
,  // measure 50
10000000
01000000
00100000
00010000
00100000
00001000
00010000
00000100
,  // measure 51
00000010
00000000
00001001
00000000
,  // measure 52
00000100
00000000
00000010
00000000
00000100
00000010
00000100
00000000
00000001
00000000
00000000
00000000
00000000
00000000
00000000
00000000
,  // measure 53
00010000
00000000
00001000
00000000
00010000
00001000
00010000
00000000
00000100
00000000
00000000
00000000
00000000
00000000
00000000
00000000
,  // measure 54
01000000
00100000
00010000
00001000
00000100
00000010
00000100
00001000
,  // measure 55
00000100
00000000
00010100
00000000
,  // measure 56
10000000
01000000
00100000
00010000
00002000
00000000
00000000
00000000
,  // measure 57
00013000
00001000
00000100
00000010
00000002
00000000
00000000
00000000
,  // measure 58
00000013
00000100
00001000
00010000
00001000
00000100
00000010
00000100
,  // measure 59
00001000
00000000
00011000
00000000
,  // measure 60
00000001
00000010
00000100
00001000
00000002
00000000
00000000
00000000
,  // measure 61
00000013
00000100
00001000
00010000
00002000
00000000
00000000
00000000
,  // measure 62
01003000
00100000
00010000
00100000
01000000
00001000
00010000
00100000
,  // measure 63
01000000
00000000
01010000
00000000
,  // measure 64
10000000
01000000
10000000
00100000
01000000
00010000
10000000
00100000
,  // measure 65
01000000
00010000
00100000
00001000
00010000
00000100
00001000
00000010
,  // measure 66
00000100
00000010
00001000
00000001
00000100
00000001
00000010
00000001
,  // measure 67
00000100
00000010
00010000
00001000
00100000
00010000
01000000
00100000
,  // measure 68
10000000
00010000
10000000
00100000
01000000
00001000
00100000
00010000
,  // measure 69
00100000
00001000
00010000
00000100
00001000
00000010
00000100
00000001
,  // measure 70
00000010
00000001
00000100
00000001
00000010
00000100
00001000
00010000
,  // measure 71
00100000
00000000
10010000
00000000
;
