#TITLE:Ghosts;
#SUBTITLE:(Junior Vasquez Remix);
#ARTIST:Tenth Planet;
#TITLETRANSLIT:;
#SUBTITLETRANSLIT:;
#ARTISTTRANSLIT:;
#CREDIT:;
#BANNER:Ghosts (Junior Vasquez Remix)-bn.png;
#BACKGROUND:Ghosts (Junior Vasquez Remix)-bg.png;
#LYRICSPATH:Lyrics.lrc;
#CDTITLE:sporktitles4.png;
#MUSIC:Ghosts (Junior Vazquez Remix).mp3;
#OFFSET:-0.325;
#SAMPLESTART:65.247;
#SAMPLELENGTH:14.700;
#SELECTABLE:YES;
#BPMS:0.000=133.000;
#STOPS:;
#BGCHANGES:;
// cache tags:
#FIRSTBEAT:16.000;
#LASTBEAT:244.000;
#SONGFILENAME:Songs/DDI/Ghosts (Junior Vasquez Remix)/Ghosts (Junior Vasquez Remix).sm;
#HASMUSIC:1;
#HASBANNER:1;
#MUSICLENGTH:112.282;
// end cache tags

//---------------dance-single - ----------------
#NOTES:
     dance-single:
     :
     Beginner:
     1:
     0.139,0.187,0.071,0.071,0.000,93.000,8.000,8.000,0.000,0.000:
0000
0000
0000
0000
,
0000
0000
0000
0000
,
0000
0000
0000
0000
,
0000
0000
0000
0000
,
0001
0000
0000
0000
,
0001
0000
0000
0000
,
1000
0000
0000
0000
,
1000
0000
0000
0000
,
0001
0001
0001
0000
,
0100
0000
0010
0000
,
1000
1000
1000
0000
,
0001
0001
0001
0000
,
1000
1000
1000
0000
,
0010
0000
0100
0000
,
0001
0001
0001
0000
,
1000
0000
0001
0000
,
1001
0000
0000
0000
,
1001
0000
0000
0000
,
0110
0000
0000
0000
,
2002
0000
3003
0000
,
0001
0000
0100
0000
,
0001
0000
0000
0000
,
1000
0000
0010
0000
,
1000
0000
0000
0000
,
0001
0000
0010
0000
,
0100
0000
1000
0000
,
0001
0000
0000
0000
,
1000
0000
0000
0000
,
0001
0000
0010
0000
,
0001
0000
0000
0000
,
1000
0000
0100
0000
,
1000
0000
0000
0000
,
0001
0000
0100
0000
,
0010
0000
1000
0000
,
0001
0000
0000
0000
,
1000
0000
0000
0000
,
0001
0001
0000
1000
,
1000
0000
0000
0000
,
0010
0000
0100
0000
,
0001
0000
1000
1000
,
1000
0000
0001
0000
,
0100
0000
0010
0000
,
0200
0000
0300
0000
,
0020
0000
0030
0000
,
1000
1000
0000
0001
,
0001
0000
0010
0000
,
0100
0100
0100
0000
,
0010
0000
0001
0001
,
0001
0000
1000
0000
,
0010
0000
0100
0000
,
0020
0000
0030
0000
,
0200
0000
0300
0000
,
0001
0000
0000
0000
,
1000
0000
0000
0000
,
0001
0000
0000
0000
,
1000
0000
0000
0000
,
1001
0000
0000
0000
,
0110
0000
0000
0000
,
1001
0000
0000
0000
,
2002
0000
0000
0000
,
3003
0000
0000
0000
;

//---------------dance-single - ----------------
#NOTES:
     dance-single:
     :
     Easy:
     3:
     0.223,0.299,0.098,0.151,0.000,147.000,11.000,17.000,0.000,0.000:
0000
0000
0000
0000
,
0000
0000
0000
0000
,
0000
0000
0000
0000
,
0000
0000
0000
0000
,
0002
0000
0003
0000
,
2000
0000
3000
0000
,
0002
0000
0003
0000
,
2000
0000
3000
0000
,
0001
0100
0010
0000
,
0010
1000
0001
0000
,
0001
1000
0100
0000
,
0100
1000
0001
0100
,
0010
1000
0001
0000
,
0010
0001
0100
0010
,
1000
0001
0100
0000
,
0100
0001
0010
0100
,
2000
0000
3000
0000
,
0002
0000
0003
0000
,
2000
0000
3000
0000
,
2002
0000
3003
0000
,
0001
0100
1000
0100
,
0001
0000
0001
0000
,
1000
0100
0001
0100
,
1000
0000
1000
0000
,
0001
0010
0001
0010
,
0100
1000
0010
0100
,
0001
0000
1000
0000
,
0001
0000
1000
0001
,
1000
0010
0001
0010
,
1000
0000
1000
0000
,
0001
0010
1000
0010
,
0001
0000
0001
0000
,
1000
0100
1000
0100
,
0010
0001
0100
0010
,
1000
0000
0001
0000
,
1000
0001
0000
0100
,
0010
0020
0000
0130
,
0200
0000
0301
0010
,
1001
1001
0010
0001
,
0100
0000
0010
1000
,
0001
0000
1000
0200
,
0000
0000
1300
0001
,
0100
0000
0100
0000
,
0010
0000
0010
0000
,
1000
2000
0000
3001
,
0002
0100
1003
0100
,
1001
0010
0100
1000
,
0010
0000
0100
0001
,
1000
0000
0100
0020
,
0000
0000
0130
1000
,
0001
0000
0001
0000
,
1000
0010
0100
0001
,
1000
0000
1000
0000
,
0001
0000
0001
0000
,
0010
0000
0010
0000
,
0100
0000
0100
0000
,
0110
0000
1001
0000
,
0101
0000
1100
0000
,
0011
0000
1010
0000
,
2002
0000
0000
0000
,
0000
0000
0000
0000
,
3003
0000
0000
0000
;

//---------------dance-single - ----------------
#NOTES:
     dance-single:
     :
     Medium:
     5:
     0.300,0.353,0.080,0.187,0.013,206.000,9.000,21.000,0.000,0.000:
0000
0000
0000
0000
,
0000
0000
0000
0000
,
0000
0000
0000
0000
,
0000
0000
0000
0000
,
0001
2000
0100
3000
,
1000
0000
0001
0000
,
1000
0002
0010
0003
,
0001
0000
1000
0000
,
0010
0000
1000
0000
0001
0000
0100
0001
,
0100
0000
0001
0000
0010
0000
0100
0010
,
0100
0000
1000
0000
0001
0000
0100
0001
,
0100
0000
0100
0000
0100
0001
0100
0001
,
0010
0000
0100
0000
1000
0000
0100
1000
,
0100
0000
0100
0000
0100
1000
0100
1000
,
0010
0000
0100
0000
0001
0000
0010
0001
,
0010
0000
0010
0000
0010
0001
0010
0001
,
2000
0000
3001
0100
,
0020
0000
0130
0000
,
0200
0000
0301
1000
,
0010
0000
0000
0000
2002
0000
0000
3003
,
0001
0100
0010
1000
,
0002
0000
1003
0000
,
0001
0010
0100
1000
,
0002
0000
1003
0000
,
0010
1000
0010
0100
,
0001
0010
0100
1000
,
0001
0000
0010
0000
0001
0100
0010
0000
,
1000
0000
0001
0000
1000
0000
0010
0010
,
1000
0100
0010
0001
,
2000
0000
3001
0000
,
1000
0010
0100
0001
,
2000
0000
3001
0000
,
0100
0001
0100
0010
,
1000
0100
0010
0001
,
1000
0000
0100
0000
1000
0010
0100
0000
,
0001
1000
0001
0000
,
0010
0200
0000
1300
,
0002
0000
0013
0100
,
1001
1001
0010
0001
,
0100
0000
0010
1000
0010
0000
0100
0000
,
0001
0000
1000
0200
,
0000
0000
0310
0001
,
1000
0000
0000
0000
0101
0000
0000
0000
0001
0000
0000
0001
0000
0000
0001
0000
,
0100
0000
0000
0000
0010
0000
0000
0000
1000
0000
0000
1000
0000
0000
1000
0000
,
0001
2000
0000
3100
,
0020
0100
0130
0010
,
1001
0010
0001
1000
,
0010
0000
0100
0001
0100
0000
0010
0000
,
1000
0000
0001
0200
,
0000
0000
0310
1000
,
0001
0000
0000
0000
1100
0000
0000
0000
1000
0000
0000
1000
0000
0000
1000
0000
,
0001
0000
0100
0000
0001
0010
0100
1000
,
0001
1000
0001
1000
,
0010
0100
0010
0100
,
0001
0010
0001
0010
,
0100
1000
0100
1000
,
0002
0000
0003
0000
,
2000
0000
3000
0000
,
0010
1001
0100
1001
,
2002
0000
0000
0000
,
0000
0000
0000
0000
,
3003
0000
0000
0000
;

//---------------dance-single - ----------------
#NOTES:
     dance-single:
     :
     Hard:
     8:
     0.420,0.489,0.178,0.205,0.174,287.000,20.000,23.000,0.000,0.000:
0000
0000
0000
0000
,
0000
0000
0000
0000
,
0000
0000
0000
0000
,
0000
0000
0000
0000
,
1000
0002
0100
0003
,
0100
0002
0010
0003
,
0001
2000
0010
3000
,
0010
2000
0100
3000
,
1000
0000
0000
0000
0101
0000
0000
0000
1000
0000
0000
1000
0000
0000
1000
0000
,
0001
0000
0000
0000
1100
0000
0000
0000
0001
0000
0000
0001
0000
0000
0001
0000
,
0100
0000
0000
0000
1001
0000
0000
0000
0010
0000
0000
0010
0000
0000
0010
0000
,
0100
0000
0001
0000
0000
1000
0000
0000
0100
0000
0000
0100
0000
0000
0100
0000
,
1000
0000
0000
0000
0110
0000
0000
0000
0001
0000
0000
1000
0000
0000
0001
0000
,
1000
0000
0010
0000
0000
0100
0000
0000
0010
0000
0000
0010
0000
0000
0010
0000
,
1000
0000
0000
0000
0110
0000
0000
0000
0001
0000
0000
1000
0000
0000
0001
0000
,
1000
0000
0100
0000
0000
0010
0000
0000
0100
0000
0000
0100
0000
0000
0100
0000
,
1000
0000
0000
0000
1010
0000
0000
0000
0001
0000
0000
1000
0000
0000
0001
0000
,
0100
0000
0000
0000
1001
0000
0000
0000
1000
0000
0000
0001
0000
0000
1000
0000
,
0010
0000
0000
0000
0101
0000
0000
0000
0001
0000
0000
1000
0000
0000
0001
0000
,
0010
0000
0110
0000
2002
0000
0000
3003
,
0001
0000
1100
0000
0010
0000
1000
0001
,
0100
0000
2000
0000
3010
0000
0001
1000
,
0100
0000
1010
0000
0001
0000
1000
0001
,
0010
0000
2000
0000
3100
0000
0001
1000
,
0010
0000
0100
0001
0000
0001
0010
0000
,
0200
0000
0000
2000
0300
0000
0002
0000
,
0000
0000
3003
0000
0100
0000
0000
0100
0010
0000
1000
0000
0001
0000
0000
0000
,
0100
0000
1001
0000
0010
0000
0001
1000
,
0100
0000
0011
0000
0010
0001
0100
0000
,
0010
0000
0002
0000
0103
0000
0001
1000
,
0010
0000
0101
0000
0100
0000
0010
1000
,
0100
0000
0002
0000
0013
0000
0100
1000
,
0001
0000
0100
0010
0000
0010
1000
0000
,
0200
0000
0000
2000
0300
0000
0002
0000
,
0000
0000
3003
0000
0100
0000
0000
0100
0010
0000
1000
0000
0001
0000
0010
0000
,
0100
0000
0000
0000
0100
0000
0000
0010
0100
0000
1000
0000
0000
0000
1000
0000
,
0002
0000
0100
0000
0000
0000
1003
0010
,
0100
0000
0001
0000
1000
0000
0010
0100
,
0101
0000
0101
0000
0010
0000
1000
0100
,
0010
0000
0000
0000
0100
0000
0010
0000
0001
0000
0000
1000
0000
0000
0001
0000
,
0100
0000
0010
0100
0001
0000
2000
0000
,
0010
0000
3000
0000
1000
0000
0001
0100
,
0010
0000
0000
0000
1000
0000
0000
0000
0010
0000
0000
0010
0000
0000
0010
0000
,
0100
0000
0001
0000
0000
1000
0000
0000
0100
0000
0000
0100
0000
0000
0100
0000
,
2000
0000
0010
0000
0000
0000
3001
0100
,
0001
0010
0000
0100
0000
1000
0001
0000
,
1100
0000
1000
0000
0010
0000
0100
0001
,
0010
0000
0000
0000
0001
0000
0010
0000
0100
0000
0000
1000
0000
0000
0001
0000
,
0010
0000
0001
1000
0010
0000
0200
0000
,
0001
0000
0300
0000
0100
0000
0010
1000
,
0001
0000
0000
0000
1000
0000
0000
0000
0100
0000
0000
0100
0000
0000
0100
0000
,
0010
0000
0001
0000
0000
1000
0000
0000
0010
0000
0000
0010
0000
0000
0010
0000
,
0100
0000
0000
0100
0001
0000
1000
0000
0100
0000
0000
0100
1000
0000
0001
0000
,
0010
0000
0000
0010
0001
0000
0100
0000
0010
0000
1000
0000
0010
0000
0100
0000
,
0001
0000
0000
0001
1000
0000
0010
0000
0100
0000
0000
0100
0010
0000
1000
0000
,
0100
0000
0000
0100
0010
0000
0001
0000
1000
0000
0001
0000
0100
0000
0010
0000
,
0200
0001
1000
0301
,
0020
0001
1000
0031
,
0100
1001
0010
1001
,
1000
0100
0010
0001
0100
0010
1000
0001
0100
0001
1000
0020
,
0000
0000
0000
0000
,
0030
0000
0000
0000
;

//---------------dance-double - ----------------
#NOTES:
     dance-double:
     :
     Easy:
     4:
     0.240,0.299,0.116,0.151,0.000,159.000,13.000,17.000,0.000,0.000:
00000000
00000000
00000000
00000000
,
00000000
00000000
00000000
00000000
,
00000000
00000000
00000000
00000000
,
00000000
00000000
00000000
00000000
,
10000000
00000000
00010000
00000000
,
01000000
00000000
00010000
00000000
,
00100000
00000000
00010000
00000000
,
10000000
00000000
00010000
00000000
,
01000000
00001000
00010000
00000000
,
00010000
00000100
00001000
00000000
,
00001000
00000001
00000100
00000000
,
00000100
00000010
00001000
00000001
,
00000010
00000100
00001000
00000000
,
00001000
00000010
00000100
00000001
,
00001000
00000100
00010000
00000000
,
00010000
00001000
01000000
00100000
,
20000000
00000000
30000000
00000000
,
02000000
00000000
03000000
00000000
,
00200000
00000000
00300000
00000000
,
00022000
00000000
00000000
00033000
,
00010000
00000100
00001000
00000100
,
00010000
00000000
00001000
00000000
,
01000000
00001000
00010000
00001000
,
01000000
00000000
00010000
00000000
,
00100000
01000000
10000000
01000000
,
00100000
00001000
00010000
00000100
,
00000020
00000000
00000030
00000000
,
00000200
00000000
00000300
00000000
,
00001000
00000010
00010000
00000010
,
00001000
00000000
00000100
00000000
,
00010000
00001000
01000000
00001000
,
00010000
00000000
00000100
00000000
,
00001000
00000010
00000100
00000001
,
00000100
00000010
00010000
00001000
,
02000000
00000000
03000000
00000000
,
00200000
00000000
00300000
00000000
,
10000000
20000000
00000000
30010000
,
00020000
00000000
10030000
01000000
,
00110000
00110000
00100000
00001000
,
00010000
00000100
00001000
00000010
,
00010000
00000000
00001000
00020000
,
00000000
00000000
00031000
00010000
,
00000100
00000010
00000100
00000100
,
00001000
00000001
00000100
00000100
,
00000010
00000020
00000000
00000130
,
00000200
00000001
00000301
00000010
,
00001100
00001000
00000100
00010000
,
00001000
01000000
00010000
00100000
,
00001000
00000000
00010000
00002000
,
00000000
00000000
00103000
00010000
,
01000000
01000000
00100000
10000000
,
01000000
01000000
00100000
00001000
,
00011000
00000000
01001000
00000000
,
00011000
00000000
00010010
00000000
,
00011000
00000000
00101000
00000000
,
00011000
00000000
00010100
00000000
,
00000100
00001000
00000010
00000010
,
00000100
00000001
00001000
00001000
,
00000100
00010000
00001000
00001000
,
00022000
00000000
00000000
00000000
,
00000000
00000000
00000000
00000000
,
00033000
00000000
00000000
00000000
;

//---------------dance-double - ----------------
#NOTES:
     dance-double:
     :
     Medium:
     5:
     0.303,0.326,0.062,0.205,0.022,208.000,7.000,23.000,0.000,0.000:
00000000
00000000
00000000
00000000
,
00000000
00000000
00000000
00000000
,
00000000
00000000
00000000
00000000
,
00000000
00000000
00000000
00000000
,
00002000
00000000
00000000
00000000
00000000
00000000
00000000
00000000
00003001
00000000
00000000
00000001
00000000
00000000
00000001
00000000
,
00001000
00000000
00000100
00000000
,
00020000
00000000
00000000
00000000
00000000
00000000
00000000
00000000
00031000
00000000
00000000
00001000
00000000
00000000
00001000
00000000
,
00100000
00000000
00010000
00000000
,
10000000
00000000
01000000
00000000
00100000
00000000
01000000
10000000
,
01000000
00000000
00100000
00000000
00001000
00000000
00010000
00001000
,
00010000
00000000
00000100
00000000
00001000
00000000
00000010
00001000
,
00000010
00000000
00000010
00000000
00000010
00001000
00000010
00001000
,
00000001
00000000
00000100
00000000
00000010
00000000
00001000
00000010
,
00001000
00000000
00001000
00000000
00001000
00000010
00001000
00000010
,
00010000
00000000
00001000
00000000
01000000
00000000
00010000
01000000
,
00010000
00000000
00010000
00000000
00010000
01000000
00010000
01000000
,
00200000
00000000
10300000
00010000
,
02000000
00000000
03010000
00100000
,
00002000
00000000
00013000
00000100
,
00022000
00000000
00000000
00033000
,
00010000
00001000
01000000
00010000
,
00200000
00000000
01300000
00000000
,
00100000
01000000
10000000
00010000
,
02000000
00000000
03010000
00000000
,
00010000
01000000
00001000
00010000
,
00000100
00001000
00000010
00000100
,
00000001
00000000
00001000
00000000
00000100
00000010
00000100
00000000
,
00001000
00000000
00000001
00000000
00000100
00000010
00000100
00000000
,
00000001
00001000
00000010
00010000
,
00002000
00000000
00013000
00000000
,
00001000
01000000
00010000
00100000
,
02000000
00000000
03100000
00000000
,
00100000
00010000
10000000
00100000
,
01000000
00001000
00010000
00000100
,
00001000
00000000
00000001
00000000
00000100
00000010
00000100
00000000
,
00000001
00000000
00001000
00000000
00000100
00000010
00000100
00000010
,
00000001
00002000
00000000
00003001
,
00000200
00000000
00000310
00000000
,
00001001
00001001
00000010
00010000
,
00001000
01000000
00010000
00100000
,
01000000
00000000
10000000
20000000
,
00000000
00000000
30010000
01000000
,
00001000
00000000
00000000
00000000
00001000
00000000
00000000
00000000
00010000
00000000
00000000
00010000
00000000
00000000
00010000
00000000
,
00001000
00000000
00000000
00000000
01000000
00000000
00000000
00000000
00001000
00000000
00000000
00001000
00000000
00000000
00001000
00000000
,
00010000
00000200
00000000
00001300
,
00000020
00000000
00000130
00000000
,
00001001
00000010
00000001
00000100
,
00000010
00010000
00001000
01000000
,
00100000
00000000
10000000
20000000
,
00000000
00000000
30010000
00100000
,
00001000
00000000
00000000
00000000
00010000
00000000
00000000
00000000
00001000
00000000
00000000
00001000
00000000
00000000
00001000
00000000
,
00010000
00000000
00000100
00000000
00010000
00001000
00010000
00001000
,
01000000
01000000
00100000
00100000
,
10000000
10000000
00010000
00010000
,
00100000
00100000
00001000
00001000
,
00010000
00010000
00000100
00000100
,
00002000
00000000
00003002
00000000
,
00000203
00000000
00000320
00000000
,
00010030
01001000
00010000
00010100
,
00022000
00000000
00000000
00000000
,
00000000
00000000
00000000
00000000
,
00033000
00000000
00000000
00000000
;

//---------------dance-double - ----------------
#NOTES:
     dance-double:
     :
     Hard:
     8:
     0.435,0.489,0.187,0.214,0.160,297.000,21.000,24.000,0.000,0.000:
00000000
00000000
00000000
00000000
,
00000000
00000000
00000000
00000000
,
00000000
00000000
00000000
00000000
,
00000000
00000000
00000000
00000000
,
10000000
00020000
01000000
00030000
,
01000000
00002000
00010000
00003000
,
00010000
00000020
00001000
00000030
,
00001000
00000002
00000010
00000003
,
00001000
00000000
00000101
00000000
00000001
00000010
00000100
00010000
,
00001000
00000000
01010000
00000000
00001000
00010000
00000100
00001000
,
00000010
00000000
00001001
00000000
00000001
00000010
00000100
00001000
,
00000010
00000000
00000100
00000000
00000000
00000001
00000000
00000000
00001000
00000000
00000000
00001000
00000000
00000000
00001000
00000000
,
00000100
00000000
00011000
00000000
00001000
01000000
00010000
00100000
,
01000000
00000000
00100000
00000000
00000000
00010000
00000000
00000000
01000000
00000000
00000000
01000000
00000000
00000000
01000000
00000000
,
00100000
00000000
10010000
00000000
10000000
00010000
01000000
00001000
,
00100000
00000000
00010000
00000000
00000000
01000000
00000000
00000000
00001000
00000000
00000000
00001000
00000000
00000000
00001000
00000000
,
00020000
00000000
00000000
00000000
00001000
00000000
00000000
00000000
00000010
00000000
00000000
00000010
00000000
00000000
00030010
00000000
,
00002000
00000000
00000000
00000000
00000001
00000000
00000000
00000000
00000100
00000000
00000000
00000100
00000000
00000000
00003100
00000000
,
00000020
00000000
00000000
00000000
00000100
00000000
00000000
00000000
00000001
00000000
00000000
00000001
00000000
00000000
00000031
00000000
,
00001000
00000000
00001100
00000000
00010100
00000000
00000100
00001000
,
00000010
00000000
00000101
00000000
00000010
00000000
00001000
00000010
,
00000100
00000000
00002000
00000000
00003001
00000000
00000010
00000100
,
00001000
00000000
00010100
00000000
00001000
00000000
01000000
00010000
,
00100000
00000000
20000000
00000000
30010000
00000000
00100000
10000000
,
00010000
00000000
01000000
00001000
00000000
00001000
00010000
00000000
,
00000200
00000000
00000000
00000020
00000300
00000000
00000002
00000000
,
00000000
00000000
00000033
00000000
00000011
00000000
00000000
00000010
00000100
00000000
00001000
00000000
00000100
00000000
00000100
00000000
,
00010000
00000000
00001100
00000000
00010000
00000000
00001000
01000000
,
00010000
00000000
11000000
00000000
00100000
00010000
01000000
00000000
,
00100000
00000000
00020000
00000000
10030000
00000000
01000000
00001000
,
00010000
00000000
00010100
00000000
00001000
00000000
00000100
00001000
,
00000010
00000000
00000002
00000000
00001003
00000000
00000010
00001000
,
00000100
00000000
00001000
00000010
00000000
00000010
00010000
00000000
,
00002000
00000000
00000000
02000000
00003000
00000000
00200000
00000000
,
00000000
00000000
03300000
00000000
01100000
00000000
00000000
00100000
10000000
00000000
00010000
00000000
01000000
00000000
01000000
00000000
,
00010000
00000000
00000000
00000000
01001000
00000000
00000000
01000000
00010000
00000000
00100000
00000000
00000000
00000000
00100000
00000000
,
00002000
00000000
00010000
00000000
01000000
00000000
00013000
00000100
,
00001000
00000000
00000010
00000000
00001001
00000000
00000100
00000001
,
00000010
00000000
00001100
00000000
00010100
00000000
00010000
00001000
,
01000000
00000000
00000000
00000000
00001000
00000000
01000000
00000000
00010000
00000000
00000000
00100000
00000000
00000000
01000000
00000000
,
10000000
00000000
10000000
00010000
01000000
00000000
00002000
00000000
,
00100000
00000000
00103000
00000000
00000000
00001000
00000000
00000000
01000000
00000000
00000000
00000000
00100000
00000000
10000000
00000000
,
00010000
00000000
00000000
00000000
01000000
00000000
00000000
00000000
00001000
00000000
00000000
00001000
00000000
00000000
00001000
00000000
,
00100000
00000000
00010000
00000000
00000000
01000000
00000000
00000000
00001000
00000000
00000000
00001000
00000000
00000000
00001000
00000000
,
00020000
00000000
00001000
00000000
00000100
00000000
00031000
01000000
,
00010000
00100000
00000000
00001000
00000000
00010000
00000100
00000000
,
00001100
00000000
00000010
00000000
00000001
00000000
00001000
00000010
,
00000100
00000000
00000000
00000000
00000010
00000000
00000100
00000000
00000001
00000000
00000000
00001000
00000000
00000000
00000100
00000000
,
00010000
00000000
00001000
01000000
00010000
00000000
00200000
00000000
,
00001000
00000000
00301000
00000000
00000000
00100000
00000000
00000000
00010000
00000000
00000000
00000000
10000000
00000000
00100000
00000000
,
01000000
00000000
00000000
00000000
00001000
00000000
00000000
00000000
00010000
00000000
00000000
00010000
00000000
00000000
00010000
00000000
,
00000100
00000000
00001000
00000000
00000000
00000010
00000000
00000000
00010000
00000000
00000000
00010000
00000000
00000000
00010000
00000000
,
00001000
00000000
00000000
01000000
00000000
00000000
00100000
00000000
10000000
00000000
00000000
01000000
00000000
00000000
00100000
00000000
,
00001000
00000000
00000000
00010000
00000000
00000000
00000100
00000000
00001000
00000000
00000010
00000000
00000100
00000000
00000001
00000000
,
00000010
00000000
00000000
00000100
00000000
00000000
00010000
00000000
00001000
00000000
00000000
00100000
00000000
00000000
01000000
00000000
,
10000000
00000000
00000000
00010000
00000000
00000000
01000000
00000000
00001000
00000000
00010000
00000000
00000100
00000000
00001000
00000000
,
00000020
00000000
00001000
00000000
00010000
00000000
00001030
00000001
,
00000200
00000000
00000010
00000000
00000001
00000000
00000310
00010000
,
00000100
00001001
00001000
00010100
,
00000100
00010000
00001000
01000000
00001000
00010000
00000010
00010000
00001000
00100000
00001000
00020000
,
00000000
00000000
00000000
00000000
,
00030000
00000000
00000000
00000000
;
