#TITLE:Holic;
#SUBTITLE:;
#ARTIST:TaQ;
#TITLETRANSLIT:;
#SUBTITLETRANSLIT:;
#ARTISTTRANSLIT:;
#CREDIT:;
#BANNER:Holic.png;
#BACKGROUND:Holic-bg.png;
#LYRICSPATH:;
#CDTITLE:./CDTITLES/BEATMANIA IIDX.PNG;
#MUSIC:Holic.mp3;
#OFFSET:-0.040;
#SAMPLESTART:37.900;
#SAMPLELENGTH:12.000;
#SELECTABLE:YES;
#BPMS:0.000=155.000;
#STOPS:;
#BGCHANGES:;
// cache tags:
#FIRSTBEAT:14.000;
#LASTBEAT:215.000;
#SONGFILENAME:Songs/DDI/Holic/Holic.sm;
#HASMUSIC:1;
#HASBANNER:1;
#MUSICLENGTH:83.964;
// end cache tags

//---------------dance-single - ----------------
#NOTES:
     dance-single:
     :
     Easy:
     4:
     0.328,0.320,0.048,0.000,0.000,189.000,4.000,0.000,0.000,0.000:
0000
0000
0000
0000
,
0000
0000
0000
0000
,
0000
0000
0000
0000
,
0000
0000
1000
1000
,
1000
0000
1000
0001
0000
0001
0000
0001
,
0000
0001
0100
0000
0100
0000
0100
0000
,
0100
0010
0000
0010
0000
0010
0000
0010
,
1000
0000
1000
0000
1000
0000
1000
0100
,
0000
0100
0000
0100
0000
0100
0010
0000
,
0010
0000
0010
0000
0010
0001
0000
0001
,
0000
0001
0000
0001
0000
1000
0000
0100
,
0000
0010
0000
0001
0000
1000
0000
0010
,
0000
0100
0000
0001
0000
0010
0000
0100
,
0000
1000
0000
0001
0000
0100
0000
0010
,
1000
0000
1000
0000
1000
0000
1000
0001
,
0000
0001
0000
0001
0000
0001
0010
0000
,
0010
0000
0010
0000
0010
0100
0000
0100
,
0000
0100
0000
0100
1000
0000
1000
0000
,
1000
0000
1000
0010
0000
0010
0000
0010
,
0000
0010
0100
0000
0100
0000
0100
0000
,
0100
0001
0000
0001
0000
0000
0000
0000
,
1000
0000
0000
0000
0000
0000
0000
0001
,
0000
0000
0000
1000
,
0000
0000
0000
0000
0000
0001
0000
0000
,
0000
0000
1000
1000
,
1000
1000
0100
0100
,
0100
0001
0001
0001
,
0001
0100
0100
0100
,
0010
1000
0100
0010
,
0001
0001
0001
0100
,
0010
1000
0100
0010
,
0010
0010
0001
0100
,
1000
0100
0010
0010
,
0010
0001
1000
0100
,
0010
0001
0001
0001
,
1000
0010
0100
0001
,
0010
0010
0010
0100
,
0000
1000
0000
0000
0001
0000
0100
0000
,
0000
0010
0000
0000
1000
0000
0100
0000
,
0010
0001
0100
0010
,
0010
0010
0000
1000
,
0100
0001
0100
0010
,
0010
0010
0000
1000
,
0001
0010
0100
1000
,
1000
1000
0000
0001
,
0100
0010
1000
0100
,
0100
0100
0000
0010
,
0001
0100
0100
0010
,
1000
0100
0100
0010
,
0001
1000
0010
0100
,
0001
0000
0000
0010
,
1001
0100
0100
0010
,
1001
0100
0010
1000
,
1001
0000
0010
1001
;

//---------------dance-single - ----------------
#NOTES:
     dance-single:
     :
     Medium:
     6:
     0.395,0.415,0.048,0.000,0.000,228.000,4.000,0.000,0.000,0.000:
0000
0000
0000
0000
,
0000
0000
0000
0000
,
0000
0000
0000
0000
,
0000
0000
0010
0001
,
0100
0000
0010
1000
0000
0100
0000
0010
,
0000
0001
1000
0000
0010
0000
0100
0000
,
0001
0010
0000
0100
0000
1000
0000
0010
,
0100
0000
0001
0000
1000
0000
0100
0010
,
0000
0001
0000
0100
0000
0010
1000
0000
,
0100
0000
0010
0000
0001
0100
0000
0010
,
0000
1000
0000
0100
0010
0000
0010
0000
,
0000
0001
0100
0010
0000
0000
0000
0000
,
1000
0100
0010
0000
0000
0000
0000
0001
,
0100
0010
0000
0000
0000
0000
1000
0001
,
0010
0000
0000
0000
0000
0100
1000
0010
,
0000
0100
0000
0000
0001
1000
0100
0000
,
0010
0000
0000
0001
0100
0010
0000
1000
,
0000
0000
0001
0010
0100
0000
1000
0000
,
0000
0010
0100
0001
0000
0010
0000
0000
,
0100
1000
0010
0000
0100
0000
0000
0001
,
1000
0100
0000
0010
0000
0000
0001
0000
,
0001
0000
0001
0000
0000
1000
0000
1000
,
0000
1000
0000
0000
0010
0000
0010
0000
,
0010
0000
0000
0100
0000
0100
0000
0100
,
0000
0000
0000
0000
0001
0010
0100
0000
,
1000
0010
0100
0000
0001
0000
0010
0000
,
0100
0000
1000
0010
0100
0000
0001
0010
,
0100
1000
0001
0100
,
0010
1000
0100
0000
0010
0001
0100
0000
,
0010
0000
1000
0000
0100
0000
0010
0001
,
1000
0000
0010
0100
0001
0000
1000
0000
,
0100
0000
0010
0000
0001
1000
0010
0000
,
0100
0001
1000
0000
0100
0000
0010
0000
,
0001
0000
0100
0010
1000
0000
0100
0010
,
0001
1000
0010
0100
,
0001
1000
0100
0000
0010
0001
1000
0000
,
0010
0100
0001
0010
,
0000
0100
0000
0000
1000
0000
0010
0000
,
0000
0100
0000
0000
0001
0000
0010
0100
,
1000
0000
0010
0100
0001
0000
0010
0000
,
0010
0000
0000
0100
0100
0000
1000
0001
,
0100
0000
1000
0001
0100
0000
0010
0000
,
0010
0000
0000
1000
1000
0000
0001
0100
,
0010
0000
1000
0100
0010
0000
0001
0000
,
0001
0000
0000
1000
1000
0000
0100
0010
,
0001
0000
0100
0010
1000
0000
0001
0000
,
0001
0000
0000
0010
0010
0000
0100
0000
,
1000
0000
0001
0100
0001
0000
1000
0000
,
0010
0000
0100
0001
0100
0000
0010
0000
,
1000
0000
0100
0010
0100
0000
1000
0000
,
0001
0000
0100
0010
0100
0000
1001
0000
,
0110
0000
0000
0001
1000
0100
0000
0000
,
0101
0000
0000
1000
0010
0100
0000
0000
,
1001
0000
0000
0010
0100
0001
0000
0000
;

//---------------dance-single - ----------------
#NOTES:
     dance-single:
     :
     Hard:
     8:
     0.575,0.543,0.298,0.000,0.000,313.000,25.000,0.000,0.000,0.000:
0000
0000
0000
0000
,
0000
0000
0000
0000
,
0000
0000
0000
0000
,
0000
0000
0000
0000
1001
0000
0010
0100
,
1000
0010
0100
0101
0000
1000
0100
0010
,
0001
0100
0110
0000
1000
0001
0010
0100
,
1000
1010
0000
0100
0001
0010
0100
1000
,
1001
0000
0100
0010
1000
0100
0010
0011
,
0000
1000
0010
0100
0001
0010
0110
0000
,
1000
0010
0100
0001
0010
0110
0000
1000
,
0001
0100
0010
1000
0100
0000
0010
0000
,
0000
0001
1000
0010
0000
0100
0000
0000
,
0001
0010
0100
0000
1000
0000
0000
0010
,
0100
0001
0000
1000
0000
0000
0100
0010
,
0001
0100
0010
1000
0100
0010
0001
0000
,
0000
1000
0000
1000
0000
1000
0100
0010
,
0001
0100
0010
1000
0100
0000
0000
0010
,
0000
0010
0000
0010
0001
1000
0010
0100
,
0001
1000
0100
0000
0000
0010
0000
0010
,
0000
0010
0001
0100
0010
1000
0100
0010
,
0001
0100
0000
0010
0000
0000
1000
0100
,
0010
0000
0001
0000
0000
1000
0010
0100
,
0000
0001
0000
0000
0010
0100
1000
0000
,
0010
0000
0000
0100
0001
0010
0000
0100
,
0000
0000
0000
0000
1000
0010
0100
0001
,
0010
0100
1000
0001
0100
0010
1000
0100
,
0010
0000
0010
0001
1000
0010
0100
0001
,
0010
0100
1000
0001
0100
0010
1000
0000
,
1000
0100
0010
0001
0100
0010
1000
0100
,
0010
0001
1000
0010
0100
0000
0100
0001
,
0010
0100
1000
0001
0100
0010
1000
0100
,
0010
0001
1000
0000
1000
0010
0100
0001
,
0010
0100
1000
0001
0100
0010
1000
0100
,
0010
0000
0010
0001
0100
0010
1000
0001
,
0010
0100
1000
0001
0100
0010
1000
0000
,
1000
0001
0010
0100
1000
0010
0100
0001
,
1000
0100
0010
0001
1000
0000
1100
0000
,
0000
0011
0000
0000
0101
0000
1010
0000
,
0000
1100
0000
0000
0101
0000
1000
0100
,
0010
0001
0100
0010
1000
0001
0010
0100
,
1000
0001
0100
0010
0010
0000
1000
0100
,
0010
0001
1000
0010
0100
0001
1000
0100
,
0010
0001
1000
0010
0010
0010
0100
0001
,
1000
0100
0010
0001
1000
0010
0100
0001
,
0010
0100
1000
0001
0001
0000
0100
0010
,
1000
0100
0010
0001
1000
0100
0010
0001
,
0100
0010
1000
0001
0000
0001
0010
0000
,
1100
0000
0001
0100
0010
1000
0000
0000
,
0101
0000
0010
1000
0100
0010
0000
0000
,
1001
0000
0010
1000
0100
0010
0000
0000
,
1001
0000
0010
0100
0001
0000
1100
0000
,
0101
0000
0010
1000
0100
0110
0000
0000
,
1001
0000
0010
0100
0001
1001
0000
0000
,
0110
0000
1000
0100
0010
1001
0000
0000
;

//---------------dance-double - ----------------
#NOTES:
     dance-double:
     :
     Easy:
     4:
     0.337,0.320,0.000,0.000,0.000,198.000,0.000,0.000,0.000,0.000:
00000000
00000000
00000000
00000000
,
00000000
00000000
00000000
00000000
,
00000000
00000000
00000000
00000000
,
00000000
00000000
10000000
10000000
,
10000000
00000000
10000000
00010000
00000000
00010000
00000000
00010000
,
00000000
00010000
01000000
00000000
01000000
00000000
01000000
00000000
,
01000000
00001000
00000000
00001000
00000000
00001000
00000000
00001000
,
00010000
00000000
00010000
00000000
00010000
00000000
00010000
00000100
,
00000000
00000100
00000000
00000100
00000000
00000100
00000010
00000000
,
00000010
00000000
00000010
00000000
00000010
00000001
00000000
00000001
,
00000000
00000001
00000000
00000001
00000000
00001000
00000000
00000010
,
00000000
00000100
00000000
00000001
00000000
00001000
00000000
00000100
,
00000000
00010000
00000000
00001000
00000000
00100000
00000000
00010000
,
00000000
10000000
00000000
00100000
00000000
01000000
00000000
00001000
,
00010000
00000000
00010000
00000000
00010000
00000000
00010000
00000100
,
00000000
00000100
00000000
00000100
00000000
00000100
00000010
00000000
,
00000010
00000000
00000010
00000000
00000010
00000001
00000000
00000001
,
00000000
00000001
00000000
00000001
00001000
00000000
00001000
00000000
,
00001000
00000000
00001000
00000100
00000000
00000100
00000000
00000100
,
00000000
00000100
00010000
00000000
00010000
00000000
00010000
00000000
,
00010000
00001000
00000000
00001000
00000000
00000000
00000000
00000000
,
00000000
00000000
00000000
00000000
00000000
00100000
00000000
00000000
,
00000000
00000000
00000000
00000000
00000000
01000000
00000000
00000000
,
00000000
00000000
00000000
00000000
00000000
10000000
00000000
00000000
,
00000000
00000000
00010000
00010000
,
00010000
00010000
01000000
01000000
,
00001000
00010000
00000000
00010000
00000000
00010000
00000000
00010000
,
00000010
00000010
00000100
00000100
,
00000001
00000001
00000001
00000001
,
00001000
00000000
00001000
00000000
00000100
00010000
00000000
00010000
,
00000000
00010000
00000000
00010000
00001000
00000000
00001000
00000000
,
00100000
00100000
00010000
00010000
,
00010000
00010000
10000000
10000000
,
00100000
01000000
00000000
01000000
00000000
01000000
00000000
01000000
,
00001000
00001000
00010000
00010000
,
00000100
00000100
00000100
00000100
,
00000010
00000010
00000001
00001000
,
00000000
00001000
00000000
00000000
00001000
00000000
00000100
00000000
,
00000000
00000100
00000000
00000000
00000100
00000000
00010000
00000000
,
00001000
00100000
01000000
10000000
,
10000000
00010000
00010000
01000000
,
00001000
00010000
00000010
00000100
,
00000100
00000001
00000001
00001000
,
00000100
00010000
00001000
00100000
,
00100000
01000000
01000000
10000000
,
00010000
01000000
00001000
00010000
,
00010000
00000010
00000010
00001000
,
00001000
00001000
00001000
00000100
,
00000100
00000100
00000100
00010000
,
00010000
00010000
00010000
00001000
,
00001000
00001000
00001000
01000000
,
00100000
10000000
10000000
00010000
,
01000000
00001000
00001000
00010000
,
00000010
00001000
00000001
00000010
;

//---------------dance-double - ----------------
#NOTES:
     dance-double:
     :
     Medium:
     6:
     0.405,0.479,0.071,0.000,0.000,232.000,6.000,0.000,0.000,0.000:
00000000
00000000
00000000
00000000
,
00000000
00000000
00000000
00000000
,
00000000
00000000
00000000
00000000
,
00000000
00000000
00000010
00000001
,
00001000
00000000
00000100
00010000
00000000
00001000
00000000
00100000
,
00000000
00010000
10000000
00000000
01000000
00000000
00100000
00000000
,
00010000
01000000
00000000
00001000
00000000
00010000
00000000
00000010
,
00001000
00000000
00000001
00000000
00000010
00000000
00000100
00010000
,
00000000
00001000
00000000
00100000
00000000
01000000
10000000
00000000
,
00010000
00000000
01000000
00000000
00001000
00010000
00000000
00000100
,
00000000
00000010
00000000
00000001
00001000
00000000
00001000
00000000
,
00000000
00000100
00000000
00010000
00000000
00001000
00000000
00000000
,
00100000
00000000
00010000
00000000
10000000
00000000
00000000
00100000
,
00000000
01000000
00000000
00010000
00000000
00000000
00100000
00000000
,
00001000
00000000
00010000
00000000
00000000
00000100
00001000
00000001
,
00000000
00000100
00000000
00000000
00000010
00001000
00000100
00000000
,
00010000
00000000
00000000
00001000
00100000
00010000
00000000
10000000
,
00000000
00000000
00100000
01000000
00010000
00000000
00100000
00000000
,
00000000
00001000
00010000
00000100
00000000
00000010
00000000
00000000
,
00000001
00001000
00000010
00000000
00000100
00000000
00000000
00000001
,
00001000
00000100
00000000
00010000
00000000
00000000
00001000
00000000
,
00001000
00000000
00001000
00000000
00000000
00100000
00000000
00100000
,
00000000
00100000
00000000
00000000
01000000
00000000
01000000
00000000
,
01000000
00000000
00000000
10000000
00000000
10000000
00000000
10000000
,
00000000
00000000
00000000
00000000
00010000
01000000
00001000
00000000
,
00010000
00000010
00001000
00000000
00000001
00000000
00000001
00000000
,
00000010
00000100
00001000
00000000
00000010
00010000
00001000
00000000
,
00100000
00100000
00010000
00010000
,
10000000
00100000
01000000
00000000
00010000
00100000
00001000
00000000
,
00010000
00000000
00010000
00000000
00000100
00000010
00000001
00000000
,
00001000
00000010
00010000
00000000
00001000
00000000
00001000
00000000
,
01000000
00000000
01000000
00000000
00010000
10000000
00010000
00000000
,
00100000
01000000
00100000
00000000
00010000
00000000
00010000
00000000
,
01000000
00001000
00010000
00000000
00000100
00000010
00000001
00000000
,
00000100
00000100
00000010
00000010
,
00001000
00000100
00010000
00000000
00001000
00100000
00010000
00000000
,
10000000
00000000
10000000
00000000
00100000
01000000
00100000
00000000
,
00000000
10000000
00000000
00000000
00010000
00000000
01000000
00000000
,
00000000
00001000
00000000
00000000
00010000
00000000
00000100
00000010
,
00000001
00000000
00000100
00000010
00001000
00000000
00000100
00000000
,
00000100
00000000
00000000
00010000
00010000
00000000
00001000
00100000
,
00010000
00000000
10000000
00100000
01000000
00000000
00001000
00000000
,
00001000
00000000
00000000
00010000
00010000
00000000
00000100
00000010
,
00000001
00000000
00000100
00000010
00001000
00000000
00000100
00000000
,
00000100
00000000
00000000
00010000
00010000
00000000
00001000
01000000
,
00010000
00000000
10000000
01000000
00100000
00000000
00001000
00000000
,
00001000
00000000
00000000
00010000
00010000
00000000
00000100
00000000
,
00000010
00000000
00000001
00000100
00000001
00000000
00001000
00000000
,
00000100
00000000
00010000
00001000
00100000
00000000
00010000
00000000
,
10000000
00000000
00100000
01000000
00100000
00000000
10000000
00000000
,
00010000
00000000
00100000
00001000
00100000
00000000
00010100
00000000
,
00001001
00000000
00000010
00000100
00000010
00000000
00001001
00000000
,
00010100
00000000
00001000
00100000
00001000
00000000
10010000
00000000
,
01001000
00000000
00010000
00000010
00001000
00000100
00000000
00000000
;

//---------------dance-double - ----------------
#NOTES:
     dance-double:
     :
     Hard:
     8:
     0.584,0.543,0.083,0.000,0.000,336.000,7.000,0.000,0.000,0.000:
00000000
00000000
00000000
00000000
,
00000000
00000000
00000000
00000000
,
00000000
00000000
00000000
00000000
,
00000000
00000000
00000000
00000000
10010000
00000000
01000000
00001000
,
00010000
00000100
00000010
00000001
00000000
00001000
00000100
00010000
,
00001000
00100000
00010000
00000000
10000000
00100000
01000000
00001000
,
00010000
00000010
00000000
00001000
00000001
00000010
00000100
00010000
,
00001000
00000000
00100000
00010000
10000000
00100000
01000000
00010000
,
00000000
00100000
00001000
00010000
00000100
00001000
00000001
00000000
,
00000010
00000100
00001000
00000010
00010000
00001000
00000000
00100000
,
00010000
10000000
00100000
01000000
00010000
00000000
00010000
00000000
,
00000000
10000000
01000000
00100000
00000000
00010000
00000000
00000000
,
01000000
00001000
00010000
00000000
00000100
00000000
00000000
00000010
,
00000001
00001000
00000000
00000100
00000000
00000000
00010000
00001000
,
00100000
00010000
10000000
00100000
01000000
00001000
00010000
00000000
,
00000000
00000100
00000000
00000100
00000000
00000100
00000010
00000001
,
00000100
00000010
00001000
00000100
00010000
00000000
00000000
00001000
,
00000000
00001000
00000000
00001000
00100000
00010000
10000000
01000000
,
00100000
00001000
00010000
00000000
00000000
00000010
00000000
00000010
,
00000000
00000010
00001000
00000001
00000010
00000100
00010000
00001000
,
00100000
00010000
00000000
10000000
00000000
00000000
01000000
00100000
,
00010000
00000000
01000000
00000000
00000000
00001000
00010000
00000100
,
00000000
00000010
00000000
00000000
00000001
00000100
00000010
00000000
,
00001000
00000000
00000000
00000100
00010000
00001000
00000000
00100000
,
00000000
00000000
00000000
00000000
00010000
10000000
00100000
01000000
,
00001000
00010000
00000100
00001000
00000001
00000100
00000010
00001000
,
00000100
00000000
00000100
00010000
00001000
00100000
00010000
10000000
,
00100000
01000000
00010000
00100000
00001000
00010000
00000100
00000000
,
00000100
00001000
00000001
00000100
00000010
00010000
00001000
00100000
,
00010000
10000000
00100000
01000000
00001000
00000000
00001000
00010000
,
00000100
00001000
00000001
00000010
00000100
00010000
00001000
00100000
,
00010000
10000000
00100000
00000000
00100000
01000000
00001000
00010000
,
00000100
00000010
00000001
00001000
00000100
00010000
00001000
00100000
,
00010000
00000000
00010000
10000000
00100000
01000000
00001000
00010000
,
00000100
00001000
00000001
00000010
00000100
00001000
00000010
00000000
,
00000010
00010000
00001000
01000000
00010000
10000000
01000000
00100000
,
00001000
00010000
00000100
00001000
00000001
00000000
00000110
00000000
,
00000000
00001001
00000000
00000000
00011000
00000000
00110000
00000000
,
00000000
11000000
00000000
00000000
01010000
00000000
00001000
00010000
,
00000100
00001000
00000001
00000100
00000010
00001000
00000100
00010000
,
00001000
00100000
00010000
10000000
10000000
10000000
00100000
01000000
,
00001000
00010000
00000100
00001000
00000010
00000100
00000001
00001000
,
00000100
00010000
00001000
00100000
00100000
00100000
00010000
10000000
,
00100000
01000000
00001000
00010000
00000100
00001000
00000001
00000100
,
00000010
00001000
00000100
00010000
00010000
00010000
00001000
00100000
,
00010000
10000000
00100000
01000000
00001000
00010000
00000100
00001000
,
00000010
00000100
00000001
00001000
00001000
00001000
00000100
00000100
,
00010000
00010000
00001000
00001000
00100000
00010000
10000000
10000000
,
01000000
01000000
00100000
00100000
00010000
01000000
00001000
00001000
,
00010000
00010000
00000100
00000100
00001000
00000001
00000100
00000100
,
00000010
00000010
00001000
00001000
00000100
00000100
00010000
00001000
,
00100000
00010000
10000000
00100000
01000000
00010000
10000000
01000000
,
00100000
00001000
00010000
00000100
00001000
00000001
00000100
00000010
,
00001000
00000100
00010000
00001000
00100000
00010000
00000000
00000000
;

//---------------dance-couple - ----------------
#NOTES:
     dance-couple:
     :
     Medium:
     5:
     0.568,0.607,0.893,0.000,0.000,259.000,75.000,0.000,0.000,0.000:
00000000
00000000
00000000
00000000
,
00000000
00000000
00000000
00000000
,
00000000
00000000
00000000
00000000
,
00000000
00000000
00100001
00010000
,
01000000
00000000
00100000
10000001
00000000
01000000
00000000
00100000
,
00000000
00010000
10000001
00000000
00100000
00000000
01000000
00000000
,
00010000
00100001
00000000
01000000
00000000
10000000
00000000
00100000
,
10000100
00000000
00000001
00000000
00001000
00000000
00000100
10000010
,
00000000
00000001
00000000
00000100
00000000
00000010
10001000
00000000
,
00000100
00000000
00000010
00000000
00000001
10000100
00000000
00000010
,
00000000
00001000
00000000
00000100
00000000
00010001
00000000
01000100
,
00000000
00100010
00000000
10001000
00000000
00010001
00000000
00100010
,
00000000
01000100
00000000
10001000
00000000
00100010
00000000
01000100
,
00000000
00010001
00000000
10001000
00000000
01000100
00000000
00100010
,
00010000
01000000
00100000
10000000
01000000
00100000
00010000
00000000
,
00000000
10000000
00000000
10000000
00000000
10000000
00000100
00000010
,
00000001
00000100
00000010
00001000
00000100
00000000
00000000
00000010
,
00000000
00000010
00000000
00000010
00010000
10000000
00100000
01000000
,
00010000
10000000
01000000
00000000
00000000
00100010
00000000
00100010
,
00000000
00100010
00000001
00000100
00000010
00001000
00000100
00100010
,
00010001
01000000
00000000
00100000
00000000
00000000
10000000
01000000
,
00100000
00000000
00010000
00000000
00000000
00001000
00000010
00000100
,
00000000
00000001
00000000
00000000
00000010
00000100
00001000
00000000
,
00000010
00000000
00000000
01000100
00010001
00100010
00000000
01000100
,
00000000
00000000
00010001
00010000
,
00010000
00010000
01000001
01000000
,
00100000
10000001
00000000
10000000
00000000
10000000
00000000
10000000
,
01000001
01000000
00100000
00100000
,
10000001
00000001
00000001
00000001
,
10001000
00000000
00001000
00000000
00000010
10000100
00000000
00000100
,
00000000
00000100
00000000
00000100
10000001
00000000
00000001
00000000
,
00000010
00000010
01000000
01000000
,
01000000
01000000
10000000
10000000
,
00010000
01000100
00000000
01000100
00000000
01000100
00000000
01000100
,
00100010
00100010
10001000
10001000
,
00000100
00000100
00000100
00000100
,
00000010
00000010
00000001
11000000
,
00000000
00110000
00000000
00000000
01010000
00000000
00001010
00000000
,
00000000
00001100
00000000
00000000
00000101
00000000
10000001
01000000
,
00100000
00010000
01000000
00100000
10000000
00010000
00100001
01000000
,
10000000
00010000
01000000
00100000
00100000
00100000
10000001
01000000
,
00100000
00010000
10000000
00100000
01000000
00010000
10000001
01000000
,
00100000
00010000
10000000
00100000
00100000
00100000
10000100
00000001
,
00001000
00000100
00000010
00000001
00001000
00000010
10000100
00000001
,
00000010
00000100
00001000
00000001
00000001
00000001
10000100
00000010
,
00001000
00000100
00000010
00000001
00001000
00000100
10000010
00000001
,
00000100
00000010
00001000
00000001
00000001
00000001
00100100
00000000
,
01000000
00000000
10000000
00100000
10000000
00000000
00010100
00000000
,
00100000
00000000
01000000
10000000
01000000
00000000
00100010
00000000
,
00000001
00000000
00000100
00000010
00000100
00000000
00100001
00000000
,
00001000
00000000
00000100
00000010
00000100
00000000
10010000
00000000
,
01100000
00000000
10000000
01000000
10000000
00000000
00001001
00000000
,
00000110
00000000
00001000
00000100
00001000
00000000
01010000
00000000
,
00000011
00000000
00100100
01000010
00100100
01000010
00000000
00000000
;

//---------------dance-solo - ----------------
#NOTES:
     dance-solo:
     :
     Easy:
     4:
     0.337,0.320,0.000,0.000,0.000,198.000,0.000,0.000,0.000,0.000:
000000
000000
000000
000000
,
000000
000000
000000
000000
,
000000
000000
000000
000000
,
000000
000000
010000
010000
,
010000
000000
010000
000001
000000
000001
000000
000001
,
000000
000001
001000
000000
001000
000000
001000
000000
,
001000
000010
000000
000010
000000
000010
000000
000010
,
100000
000000
100000
000000
100000
000000
100000
001000
,
000000
001000
000000
001000
000000
001000
000100
000000
,
000100
000000
000100
000000
000100
000001
000000
000001
,
000000
000001
000000
000001
000000
010000
000000
000010
,
000000
001000
000000
000100
000000
100000
000000
000001
,
000000
000100
000000
001000
000000
010000
000000
000001
,
000000
100000
000000
000010
000000
001000
000000
000100
,
100000
000000
100000
000000
100000
000000
100000
000010
,
000000
000010
000000
000010
000000
000010
010000
000000
,
010000
000000
010000
000000
010000
000001
000000
000001
,
000000
000001
000000
000001
000100
000000
000100
000000
,
000100
000000
000100
001000
000000
001000
000000
001000
,
000000
001000
010000
000000
010000
000000
010000
000000
,
010000
000001
000000
000001
000000
000000
000000
000000
,
000000
000000
000000
000000
000000
100000
000000
000000
,
000000
000000
000000
000000
000000
000010
000000
000000
,
000000
000000
000000
000000
000000
001000
000000
000000
,
000000
000000
000100
000100
,
000100
000100
100000
100000
,
000010
010000
000000
010000
000000
010000
000000
010000
,
001000
001000
000100
000100
,
000001
000001
000001
000001
,
010000
000000
010000
000000
000010
000100
000000
000100
,
000000
000100
000000
000100
000001
000000
000001
000000
,
010000
010000
001000
001000
,
001000
001000
000100
000100
,
000001
001000
000000
001000
000000
001000
000000
001000
,
000100
000100
100000
100000
,
000010
000010
000010
000010
,
010000
010000
000001
100000
,
000000
000010
000000
000000
000100
000000
000001
000000
,
000000
010000
000000
000000
000100
000000
001000
000000
,
000001
100000
001000
010000
,
010000
000001
000001
000100
,
000010
010000
000100
100000
,
100000
000010
000010
001000
,
000100
100000
000001
010000
,
010000
001000
001000
000100
,
000001
010000
000010
100000
,
100000
000100
000100
001000
,
001000
001000
001000
000010
,
000010
000010
000010
010000
,
010000
010000
010000
000001
,
000001
000001
000001
000100
,
001000
010000
010000
000100
,
001000
000010
000010
100000
,
000001
000100
001000
000100
;

//---------------dance-solo - ----------------
#NOTES:
     dance-solo:
     :
     Medium:
     6:
     0.405,0.479,0.071,0.000,0.000,232.000,6.000,0.000,0.000,0.000:
000000
000000
000000
000000
,
000000
000000
000000
000000
,
000000
000000
000000
000000
,
000000
000000
000100
000001
,
010000
000000
000010
100000
000000
000100
000000
001000
,
000000
000010
100000
000000
001000
000000
010000
000000
,
000001
100000
000000
000010
000000
001000
000000
000100
,
100000
000000
000001
000000
010000
000000
000010
000100
,
000000
000001
000000
010000
000000
000010
100000
000000
,
000100
000000
001000
000000
000010
100000
000000
000001
,
000000
010000
000000
001000
000100
000000
000100
000000
,
000000
000001
000000
001000
000000
000010
000000
000000
,
100000
000000
001000
000000
010000
000000
000000
000001
,
000000
000100
000000
000010
000000
000000
010000
000000
,
000100
000000
001000
000000
000000
000010
100000
000001
,
000000
000100
000000
000000
001000
010000
000001
000000
,
100000
000000
000000
000100
001000
000010
000000
100000
,
000000
000000
000001
000100
001000
000000
010000
000000
,
000000
000001
100000
000010
000000
001000
000000
000000
,
000100
100000
001000
000000
010000
000000
000000
000001
,
001000
000010
000000
100000
000000
000000
001000
000000
,
001000
000000
001000
000000
000000
010000
000000
010000
,
000000
010000
000000
000000
000001
000000
000001
000000
,
000001
000000
000000
000100
000000
000100
000000
000100
,
000000
000000
000000
000000
001000
010000
000001
000000
,
100000
000010
001000
000000
000100
000000
000100
000000
,
100000
001000
010000
000000
000001
001000
000010
000000
,
100000
100000
001000
001000
,
000100
000001
010000
000000
000100
100000
000010
000000
,
010000
000000
010000
000000
001000
000100
000001
000000
,
001000
000100
100000
000000
000010
000000
000010
000000
,
010000
000000
010000
000000
000001
000100
000001
000000
,
001000
000100
001000
000000
000010
000000
000010
000000
,
100000
001000
000100
000000
000001
001000
000100
000000
,
100000
100000
000010
000010
,
010000
000001
000100
000000
001000
010000
000001
000000
,
100000
000000
100000
000000
000010
001000
000010
000000
,
000000
100000
000000
000000
001000
000000
010000
000000
,
000000
000001
000000
000000
000100
000000
001000
010000
,
000001
000000
001000
000100
100000
000000
000010
000000
,
000010
000000
000000
010000
010000
000000
000001
000100
,
001000
000000
010000
000001
001000
000000
000100
000000
,
000100
000000
000000
100000
100000
000000
000010
010000
,
001000
000000
000100
000001
010000
000000
000010
000000
,
000010
000000
000000
100000
100000
000000
000100
001000
,
000010
000000
000100
001000
010000
000000
000001
000000
,
000001
000000
000000
100000
100000
000000
000100
000000
,
001000
000000
000010
100000
000010
000000
010000
000000
,
001000
000000
000100
000001
000100
000000
000010
000000
,
010000
000000
000100
001000
000100
000000
100000
000000
,
001000
000000
000100
000001
000100
000000
010010
000000
,
100100
000000
001000
010000
001000
000000
000101
000000
,
010010
000000
100000
000100
100000
000000
011000
000000
,
100001
000000
001000
000010
100000
000001
000000
000000
;

//---------------dance-solo - ----------------
#NOTES:
     dance-solo:
     :
     Hard:
     8:
     0.589,0.543,0.167,0.000,0.000,332.000,14.000,0.000,0.000,0.000:
000000
000000
000000
000000
,
000000
000000
000000
000000
,
000000
000000
000000
000000
,
000000
000000
000000
000000
010010
000000
000100
000001
,
100000
000100
001000
001010
000000
100000
000001
010000
,
001000
000100
000101
000000
010000
000010
100000
000100
,
001000
001010
000000
100000
001000
000100
000001
010000
,
010010
000000
100000
000100
001000
000010
100000
100001
,
000000
010000
001000
000100
000001
001000
001100
000000
,
100000
000010
010000
000001
000100
001100
000000
010000
,
000001
100000
000010
001000
000100
000000
100000
000000
,
000000
000010
010000
000100
000000
001000
000000
000000
,
000010
100000
000001
000000
010000
000000
000000
001000
,
000100
000001
000000
010000
000000
000000
001000
000100
,
000001
001000
000100
100000
000010
010000
000001
000000
,
000000
000100
000000
000100
000000
000100
001000
010000
,
000001
001000
000010
100000
001000
000000
000000
000100
,
000000
000100
000000
000100
000001
100000
001000
000100
,
000001
010000
000010
000000
000000
000100
000000
000100
,
000000
000100
000001
001000
000010
100000
001000
010000
,
000001
000100
000000
001000
000000
000000
100000
000100
,
001000
000000
000010
000000
000000
100000
000001
000100
,
000000
000010
000000
000000
001000
000100
100000
000000
,
001000
000000
000000
010000
000001
000100
000000
000010
,
000000
000000
000000
000000
100000
000001
001000
000010
,
100000
001000
000100
000001
010000
000010
100000
001000
,
000100
000000
000100
000001
010000
000010
001000
000100
,
100000
001000
010000
000001
000100
000010
010000
000000
,
010000
000001
000100
001000
100000
000001
001000
000010
,
100000
001000
010000
000001
000100
000000
001000
010000
,
000001
001000
000100
100000
000001
000100
001000
010000
,
000001
100000
000100
000000
000100
001000
000001
100000
,
001000
010000
000001
000100
000010
001000
000001
100000
,
001000
000000
001000
000100
000001
010000
000010
001000
,
000100
100000
000001
010000
001000
000100
000001
000000
,
000001
010000
000010
001000
000100
100000
000001
000100
,
001000
010000
000001
100000
000100
000000
011000
000000
,
000000
100001
000000
000000
001010
000000
100100
000000
,
000000
000101
000000
000000
011000
000000
100000
000001
,
001000
000010
100000
000100
001000
000001
000100
001000
,
010000
000001
001000
000010
000010
000010
100000
001000
,
010000
000001
000100
000010
001000
000100
100000
001000
,
010000
000001
100000
000010
000010
000010
001000
000100
,
100000
001000
010000
000001
000100
001000
010000
000001
,
001000
000100
100000
000010
000010
000010
010000
000001
,
000100
001000
100000
000001
001000
000100
100000
000010
,
010000
001000
000100
000001
000001
000001
010000
000010
,
100000
000100
001000
000001
000100
000000
000010
010000
,
000001
100000
000100
001000
000001
000000
100000
001000
,
000100
000001
010000
000010
100000
000000
000100
001000
,
000010
100000
000001
010000
001000
000000
100000
000100
,
001000
000010
100000
001000
000100
000001
010000
000100
,
001000
000010
100000
001000
010000
000001
000100
000010
,
010000
001000
000100
000001
001000
000100
000000
000000
;

//---------------dance-single - beginner----------------
#NOTES:
     dance-single:
     beginner:
     Beginner:
     1:
     0.179,0.252,0.024,0.000,0.000,103.000,2.000,0.000,0.000,0.000:
0000
0000
0000
0000
,
0000
0000
0000
0000
,
0000
0000
0000
0000
,
0000
0000
1000
0000
,
0000
0000
0000
0000
,
0000
0100
0000
0000
,
0000
0000
0000
0000
,
0001
0000
0000
0000
,
0000
0000
0000
0010
,
0000
0000
0000
0000
,
0000
0000
0000
0000
,
0000
0000
0000
0000
,
0100
0100
0100
0100
,
0100
0000
0000
0000
,
1000
1000
0000
0000
,
0000
0000
0000
0010
,
0010
0000
0000
0000
,
0000
0000
1000
1000
,
0000
0000
0000
0000
,
0000
0100
0100
0000
,
0000
0000
0000
0000
,
1000
1000
0000
0000
,
0000
0000
0000
1000
,
1000
0000
0000
0000
,
0000
0000
1000
1000
,
1000
1000
1000
1000
,
0000
0100
0100
0100
,
0100
0100
0100
0000
,
0001
0001
0001
0001
,
0001
0001
0000
0010
,
0010
0010
0010
0010
,
0010
0000
1000
1000
,
1000
1000
1000
1000
,
0000
0001
0001
0001
,
0001
0001
0001
0000
,
0100
0100
0100
0100
,
0100
0100
0100
0000
,
0000
0000
0000
0001
,
0000
0000
1000
1000
,
1000
1000
1000
1000
,
1000
1000
0000
0001
,
0001
0001
0001
0001
,
0001
0001
0000
0100
,
0100
0100
0100
0100
,
0100
0100
0000
0010
,
0010
0010
0010
0010
,
0010
0010
0010
0010
,
0000
0000
0000
1000
,
1000
0000
0000
0000
,
0001
0000
0000
0000
,
0001
0000
0000
0010
,
0000
0000
0000
0000
,
1001
0000
0000
0000
,
1001
0000
0000
0000
;
