#TITLE:STAY;
#SUBTITLE:;
#ARTIST:TESS;
#TITLETRANSLIT:;
#SUBTITLETRANSLIT:;
#ARTISTTRANSLIT:;
#CREDIT:;
#BANNER:STAY-banner.png;
#BACKGROUND:STAY-bg.png;
#LYRICSPATH:;
#CDTITLE:Dancemania 21.png;
#MUSIC:STAY.mp3;
#OFFSET:-0.840;
#SAMPLESTART:60.700;
#SAMPLELENGTH:12.000;
#SELECTABLE:YES;
#BPMS:0.000=140.000;
#STOPS:;
#BGCHANGES:;
// cache tags:
#FIRSTBEAT:8.000;
#LASTBEAT:196.000;
#SONGFILENAME:Songs/DDI/STAY/STAY.sm;
#HASMUSIC:1;
#HASBANNER:1;
#MUSICLENGTH:85.832;
// end cache tags

//---------------dance-single - ----------------
#NOTES:
     dance-single:
     :
     Easy:
     2:
     0.151,0.228,0.023,0.256,0.000,67.000,2.000,22.000,0.000,0.000:  // measure 1
0000
0000
0000
0000
,  // measure 2
0000
0000
0000
0000
,  // measure 3
0020
0000
0000
0000
,  // measure 4
0000
0000
0000
0030
,  // measure 5
2000
0000
0000
3000
,  // measure 6
0002
0000
0000
0003
,  // measure 7
2000
0000
0000
3000
,  // measure 8
0002
0000
0000
0003
,  // measure 9
1001
0000
0000
0000
,  // measure 10
0010
0000
0000
0000
,  // measure 11
1000
0000
0000
0000
,  // measure 12
0001
0000
0000
0000
,  // measure 13
0100
0000
0000
0000
,  // measure 14
1000
0000
0000
0000
,  // measure 15
0001
0000
0000
0000
,  // measure 16
0100
0000
0000
0000
,  // measure 17
0010
0000
0000
0000
,  // measure 18
2000
0000
0001
0000
,  // measure 19
0001
0000
0001
3000
,  // measure 20
0010
0000
0001
0000
,  // measure 21
0010
0000
1000
0000
,  // measure 22
0100
0000
0001
0000
,  // measure 23
0100
0000
1000
0000
,  // measure 24
0001
0000
1000
0000
,  // measure 25
0001
0000
1000
0000
,  // measure 26
0020
0000
0000
1000
,  // measure 27
1030
0000
0010
0010
,  // measure 28
0020
0000
0000
0100
,  // measure 29
0130
0000
0010
0010
,  // measure 30
0020
0000
1000
1000
,  // measure 31
1030
0000
0001
0001
,  // measure 32
2000
0000
0000
3000
,  // measure 33
0002
0000
0000
0003
,  // measure 34
0200
0000
0000
0300
,  // measure 35
0010
0010
0010
0010
,  // measure 36
2000
0000
0000
3000
,  // measure 37
0002
0000
0000
0003
,  // measure 38
0200
0000
0000
0300
,  // measure 39
0020
0000
0000
0030
,  // measure 40
2000
0000
0000
3000
,  // measure 41
0020
0000
0000
0030
,  // measure 42
0002
0000
0000
0003
,  // measure 43
0020
0000
0000
0030
,  // measure 44
2000
0000
0000
3000
,  // measure 45
0010
0000
0000
0000
,  // measure 46
1000
0000
0000
0000
,  // measure 47
0001
0000
0000
0000
,  // measure 48
0200
0000
0000
0000
,  // measure 49
0000
0000
0000
0300
,  // measure 50
1001
0000
0000
0000
;

//---------------dance-single - ----------------
#NOTES:
     dance-single:
     :
     Medium:
     5:
     0.331,0.343,0.105,0.326,0.140,162.000,9.000,28.000,0.000,0.000:  // measure 1
0000
0000
0000
0000
,  // measure 2
0000
0000
0000
0000
,  // measure 3
0010
0000
1000
0000
,  // measure 4
0100
0000
0000
0000
0000
0000
0000
0010
,  // measure 5
2000
0000
0000
3000
,  // measure 6
0002
0000
0000
0003
,  // measure 7
0200
0000
0000
0310
,  // measure 8
0020
0000
1000
0030
,  // measure 9
2010
0000
0010
0000
3001
0001
0001
0000
,  // measure 10
0000
0000
0010
0000
0000
0100
0000
0000
0010
0000
0000
0100
0000
0000
0001
0000
,  // measure 11
0000
0000
0100
0000
0000
1000
0000
0000
0100
0000
0000
1000
0000
0000
0001
0000
,  // measure 12
0000
0000
0001
0000
0000
0100
0000
0000
0001
0000
0000
0100
0000
0000
1000
0000
,  // measure 13
0000
0000
0010
0000
0000
0100
0000
0000
0001
0000
0000
0100
0000
0000
0010
0000
,  // measure 14
0000
0000
1000
0000
0000
0010
0000
0000
1000
0000
0000
0010
0000
0000
0100
0000
,  // measure 15
0000
0000
0001
0000
0000
0010
0000
0000
0010
0000
0000
0001
0000
0000
1000
0000
,  // measure 16
0000
0000
0010
0000
0000
0010
0000
0000
1000
0000
0000
1000
0000
0000
1000
0000
,  // measure 17
0000
0000
0010
0000
0000
0010
0000
0000
0001
0000
0000
0001
0000
0000
0001
0000
,  // measure 18
1000
0010
0001
0010
,  // measure 19
1000
0100
0001
0100
,  // measure 20
1001
0010
1000
0002
,  // measure 21
0100
0103
1000
0100
,  // measure 22
0010
1000
0001
0100
,  // measure 23
0001
2000
0100
3010
,  // measure 24
1000
0100
0001
0100
,  // measure 25
1000
0010
0001
0010
,  // measure 26
2000
0000
0000
0001
,  // measure 27
0100
3000
0010
0100
,  // measure 28
2002
0000
0003
0100
,  // measure 29
0001
3000
0010
0100
,  // measure 30
0002
0100
1000
0100
,  // measure 31
1000
0003
1000
0100
,  // measure 32
2000
0000
0100
3100
,  // measure 33
0002
0000
0100
0103
,  // measure 34
0020
0100
0100
0130
,  // measure 35
0110
1000
0100
1001
,  // measure 36
2000
0000
0002
3003
,  // measure 37
1001
0010
0001
1000
,  // measure 38
0002
0000
2000
3003
,  // measure 39
1000
0010
0001
0010
,  // measure 40
2002
0000
0003
0100
,  // measure 41
3002
0000
0000
0100
,  // measure 42
2003
0000
0000
3000
,  // measure 43
0020
0000
0200
0330
,  // measure 44
0010
0000
0001
0000
0000
1000
0000
0000
0010
0000
0000
0100
0000
0000
0001
0000
,  // measure 45
0000
0000
1000
0000
0000
0001
0000
0000
0100
0000
0000
0010
0000
0000
1000
0000
,  // measure 46
0000
0000
0100
0000
0000
0010
0000
0000
1000
0000
0000
0001
0000
0000
0100
0000
,  // measure 47
0000
0000
1000
0000
0000
0100
0000
0000
1000
0000
0000
0001
0000
0000
1000
0000
,  // measure 48
0020
0000
0200
0330
,  // measure 49
2002
0000
0000
3003
,  // measure 50
0110
0000
0000
0000
;

//---------------dance-single - ----------------
#NOTES:
     dance-single:
     :
     Hard:
     9:
     0.624,0.628,0.338,0.082,0.402,339.000,29.000,7.000,0.000,0.000:  // measure 1
0000
0000
0000
0000
,  // measure 2
0000
0000
0000
0000
,  // measure 3
2000
0000
0010
0000
,  // measure 4
3010
0000
0001
0010
0000
1000
0001
1000
,  // measure 5
1001
0000
0100
0000
0010
0100
0010
1001
,  // measure 6
0000
0000
0100
0000
0010
0100
0010
0001
,  // measure 7
1000
0010
1000
0010
0100
0010
0100
0010
,  // measure 8
0100
0001
0100
0000
0010
0100
0010
0000
1000
0010
1000
0000
0010
0100
0010
0000
,  // measure 9
1000
0000
1000
0000
0001
1000
0001
1000
,  // measure 10
0100
0000
0001
0000
0000
0100
0000
0000
1000
0000
0000
0010
0000
0000
0100
0001
,  // measure 11
0000
0000
1000
0000
0000
0100
0000
0000
0001
0000
0000
0010
0000
0000
0100
1000
,  // measure 12
0000
0000
0001
0000
0000
0100
0000
0000
1000
0000
0000
0100
0000
0000
0010
0001
,  // measure 13
0000
0000
1000
0000
0000
0010
0000
0000
0001
0000
0000
0100
0000
0010
1000
0010
,  // measure 14
0000
0000
0100
0000
0000
1000
0000
0000
0010
0000
0000
0100
0000
0100
0001
0100
,  // measure 15
0000
0000
0010
0000
0000
0001
0000
0000
0100
0000
0000
0010
0000
0000
0010
1000
,  // measure 16
0000
0000
0001
0000
0000
0001
0000
0000
0010
0000
0000
1000
0000
0000
1000
0000
,  // measure 17
0000
0000
1000
0000
0000
1000
0000
0000
0100
0000
0000
0001
0000
0000
0001
0000
,  // measure 18
1000
0100
0001
0101
1000
0100
0010
1010
,  // measure 19
0100
0110
0100
0101
0100
0001
1001
0000
,  // measure 20
0010
1000
0010
0000
0100
0000
0001
0000
0100
0001
0100
0000
0010
0000
1000
0000
,  // measure 21
0100
1000
0100
0000
1000
0000
0001
0000
0100
0001
0100
0000
0001
0000
1000
0000
,  // measure 22
0010
1000
0010
0000
0100
0000
0001
0000
0010
0001
0010
0000
0100
0000
0010
0000
,  // measure 23
0001
1000
0001
0000
0100
0000
0001
0000
1000
0001
1000
0000
0100
0000
0010
0000
,  // measure 24
0001
0100
0001
0000
1000
0000
0100
0000
0001
0100
0001
0000
0100
0000
1000
0000
,  // measure 25
0010
0001
0010
0000
1000
0000
0001
0000
0100
1000
0100
0000
0001
0000
0010
0000
,  // measure 26
1000
0010
1000
0000
0010
0000
0001
0000
0100
0010
0100
0000
0010
0000
1000
0000
,  // measure 27
0010
0100
0010
0000
0100
0000
0001
0000
1000
0000
0010
0000
0101
0000
0000
0000
,  // measure 28
1001
0010
0100
0010
1000
0001
0110
0000
,  // measure 29
1001
0010
0100
0010
0001
1000
0110
0001
,  // measure 30
0110
1000
0010
0100
1001
0010
0100
1000
,  // measure 31
0110
0001
1000
0001
1100
0010
0101
0000
,  // measure 32
1001
0010
1000
0010
0100
0001
0100
0001
,  // measure 33
0110
1000
0001
1000
0100
0010
0100
0010
,  // measure 34
1001
0010
0001
0010
,  // measure 35
0001
0010
0001
0000
0010
0100
0010
0000
0100
1000
0100
0000
2000
0000
0000
0000
,  // measure 36
0001
3000
1001
0000
,  // measure 37
0001
1000
0001
1000
0010
0100
0010
0100
,  // measure 38
0010
0000
1000
0001
1000
0000
0010
0100
0010
0000
1000
0100
1000
0000
0001
0010
,  // measure 39
0001
0000
0100
0010
0100
0000
0001
1000
0001
0000
1000
0010
1000
0000
0001
0100
,  // measure 40
0001
0100
1000
0100
0001
0010
0100
1000
,  // measure 41
0001
0000
1000
0100
1000
0000
0001
0100
0001
0000
1000
0100
1000
0000
0001
0100
,  // measure 42
0002
0010
1003
0110
,  // measure 43
0011
0001
0100
0000
1010
1000
0100
0000
,  // measure 44
0100
0000
1000
0000
0000
0010
0000
0000
0100
0000
0000
0001
0000
0000
1000
0010
,  // measure 45
0000
0000
0001
0000
0000
0010
0000
0000
0100
0000
0000
1000
0000
0100
0010
0000
,  // measure 46
0000
0000
0001
0000
0000
1100
0000
0000
0101
0000
0000
1100
0000
0000
0001
1000
,  // measure 47
0000
0000
0100
0000
0000
0100
0000
0000
0010
0000
0000
0010
0000
0000
0100
0000
,  // measure 48
0002
0003
0020
0030
,  // measure 49
2002
0000
0000
3003
,  // measure 50
0110
0000
0000
0000
;

//---------------dance-double - ----------------
#NOTES:
     dance-double:
     :
     Easy:
     2:
     0.170,0.257,0.047,0.151,0.000,85.000,4.000,13.000,0.000,0.000:  // measure 1
00000000
00000000
00000000
00000000
,  // measure 2
00000000
00000000
00000000
00000000
,  // measure 3
00000000
00000000
00000000
00000000
,  // measure 4
00000000
00000000
00000000
00000000
,  // measure 5
00100000
00000000
00000000
00000000
,  // measure 6
00010000
00000000
00000000
00000000
,  // measure 7
00001000
00000000
00000000
00000000
,  // measure 8
00000010
00000000
00000000
00000000
,  // measure 9
00010000
00000000
00000000
00000000
,  // measure 10
00001000
00000000
00000000
00000000
,  // measure 11
01000000
00000000
00000000
00000000
,  // measure 12
00010000
00000000
00000000
00000000
,  // measure 13
00000010
00000000
00000000
00000000
,  // measure 14
00000001
00000000
00000000
00000000
,  // measure 15
00000100
00000000
00000000
00000000
,  // measure 16
00010000
00000000
00000000
00000000
,  // measure 17
01000000
00000000
00000000
00010000
,  // measure 18
00001000
00000000
00000000
00000000
,  // measure 19
00010000
00001000
00010000
00100000
,  // measure 20
00000000
10000000
00000000
01000000
,  // measure 21
00000000
00010000
00000000
00001000
,  // measure 22
00000000
00000010
00000000
00001000
,  // measure 23
00000000
00010000
00000000
00001000
,  // measure 24
00000000
00010000
00000000
00010000
,  // measure 25
00000000
00100000
00000000
01000000
,  // measure 26
00020000
00000000
00000000
10030000
,  // measure 27
01000000
00000000
00000000
00010000
,  // measure 28
00011000
00000000
00000000
00000010
,  // measure 29
00000100
00000000
00000001
00000100
,  // measure 30
00002000
00003000
00001000
00010000
,  // measure 31
00200000
00300000
10000000
00010000
,  // measure 32
02000000
03000000
00100000
00010000
,  // measure 33
00000200
00000300
00000010
00000001
,  // measure 34
00000200
00000000
00000000
00000300
,  // measure 35
00000100
00000100
00001000
00001000
,  // measure 36
00011000
00000000
00000000
00000000
,  // measure 37
00001000
00010000
00100000
00000000
,  // measure 38
00010000
00000100
00001000
00000000
,  // measure 39
00001000
00000000
00100000
10000000
,  // measure 40
00010000
00000000
00000000
00100000
,  // measure 41
01000000
00000000
00000000
00010000
,  // measure 42
00001000
00000000
00000000
00000000
,  // measure 43
00020000
00030000
00002000
00003000
,  // measure 44
00000200
00000000
00000000
00000300
,  // measure 45
00000000
00001000
00010000
00000000
,  // measure 46
00010000
00100000
01000000
00000000
,  // measure 47
00100000
00000000
10000000
00000000
,  // measure 48
02200000
00000000
00000000
03300000
,  // measure 49
00022000
00000000
00000000
00030000
,  // measure 50
00013000
00000000
00000000
00000000
;

//---------------dance-double - ----------------
#NOTES:
     dance-double:
     :
     Medium:
     5:
     0.290,0.343,0.082,0.280,0.000,143.000,7.000,24.000,0.000,0.000:  // measure 1
00000000
00000000
00000000
00000000
,  // measure 2
00000000
00000000
00000000
00000000
,  // measure 3
00000000
00000000
00000000
00000000
,  // measure 4
00000000
00000000
00000000
00000000
00000000
00000000
00000000
00001000
,  // measure 5
00020000
00000000
00000000
00030000
,  // measure 6
00002000
00000000
00000000
00003000
,  // measure 7
00000020
00000000
00000000
00000030
,  // measure 8
00000200
00000000
00000000
00000300
,  // measure 9
00001000
00100000
00010000
00000010
,  // measure 10
00011000
01000000
00011000
00000100
,  // measure 11
00011000
00100000
00011000
00000010
,  // measure 12
00001000
00000001
00000100
00010000
,  // measure 13
00100000
00001000
01000000
00100000
,  // measure 14
10000000
01000000
00010000
00001000
,  // measure 15
00000010
00000001
00000100
00000001
,  // measure 16
00001000
00100000
10000000
00010000
,  // measure 17
01000000
00001000
00010000
00000100
,  // measure 18
00000010
00000001
00000100
00001000
,  // measure 19
00100000
01000000
10000000
00000000
10000000
01000000
00010000
00000000
,  // measure 20
00011000
00001000
00000010
00000001
,  // measure 21
00001000
00000200
00000000
00000000
,  // measure 22
00000300
00001000
00000100
00010000
,  // measure 23
00100000
00000000
01000000
00000000
00010000
00000000
10000000
01000000
,  // measure 24
00000000
01000000
00100000
00010000
,  // measure 25
10000000
00000000
01000000
00000000
00010000
00000000
00001000
00020000
,  // measure 26
00000000
00000000
00000000
00000000
00000000
00001000
00000000
00031000
,  // measure 27
00000000
00000000
00000010
00000001
,  // measure 28
00002002
00000000
00003003
00000100
,  // measure 29
00001000
00000000
00010000
00100000
,  // measure 30
20000000
00000000
00000000
00000000
30010000
00000000
10000000
00020000
,  // measure 31
00000000
00030000
00100000
00001000
,  // measure 32
00000010
00000001
00001000
00001000
,  // measure 33
00000010
00010000
00000100
00001000
,  // measure 34
00020000
00000000
00000000
00000000
,  // measure 35
00100000
00230000
01000000
01300000
,  // measure 36
20020000
00000000
00000000
30030000
,  // measure 37
00100000
00010000
00000010
00001000
,  // measure 38
00000200
00000300
00020000
00030000
,  // measure 39
00100000
00000000
10000000
00000000
01000000
00000000
00100000
00020000
,  // measure 40
00000000
00000000
00030000
00010000
,  // measure 41
00000010
00000000
00000000
00000000
00000000
00000000
00000010
00000001
,  // measure 42
00000200
00000000
00000000
00000300
,  // measure 43
00002000
00013000
00200000
00310000
,  // measure 44
02000000
13000000
00000000
00000000
,  // measure 45
00100000
00000000
00001000
00000000
00010000
00000000
00000100
00000010
,  // measure 46
00000001
00000000
00001000
00000000
00100000
00000000
10000000
01000000
,  // measure 47
00010000
00000000
00000010
00000000
00001000
00000000
00000001
00000100
,  // measure 48
00002000
00000000
00023000
00000000
,  // measure 49
00000200
00000000
00000000
00030000
,  // measure 50
00001300
00000000
00000000
00000000
;

//---------------dance-double - ----------------
#NOTES:
     dance-double:
     :
     Hard:
     9:
     0.561,0.571,0.128,0.140,0.396,314.000,11.000,12.000,0.000,0.000:  // measure 1
00000000
00000000
00000000
00000000
,  // measure 2
00000000
00000000
00000000
00000000
,  // measure 3
00200000
00300000
20000000
30000000
,  // measure 4
01000000
00000000
00010000
00001000
00000000
00001000
00000010
00000001
,  // measure 5
00000100
00000000
00000010
00000000
00000000
00000001
00000000
00000000
00001000
00000000
00000000
00001000
00000000
00000000
00000010
00000000
,  // measure 6
00000000
00000000
00000100
00000000
00000000
00001000
00000000
00000000
00010000
00000000
00000000
01000000
00000000
00000000
10000000
00000000
,  // measure 7
00000000
00000000
01000000
00000000
00000000
00100000
00000000
00000000
10000000
00000000
00000000
01000000
00000000
00000000
00100000
00000000
,  // measure 8
00000000
00000000
00001000
00000000
00000000
00010000
00000000
00000000
00000010
00000000
00000000
00000100
00000000
00000000
00000001
00000000
,  // measure 9
00001100
00000000
00010100
00000000
00010000
00010000
00010000
00010000
,  // measure 10
00000000
00000000
00100000
00000000
00000000
00010000
00000000
00000000
10000000
00000000
00000000
01000000
00000000
00000000
10000000
01000000
,  // measure 11
00000000
00000000
00010000
00000000
00000000
00001000
00000000
00000000
00000100
00000000
00000000
00000001
00000000
00000000
00000010
00000100
,  // measure 12
00000000
00000000
00001000
00000000
00000000
00000100
00000000
00000000
00010000
00000000
00000000
00001000
00000000
00000000
00000100
00000001
,  // measure 13
00000000
00000000
00000100
00000000
00000000
00001000
00000000
00000000
00000100
00000000
00000000
00001000
00000000
00000000
00010000
00001000
,  // measure 14
00000000
00000000
00000100
00000000
00000000
00001000
00000000
00000000
00010000
00000000
00000000
00100000
00000000
00000000
00010000
00001000
,  // measure 15
00000000
00000000
00100000
00000000
00000000
00010000
00000000
00000000
01000000
00000000
00000000
01000000
00000000
00000000
10000000
01000000
,  // measure 16
00000000
00000000
00100000
00000000
00000000
00010000
00000000
00000000
00100000
00000000
00000000
00001000
00000000
00000000
00010000
00000000
,  // measure 17
00000000
00000000
00010000
00000000
00000000
00000010
00000000
00000000
00000100
00000000
00000000
00001000
00000000
00000000
00000001
00000000
,  // measure 18
00002001
00000100
00000100
00003100
,  // measure 19
00000010
00000100
00001000
00010000
01000000
00100000
00010000
10000000
,  // measure 20
01000000
00000000
10000000
00000000
00100000
00000000
10000000
01000000
00000000
00100000
01000000
00000000
00100000
00000000
00010000
00100000
,  // measure 21
00000000
01000000
10000000
00000000
00100000
00000000
01000000
00010000
00000000
00100000
00001000
00000000
00010000
00000000
00000010
00001000
,  // measure 22
00000000
00000100
00001000
00000000
00000100
00000000
00000010
00000001
00000000
00000100
00001000
00000000
00000100
00000000
00001000
00010000
,  // measure 23
00000000
00010000
01000000
00000000
00100000
00000000
10000000
00010000
00000000
10000000
01000000
00000000
00010000
00000000
01000000
10000000
,  // measure 24
00000000
01000000
00010000
00000000
00001000
00000000
00010000
00000010
00000000
00010000
00001000
00000000
00010000
00000000
00001000
00100000
,  // measure 25
00000000
00001000
00010000
00000000
00001000
00000000
00000010
00000001
00000000
00000100
00000001
00000000
00000010
00000000
00000100
00001000
,  // measure 26
00000000
00000100
00001000
00000000
00010000
00000000
01000000
00100000
00000000
01000000
00010000
00000000
10000000
00000000
01000000
00000000
,  // measure 27
00010000
01000000
00100000
00010000
10000000
00100000
01010000
00000000
,  // measure 28
10010000
01000000
00010000
00001000
00010000
00000100
00000010
00000001
,  // measure 29
00001000
00000010
00010000
00001000
00000100
00000010
00001000
00000001
,  // measure 30
00000100
00001000
00010000
00001000
00010000
01000000
10000000
00100000
,  // measure 31
01000000
00001000
00100000
01000000
00100000
00001000
00010000
01000000
,  // measure 32
00100000
00010000
10000000
00010000
00100000
01000000
10000000
00100000
,  // measure 33
00010000
00001000
00000010
00000001
00001000
00000010
00000100
00000010
,  // measure 34
00001000
00000100
00000010
00001000
00000010
00000001
00000100
00000010
,  // measure 35
00000110
00000000
00000000
00000000
00001100
00000000
00000000
00000000
00011000
00000000
00000000
00010000
00001000
00000000
00010000
00000000
,  // measure 36
00022000
00000000
00000000
00033000
,  // measure 37
00100000
00010000
00100000
01000000
10000000
01000000
00100000
00001000
,  // measure 38
00010000
00001000
00010000
00001000
00010000
00001000
00000100
00000010
,  // measure 39
00001000
00000001
00000001
00000001
00000000
00000100
00000100
00000100
,  // measure 40
00000010
00000100
00000001
00000010
00000100
00010000
00001000
00000100
,  // measure 41
00001000
00010000
01000000
00100000
00010000
01000000
00001000
00100000
,  // measure 42
00010000
01000000
10000000
01000000
00001000
00010000
00100000
01000000
,  // measure 43
20020000
30030000
02200000
03300000
,  // measure 44
00000000
00000000
00100000
00000000
00000000
10000000
00000000
00000000
00010000
00000000
00010000
01000000
00010000
00000000
10000000
01000000
,  // measure 45
00000000
00000000
00100000
00000000
00000000
00001000
00000000
00000000
00010000
00000000
00000100
00001000
00000100
00000000
00000100
00001000
,  // measure 46
00000000
00000000
00000100
00000000
00000000
00000010
00000000
00000000
00000001
00000000
00000000
00000100
00000000
00000000
00000010
00000100
,  // measure 47
00000000
00000000
00010000
00000000
00000000
00100000
00000000
00000000
10000000
00000000
00000000
01000000
00000000
00000000
10000000
00000000
,  // measure 48
00020000
01030000
00200000
00310000
,  // measure 49
00002000
00000000
00000000
00000000
,  // measure 50
00013000
00000000
00000000
00000000
;
