#TITLE:.59;
#SUBTITLE:;
#ARTIST:dj TAKA;
#TITLETRANSLIT:;
#SUBTITLETRANSLIT:;
#ARTISTTRANSLIT:;
#CREDIT:;
#BANNER:.59.png;
#BACKGROUND:.59-bg.png;
#LYRICSPATH:;
#CDTITLE:./CDTITLES/BEATMANIA IIDX.PNG;
#MUSIC:.59.mp3;
#OFFSET:-0.052;
#SAMPLESTART:72.910;
#SAMPLELENGTH:12.000;
#SELECTABLE:YES;
#BPMS:0.000=135.000,224.000=125.260,226.000=112.780,226.500=98.360,227.000=102.040;
#STOPS:;
#BGCHANGES:;
// cache tags:
#FIRSTBEAT:12.000;
#LASTBEAT:227.500;
#SONGFILENAME:Songs/Techno/.59/.59.sm;
#HASMUSIC:1;
#HASBANNER:1;
#MUSICLENGTH:103.213;
// end cache tags

//---------------dance-single - ----------------
#NOTES:
     dance-single:
     :
     Easy:
     4:
     0.223,0.302,0.039,0.000,0.000,157.000,4.000,0.000,0.000,0.000:
0000
0000
0000
0000
,
0000
0000
0000
0000
,
0000
0000
0000
0000
,
0000
0000
0000
0000
,
0100
0000
0000
0000
,
0001
0000
0000
0000
,
1000
0000
0000
0000
,
0010
0100
0001
1000
,
0010
0100
1000
0100
,
0010
0100
1000
0100
,
0010
0000
0010
0000
,
0001
0000
0001
1000
,
0001
0100
1000
0100
,
0001
0100
1000
0100
,
0010
1000
0001
0010
,
0001
1000
0010
0100
,
0001
0010
0001
0100
,
0001
0010
0001
0100
,
0010
1000
0010
0100
,
0010
1000
0010
0100
,
0001
0100
1000
0010
,
0100
0001
1000
0010
,
0100
0100
0010
0100
,
0001
0001
1000
0001
,
0100
0000
0000
1001
,
1000
0000
0000
0000
,
0000
0000
0000
0000
0000
0000
0000
0001
,
1000
0000
0000
0000
,
0010
1000
0001
0100
,
0001
0000
0000
0000
,
0000
0000
0000
0000
0000
0000
0000
1000
,
0001
0000
0000
0000
,
0100
0100
0010
0100
,
1001
0000
0001
0100
,
0010
0000
1000
0001
,
0100
0000
0100
0000
,
0010
0000
0000
1001
,
0100
0000
0000
0000
,
0001
0000
0100
0010
,
1000
0000
0000
0000
,
1000
0001
1000
0001
1000
0000
0100
0000
,
0010
0100
0001
0100
,
0010
0100
0001
0100
,
0010
0000
0010
0000
,
1000
0000
0001
1000
,
0000
0110
0000
0100
,
0001
0100
1000
0100
,
0010
1000
0001
0010
,
0001
0001
0001
0001
,
1000
0010
1000
0100
,
1000
0010
0100
0001
,
1000
0000
0000
0000
,
0010
0000
0100
0010
,
1000
0000
1000
1000
,
0001
0000
0001
0001
,
0100
0100
0001
1000
,
0010
0000
0100
0001
;

//---------------dance-single - ----------------
#NOTES:
     dance-single:
     :
     Medium:
     6:
     0.356,0.411,0.223,0.000,0.000,234.000,23.000,0.000,0.000,0.000:
0000
0000
0000
0000
,
0000
0000
0000
0000
,
0000
0000
0000
0000
,
0001
0000
0000
1000
0000
0000
0000
0000
,
0010
0000
0000
0100
0000
0000
0000
0000
,
0001
0000
0000
0100
0000
0000
0000
0000
,
0010
0000
1000
0000
,
0100
0010
1000
0001
,
1000
0000
1001
0000
0100
0010
1000
0001
,
0100
0100
0010
1000
,
0001
0101
1000
1100
,
0010
0100
0001
1000
0010
0000
0010
0000
,
0100
0000
0110
0000
1000
0010
0100
0001
,
1000
1000
0010
0100
,
0010
0011
0010
1010
,
0100
0001
1000
0010
0100
0000
0100
0000
,
0001
1000
0010
0000
0010
0000
1001
0000
,
0100
0010
1000
0000
1000
0000
0001
0000
,
0100
0101
0100
1100
,
0010
0100
0010
0100
0001
1000
0001
1000
,
0010
0000
1010
0000
0100
0000
0001
1000
,
0100
0000
0100
1001
,
0100
0010
0100
0000
0001
1000
0001
0000
,
0010
0001
0010
0000
0100
1000
0100
1000
,
0001
0000
0000
0000
0100
0100
0100
0000
,
0010
0000
0010
1000
,
0001
0000
0000
0000
0001
0000
0000
1000
,
0010
0000
0000
0000
,
0100
0000
0010
0000
1000
0010
0100
0001
,
1000
0000
0000
1000
,
0010
0000
0000
0000
0100
0000
0000
0001
,
1000
0000
0010
0000
,
1000
0000
0010
0000
1000
0010
0100
0001
,
1000
0000
0100
0000
0001
0000
0100
0100
,
0010
0000
0100
0000
0001
0000
1000
1000
,
0010
0000
0100
0101
,
1000
0000
1100
0000
0001
0100
0001
0100
,
0010
0000
0100
0000
0010
1000
0001
0000
,
1000
0000
0001
0000
0100
0010
1000
0000
,
0001
0100
1000
0100
,
0001
0100
0001
0100
0001
0000
0000
0000
,
0001
0000
0101
0000
0010
0100
0001
1000
,
0010
1010
0001
0100
,
1000
1010
0001
0011
,
0100
0010
1000
0001
0100
0000
0100
0000
,
0000
0000
1001
0000
0001
0100
0010
1000
,
0001
1001
0100
0110
,
0100
0001
0100
1000
,
0010
1000
0001
0100
0010
0000
0000
0000
,
1001
0100
0001
1000
,
0010
0100
0001
0000
0001
1000
0100
0000
,
0010
1010
0010
0011
,
0100
0010
0100
0010
1000
0001
1000
0001
,
0100
0000
0100
0001
,
1000
0000
0001
0010
,
0100
0000
0100
1000
,
0001
0000
0001
0000
;

//---------------dance-single - ----------------
#NOTES:
     dance-single:
     :
     Hard:
     7:
     0.403,0.496,0.155,0.000,0.097,275.000,16.000,0.000,0.000,0.000:
0000
0000
0000
0000
,
0000
0000
0000
0000
,
0000
0000
0000
0000
,
0000
0000
0000
0000
,
1000
0000
0000
0010
0000
0000
0000
0000
,
0100
0000
0000
0001
0000
0000
0000
0000
,
1000
0000
0000
0000
0010
0100
0001
1000
,
0010
1000
0001
0100
,
0010
1000
0000
0000
0001
0000
0000
0001
0100
0000
0100
0000
0001
0000
0001
0000
,
1000
1000
0010
0010
0100
0100
0001
0001
,
1000
0000
1000
0000
,
0010
0000
0100
0001
,
1000
0010
0000
0000
0100
0000
0000
0100
0001
0000
0001
0000
1000
0000
1000
0000
,
0010
0010
1000
1000
0001
0001
0100
0100
,
0010
0000
0010
0100
,
0001
0000
1000
0000
0001
1000
0001
1000
,
0010
0100
0000
0000
0001
1000
0000
0001
0000
0000
0000
0000
0110
0000
0000
0000
,
1000
0001
0000
0000
0101
0000
0100
0000
0010
0000
1000
0000
0001
0000
0100
0000
,
0001
0010
0100
1000
0001
0010
0100
1000
,
0001
0100
0010
1000
0001
0100
0010
1000
,
0001
0101
1000
1100
,
0010
0011
0010
1010
,
0100
0010
1000
0001
0100
0010
1000
0001
,
0010
0100
1000
0001
0010
0100
1000
0001
,
0100
0000
0000
0000
0001
1000
0001
1000
,
1001
0000
0000
0100
,
0010
0000
0000
0000
0000
0000
1000
0001
,
0100
0000
0100
0000
,
0010
1000
0001
0100
0010
1000
0001
0100
,
0010
0000
0000
0100
,
0010
0000
0000
0000
0000
0000
1000
0001
,
0100
0000
0010
0000
,
1000
0000
0001
0000
1000
0000
0001
0000
0100
0010
0100
0010
0100
0010
0100
0010
,
0000
0000
1000
1001
,
0100
0101
0100
1100
,
0010
0011
0100
1100
,
0010
0001
1000
0100
,
0001
0000
0001
0100
,
0010
0000
0010
1000
,
0001
0100
0010
1000
,
1000
0000
0001
0000
1000
0000
0001
0000
0100
0010
0100
0010
1000
0000
0000
0000
,
0010
1000
0000
0000
0001
0000
0000
0001
0100
0000
0010
0000
1000
0000
0001
0000
,
0100
0010
1000
0001
0100
0010
1000
0001
,
0100
0000
0100
0000
,
0010
0000
0100
0001
,
1000
0010
0000
0000
0100
0000
0000
0000
0000
0000
0000
0000
0001
0000
0001
0000
,
0010
0010
0001
0001
1000
1000
0100
0100
,
0010
0000
0010
0001
,
1000
0000
0001
0000
1000
0001
1000
0001
,
0100
0010
0000
0000
1000
0000
0000
1000
0001
0000
0000
0001
0100
0000
0000
0000
,
0100
0001
0010
0100
1000
0001
1000
0001
,
1000
0100
0010
0001
1000
0100
0010
0001
,
1000
0010
0100
0001
1000
0010
0100
0001
,
0000
1010
0000
1100
,
0000
0011
0000
0101
,
0010
1000
0001
0100
,
0010
1000
0001
0100
0010
1000
0010
1000
;

//---------------dance-double - ----------------
#NOTES:
     dance-double:
     :
     Easy:
     4:
     0.249,0.302,0.068,0.000,0.000,173.000,7.000,0.000,0.000,0.000:
00000000
00000000
00000000
00000000
,
00000000
00000000
00000000
00000000
,
00000000
00000000
00000000
00000000
,
00000000
00000000
00000000
00000000
,
00010000
00000000
00000000
00000000
,
00000001
00000000
00000000
00000000
,
10000000
00000000
10000000
00000000
,
10000000
00100000
01000000
00001000
,
00010000
00000010
00001000
00000010
,
00001000
00001000
00000001
00000001
,
00000010
00000100
00010000
00001000
,
01000000
00100000
10000000
10000000
,
00100000
10000000
00010000
01000000
,
00001000
00001000
00010000
00010000
,
00000010
00001000
00000100
00010000
,
00001000
00100000
01000000
10000000
,
00100000
10010000
01000000
01000000
,
00010000
01100000
00001000
00010000
,
00000010
00000000
00000010
00000000
,
00001000
00000010
00000100
00000001
,
00000010
00000010
00001001
00000100
,
00010000
01000000
10000000
10010000
,
01000000
00000000
01000000
00010000
,
10000000
00100000
01000000
00010000
,
10010000
00000000
00000000
00000000
,
00001000
00000000
00000000
00000000
,
00000000
00000000
00000000
00000000
00000000
00000000
00000000
10000000
,
01000000
00000000
00000000
00000000
,
00001000
00100000
00010000
00000010
,
00000100
00000000
00000000
00000000
,
00000000
00000000
00000000
00000000
00000000
00000000
00000000
00000001
,
00000100
00000000
00000000
00000000
,
00000100
00010000
00001000
00100000
,
01000000
10000000
00100000
01000000
,
00001000
00010000
00000010
00000100
,
00000001
00001000
00000010
00010000
,
00001000
01000000
00100000
10000000
,
10000000
00100000
01000000
00001000
,
00001000
00010000
00000010
00000100
,
00000001
00000001
00001000
00000010
,
00010000
00010000
00001000
00011000
,
00001000
00100000
00010000
00100000
,
00010000
00010000
10000000
10000000
,
00100000
01000000
00001000
00010000
,
00000100
00000010
00000001
00000001
,
00000000
00001001
00000100
00000100
,
00010000
00010000
00001000
00001000
,
00100000
00010000
01000000
00001000
,
00010000
00000010
00000100
00000001
,
00000001
00001000
00000100
00000100
,
00001000
00000010
00010000
00001000
,
00100000
00000000
00100000
00000000
,
00010000
00100000
01000000
10000000
,
00100000
00000000
00100000
00000000
,
01000000
00000000
00001000
00010000
,
00000100
00000000
00000100
00000010
,
00000001
00000010
00000100
00001000
;

//---------------dance-double - ----------------
#NOTES:
     dance-double:
     :
     Medium:
     6:
     0.342,0.440,0.203,0.000,0.000,226.000,21.000,0.000,0.000,0.000:
00000000
00000000
00000000
00000000
,
00000000
00000000
00000000
00000000
,
00000000
00000000
00000000
00000000
,
00000000
00000000
00000000
00000000
,
10000000
00000000
00000000
00000000
,
00000001
00000000
00000000
00000000
,
00010000
00000000
00000000
00001000
00010000
00000000
00001000
00000000
,
01000000
00100000
10000000
00010000
,
01000000
00011000
00000010
00011000
,
01000000
01001000
00010000
00010010
,
00000100
00000000
00000010
00000000
00010000
00001000
00010000
00001000
,
01000000
00100000
01000000
00100000
10000000
00000000
10000000
00000000
,
00100000
00011000
00000100
00011000
,
00100000
00101000
00010000
00010100
,
00000010
00000000
00000100
00000000
00000001
00001000
00000001
00001000
,
00000010
00010000
00000010
00010000
00001000
00000000
00011000
00000000
,
10000000
00010000
00001000
00000001
,
00000001
00001000
00010000
10000000
,
00100000
01000000
00100000
01000000
00100000
01000000
00100000
01000000
,
00001000
01000000
00001000
01000000
00001000
01000000
00001000
00000000
,
01000000
00011000
00000010
00011000
,
01000000
01001000
00010000
00010010
,
00000100
00000000
00000010
00000000
00010000
00001000
00010000
00001000
,
01000000
00100000
01000000
00100000
10000000
00000000
10000000
00000000
,
00010000
00000000
00000000
00100000
00001000
00000000
00010010
00000000
,
00000100
00000000
00000000
00000010
,
00000100
00000000
00000000
00000000
00000000
00000000
00000000
00010000
,
10000000
00000000
00000000
00000000
,
00010000
00000000
00000100
00000000
00001000
00000001
00001000
00000001
,
00000010
00000000
00000000
00010000
,
00001000
00000000
00000000
00000000
00000000
00000000
00000000
00100000
,
01000000
00000000
10000000
00000000
,
10000000
00000000
00100000
00000000
01000000
00010000
01000000
00001000
,
00010000
00000000
00000000
00000001
,
00000100
00000000
00000000
00100000
,
10000000
00100000
01000000
00010000
,
10000000
00000000
10000000
00000000
10000000
00010000
10000000
00010000
,
01000000
00000000
00001000
00000100
,
00000001
00000000
00000000
00000000
00000000
00000000
00010000
00001000
,
01000000
00100000
10000000
00010000
,
01000000
00001000
01000000
00001000
01000000
00000000
10010000
00000000
,
01000000
00011000
00000010
00011000
,
01000000
01001000
00010000
00010010
,
00000100
00000000
00000010
00000000
00010000
00001000
00010000
00001000
,
01000000
00100000
01000000
00100000
10000000
00000000
10000000
00000000
,
00000000
01001000
00000000
00010000
,
00100000
00001000
00000100
00000001
,
00000010
00000100
00001000
00001000
,
00000010
00000000
00010000
00000000
00001000
00010000
00001000
00010000
,
00000001
00001000
00010000
10000000
,
10000000
00010000
00001000
00000001
,
00000010
00000100
00000010
00000100
00000010
00000100
00000010
00000100
,
00010000
00000100
00010000
00000100
00010000
00000100
00010000
00000000
,
00001000
00101000
00000000
01000000
,
00010000
00010000
10000000
00100000
,
01000000
00001000
00100000
00001000
,
00000100
00000010
00000100
00000010
00001000
00000000
00001000
00000000
;

//---------------dance-double - ----------------
#NOTES:
     dance-double:
     :
     Hard:
     7:
     0.424,0.467,0.242,0.000,0.029,281.000,25.000,0.000,0.000,0.000:
00000000
00000000
00000000
00000000
,
00000000
00000000
00000000
00000000
,
00000000
00000000
00000000
00000000
,
00000000
00000000
00000000
00000000
,
10000000
00000000
00000000
00010000
00000000
00000000
00000000
00000000
,
00001000
00000000
00000000
00000001
00000000
00000000
00000000
00000000
,
00000100
00000000
00000100
00000010
00001000
00000001
00000100
00000010
,
00010000
00010010
00001000
01001000
,
00100000
10100000
01000000
01010000
,
00001000
00101000
00010000
00010100
,
00000010
00000001
00000100
00000010
00001000
00000100
00010000
00001000
,
00100000
00010000
01000000
00100000
10000000
01000000
10000000
00010000
,
01000000
01010000
00100000
00101000
,
00010000
00010100
00001000
00001010
,
00000100
00000001
00001000
00000010
00010000
00000100
00100000
00001000
,
01000000
00010000
10000000
00100000
01000000
00010000
10000000
00100000
,
00000000
00000000
10010000
00000000
01000000
00001000
00010000
00000010
,
00001000
00000000
00001000
00000001
00000100
00000010
00001000
00000001
,
00000100
00000010
00000100
00000010
00010000
00000100
00010000
00000100
,
00100000
00001000
00100000
00001000
01000000
00010000
01000000
00010000
,
00100000
10100000
01000000
01010000
,
00001000
00101000
00010000
00010100
,
00000010
00000001
00000100
00000010
00001000
00000100
00010000
00001000
,
00100000
00010000
01000000
00100000
10000000
01000000
10000000
00010000
,
10000000
00010000
01000000
00100000
10000000
00010000
01000000
00100000
,
10000000
00000000
00000000
00000000
,
00000001
00000000
00001000
00000000
00000100
00000000
00000000
00010000
,
00001000
00000000
01000000
00000000
,
00010000
01000000
00100000
10000000
00010000
01000000
00100000
10000000
,
00010000
00000000
00000000
00000000
,
00000001
00000000
00001000
00000000
00000010
00000000
00000000
00010000
,
00001000
00000000
01000000
00000000
,
00100000
00000000
10000000
00000000
00010000
00000000
01000000
00000000
00010000
10000000
00010000
10000000
00010000
10000000
00010000
10000000
,
00000000
00000000
00010000
00010010
,
00000100
00000000
00000001
00000000
00001000
00000000
00000100
00000100
,
00010000
00000000
00100000
01000000
,
10000000
00000000
10000000
00000000
10000000
00010000
10000000
00010000
,
01000000
00000000
00000000
00000000
00001000
00000000
00010000
00000010
,
00000100
00000000
00000001
00000000
00001000
00000100
00010000
00001000
,
01000000
01000000
01000000
01000000
,
00010000
00000000
10000000
00000000
00010000
00000000
10000000
00000000
00010000
10000000
00010000
10000000
00010000
00000000
00000000
00000000
,
00100000
10100000
01000000
01010000
,
00001000
00101000
00010000
00010100
,
00000010
00000001
00000100
00000010
00001000
00000100
00010000
00001000
,
00100000
00010000
01000000
00100000
10000000
01000000
10000000
00010000
,
01000000
10010000
00000000
00110000
,
00001000
00010100
00001000
00001010
,
00000100
00000001
00001000
00000010
00010000
00000100
00100000
00001000
,
01000000
00010000
10000000
00100000
01000000
00010000
10000000
00100000
,
00000000
00000000
10010000
00000000
01000000
00001000
00010000
00000010
,
00001000
00000000
00001000
00000001
00000100
00000010
00001000
00000001
,
00000100
00000010
00000100
00000010
00010000
00000100
00010000
00000100
,
00100000
00001000
00100000
00001000
01000000
00010000
01000000
00010000
,
00100000
00000000
00100000
00000000
,
00001000
00000000
00001000
00000000
,
00000100
00000000
00000100
00000000
,
00001000
00000010
00000100
00000001
;

//---------------dance-couple - ----------------
#NOTES:
     dance-couple:
     :
     Medium:
     4:
     0.401,0.903,0.601,0.000,0.078,226.000,62.000,0.000,0.000,1.000:
00000000
00000000
00000000
00000000
,
00000000
00000000
00000000
00000000
,
00000000
00000000
00000000
00000000
,
00000000
00000000
00000000
00000000
,
00000001
00000000
00000000
00001000
00000000
00000000
00000000
00000000
,
10000000
00000000
00000000
00010000
00000000
00000000
00000000
00000000
,
00100000
00000000
00000010
00000000
,
01000100
00100010
10001000
00010001
,
10000000
00000000
10010000
00000000
01000000
00100000
10000000
00010000
,
01000000
01000000
00100000
10000000
,
00000010
00000000
00000010
00000000
,
00000001
00000000
00000001
00001000
,
00001000
00000000
00001001
00000000
00000100
00000010
00001000
00000001
,
00000100
00000100
00000010
00001000
,
00100000
00000000
00100000
00000000
,
00010000
00000000
00010000
10000000
,
00000001
00000100
00000001
00001000
,
00010000
01000000
00010000
10000000
,
00010001
00100010
01000100
10001000
00010001
00100010
01000100
10001000
,
00010001
01000100
00100010
10001000
00010001
01000100
00100010
10001000
,
00000001
00000100
00001000
00000010
,
00000100
00000001
00001000
00000010
,
00010000
01000000
10000000
00100000
,
01000000
00010000
10000000
00100000
,
01000100
00000000
00000000
10011001
,
01000100
00000000
00100000
01000000
,
00100000
00000000
00000000
00000000
00000000
00000000
10000000
00010000
,
01000001
00000000
01000000
00000000
,
00100000
10000000
00010000
01000000
00100000
10000000
00010000
01000000
,
00100100
00000000
00000010
00000100
,
00000010
00000000
00000000
00000000
00000000
00000000
00001000
00000001
,
10000100
00000000
00000100
00000000
,
00000010
00001000
00000001
00000100
00000010
00001000
00000001
00000100
,
00000010
00000000
00000000
00000000
00010000
00000000
01000000
01000000
,
00100001
00000000
01000000
00000000
00010000
00000000
10000000
10000000
,
00100001
00000000
01000000
01010000
,
10000001
00000000
11000000
00000000
00010000
01000000
00010000
01000000
,
00010000
00000000
00000000
00000000
00000001
00000000
00000100
00000100
,
10000010
00000000
00000100
00000000
00000001
00000000
00001000
00001000
,
10000010
00000000
00000100
00000101
,
10001000
00000000
00001100
00000000
00000001
00000100
00000001
00000100
,
00100000
10000000
00000000
00000000
00010000
00000000
00000000
00010000
01000000
00000000
00000000
01000000
00010000
00000000
00000000
00010000
,
10000000
00000000
00000000
10000000
00100000
00000000
00000000
00100000
01000000
00000000
00000000
01000000
00010000
00000000
00000000
00010000
,
00000001
00000000
00000001
00000000
,
00000010
00000000
00000100
00001000
,
00000010
00001000
00000000
00000000
00000001
00000000
00000000
00000001
00000100
00000000
00000000
00000100
00000001
00000000
00000000
00000001
,
00001000
00000000
00000000
00001000
00000010
00000000
00000000
00000010
00000100
00000000
00000000
00000100
00000001
00000000
00000000
00000001
,
10000000
00000000
10000000
00000000
,
00100000
00000000
01000000
00010000
,
00001001
00000100
00000001
00001000
,
10010000
00100000
10000000
00010000
,
10001000
01000100
00100010
00010001
10001000
01000100
00100010
00010001
,
10001000
00100010
01000100
00010001
10001000
00100010
01000100
00010001
,
00000000
00000011
00000000
00000101
,
00000000
10100000
00000000
11000000
,
00000010
00001000
00010000
01000000
,
00010001
00000000
00010001
00000000
;

//---------------dance-solo - ----------------
#NOTES:
     dance-solo:
     :
     Easy:
     4:
     0.248,0.302,0.058,0.000,0.000,173.000,6.000,0.000,0.000,0.000:
000000
000000
000000
000000
,
000000
000000
000000
000000
,
000000
000000
000000
000000
,
000000
000000
000000
000000
,
000010
000000
000000
000000
,
000010
000000
000000
000000
,
001000
000000
001000
000000
,
001000
000010
100000
000100
,
001000
000001
010000
001000
,
100000
100000
000001
000001
,
001000
000010
001000
010000
,
000100
100000
000001
000001
,
001000
000100
100000
010000
,
100000
100000
000010
000010
,
001000
000100
100000
000100
,
010000
000001
100000
000100
,
001000
100001
001000
001000
,
000010
001000
000001
100000
,
000100
000000
000100
000000
,
100000
000100
001000
000001
,
010000
010000
100001
001000
,
100000
000010
001000
001100
,
000001
000000
000001
100000
,
000100
001000
000010
100000
,
100001
000000
000000
000000
,
001000
000000
000000
000000
,
000000
000000
000000
000000
000000
000000
000000
000010
,
001000
000000
000000
000000
,
100000
000100
001000
000010
,
000010
000000
000000
000000
,
000000
000000
000000
000000
000000
000000
000000
010000
,
001000
000000
000000
000000
,
100000
000100
001000
000001
,
010000
100000
000010
000001
,
001000
000100
100000
000001
,
001000
000100
100000
000010
,
001000
000100
010000
000001
,
000001
000100
001000
100000
,
100000
000100
001000
000001
,
010000
010000
000100
001000
,
000001
000001
100000
100001
,
001000
000100
001000
000010
,
010000
010000
000001
000001
,
001000
000100
100000
000010
,
001000
000100
100000
100000
,
000000
100001
000100
000100
,
001000
001000
000010
000010
,
100000
000100
001000
000001
,
010000
000100
001000
000010
,
100000
000001
001000
001000
,
000100
100000
000001
001000
,
000010
000000
000010
000000
,
100000
000100
001000
000001
,
010000
000000
010000
000000
,
000100
000000
100000
000001
,
001000
000000
001000
000100
,
100000
000010
001000
000001
;

//---------------dance-solo - ----------------
#NOTES:
     dance-solo:
     :
     Medium:
     6:
     0.342,0.440,0.203,0.000,0.000,226.000,21.000,0.000,0.000,0.000:
000000
000000
000000
000000
,
000000
000000
000000
000000
,
000000
000000
000000
000000
,
000000
000000
000000
000000
,
100000
000000
000000
000000
,
000010
000000
000000
000000
,
001000
000000
000000
000100
001000
000000
000100
000000
,
100000
000010
001000
000001
,
010000
001100
000010
001100
,
100000
100010
000001
010001
,
001000
000000
000100
000000
100000
010000
100000
010000
,
001000
000100
001000
000100
100000
000000
100000
000000
,
000010
001100
000001
001010
,
100000
101000
000100
100100
,
000001
000000
001000
000000
000100
100000
000100
100000
,
000010
001000
000010
001000
000001
000000
100001
000000
,
000100
010000
000001
000010
,
000001
100000
000100
001000
,
000001
010000
000001
010000
000001
010000
000001
010000
,
000010
100000
000010
100000
000010
100000
000010
000000
,
001000
001010
000001
001001
,
100000
100100
000100
010100
,
000001
000000
001000
000000
000010
001000
000010
001000
,
000001
010000
000001
010000
000100
000000
000100
000000
,
100000
000000
000000
000001
001000
000000
100100
000000
,
000001
000000
000000
001000
,
000100
000000
000000
000000
000000
000000
000000
100000
,
000001
000000
000000
000000
,
001000
000000
000100
000000
100000
000010
100000
000010
,
001000
000000
000000
000001
,
100000
000000
000000
000000
000000
000000
000000
000010
,
001000
000000
000001
000000
,
000001
000000
100000
000000
000100
001000
000100
010000
,
000010
000000
000000
100000
,
001000
000000
000000
000001
,
100000
000100
001000
000001
,
010000
000000
010000
000000
010000
001000
010000
001000
,
100000
000000
000001
001000
,
000100
000000
000000
000000
000000
000000
100000
000001
,
001000
000100
100000
000001
,
001000
000010
001000
000010
001000
000000
100001
000000
,
000100
100001
001000
100001
,
000010
001010
010000
011000
,
100000
000000
000100
000000
001000
000010
001000
000010
,
100000
000100
100000
000100
001000
000000
001000
000000
,
000000
001010
000000
100000
,
000100
001000
000001
010000
,
000100
100000
000001
000001
,
001000
000000
000010
000000
100000
010000
100000
010000
,
100000
000001
001000
000100
,
000100
100000
000001
001000
,
000010
001000
000010
001000
000010
001000
000010
001000
,
010000
001000
010000
001000
010000
001000
010000
000000
,
000100
100100
000000
000001
,
001000
001000
000010
100000
,
000001
010000
000100
100000
,
000010
001000
000010
001000
000001
000000
000001
000000
;

//---------------dance-solo - ----------------
#NOTES:
     dance-solo:
     :
     Hard:
     7:
     0.421,0.467,0.233,0.000,0.029,280.000,24.000,0.000,0.000,0.000:
000000
000000
000000
000000
,
000000
000000
000000
000000
,
000000
000000
000000
000000
,
000000
000000
000000
000000
,
010000
000000
000000
001000
000000
000000
000000
000000
,
000010
000000
000000
001000
000000
000000
000000
000000
,
000001
000000
000001
010000
001000
100000
000100
001000
,
000001
001001
100000
100000
,
000010
100010
010000
010001
,
000100
000101
001000
101000
,
010000
000100
100000
000010
001000
000001
100000
000010
,
010000
000100
010000
000001
100000
000010
001000
000100
,
001000
001010
001000
011000
,
000001
010001
100000
100010
,
010000
000100
100000
000010
001000
000001
100000
000010
,
010000
000100
010000
000001
100000
000010
001000
000100
,
000000
000000
100001
000000
001000
000100
001000
000010
,
100000
000000
100000
000001
001000
000100
100000
000001
,
010000
000001
010000
000001
000100
001000
000100
001000
,
100000
000010
100000
000010
001000
000001
001000
000001
,
100000
100100
000001
001001
,
000010
001010
010000
011000
,
000010
000100
000001
010000
001000
100000
000001
010000
,
000010
000100
000010
100000
000001
010000
001000
000100
,
000001
100000
000100
001000
000010
100000
000010
010000
,
000001
000000
000000
000000
,
000010
000000
001000
000000
000001
000000
000000
100000
,
001000
000000
100000
000000
,
000100
001000
000001
010000
000100
001000
000001
010000
,
000010
000000
000000
000000
,
100000
000000
000100
000000
001000
000000
000000
000010
,
001000
000000
000001
000000
,
001000
000000
000001
000000
100000
000000
000100
000000
100000
000001
100000
000001
100000
000001
100000
000001
,
000000
000000
001000
001001
,
000100
000000
100000
000000
000001
000000
001000
001000
,
000010
000000
100000
000100
,
001000
000000
001000
000000
001000
000100
001000
000100
,
100000
000000
000000
000000
000010
000000
001000
000001
,
001000
000000
000100
000000
100000
000010
100000
000001
,
001000
001000
001000
001000
,
000010
000000
100000
000000
000010
000000
100000
000000
000010
100000
000010
100000
000010
000000
000000
000000
,
001000
001001
000100
100100
,
000010
100010
010000
010001
,
000010
000100
000001
010000
001000
100000
000001
010000
,
000010
000100
000010
100000
000001
010000
001000
000100
,
100000
100001
000000
001001
,
000010
001010
010000
011000
,
000010
001000
000001
010000
000100
100000
000001
010000
,
000010
001000
000010
100000
000001
010000
000100
001000
,
000000
000000
100001
000000
001000
000100
001000
000000
,
000010
000000
000010
100000
000001
001000
000100
100000
,
000001
001000
000001
001000
000100
100000
000100
100000
,
000010
001000
000010
001000
000001
010000
000001
010000
,
000100
000000
000100
000000
,
100000
000000
100000
000000
,
000001
000000
000001
000000
,
001000
000001
100000
000100
;

//---------------dance-single - beginner----------------
#NOTES:
     dance-single:
     beginner:
     Beginner:
     1:
     0.126,0.190,0.010,0.000,0.000,90.000,1.000,0.000,0.000,0.000:
0000
0000
0000
0000
,
0000
0000
0000
0000
,
0000
0000
0000
0000
,
0000
0000
0000
0000
,
0000
0000
0000
0000
,
0000
0000
0000
0000
,
1000
0000
0000
0000
,
0001
0000
0000
0000
,
0010
0000
1000
0000
,
0100
0000
1000
0000
,
0010
0000
0010
0000
,
0001
0000
0001
0000
,
0001
0000
0100
0000
,
0001
0000
0010
0000
,
1000
0000
1000
0000
,
0100
0000
0100
0000
,
0001
0000
1000
0000
,
0010
0000
1000
0000
,
0100
0000
0100
0000
,
0010
0000
0010
0000
,
0001
0000
1000
0000
,
0100
0000
1000
0000
,
0100
0000
0100
0000
,
0001
0000
1000
0000
,
0001
0000
0000
0000
,
1000
0000
0000
0000
,
0000
0000
0000
0000
,
0001
0000
0000
0000
,
0100
0100
0100
0100
,
0100
0000
0000
0000
,
0000
0000
0000
0000
,
0001
0000
0000
0000
,
1000
1000
1000
1000
,
1000
0000
0001
0000
,
0010
0000
1000
0000
,
0100
0000
0100
0000
,
0010
0000
0010
0000
,
0001
0000
0001
0000
,
1000
0000
0100
0000
,
1000
0000
0001
0000
,
1000
1000
1000
0000
,
0010
0000
1000
0000
,
0100
0000
0001
0000
,
0010
0000
0010
0000
,
0100
0000
0100
0000
,
0000
0110
0000
0100
,
0000
0100
0000
0100
,
0100
0000
0010
0000
,
1000
0000
0001
0000
,
0010
0000
1000
0000
,
0001
0000
0100
0000
,
0010
0000
0000
0000
,
0010
0000
0000
0000
,
1000
0000
0000
0000
,
0001
0000
0000
0000
,
0100
0000
0000
0000
,
0010
0000
0000
0000
;
