#TITLE:Sincerely;
#SUBTITLE:;
#ARTIST:KimonoThief;
#TITLETRANSLIT:;
#SUBTITLETRANSLIT:;
#ARTISTTRANSLIT:;
#CREDIT:;
#BANNER:Sincerely-bn.png;
#BACKGROUND:Sincerely-bg.png;
#LYRICSPATH:;
#CDTITLE:hypers3.png;
#MUSIC:Sincerely.mp3;
#OFFSET:-0.040;
#SAMPLESTART:33.600;
#SAMPLELENGTH:11.780;
#SELECTABLE:YES;
#DISPLAYBPM:150.000;
#BPMS:0.000=150.000;
#STOPS:;
#BGCHANGES:;
// cache tags:
#FIRSTBEAT:16.000;
#LASTBEAT:261.500;
#SONGFILENAME:Songs/Encore/Sincerely/Sincerely.sm;
#HASMUSIC:1;
#HASBANNER:1;
#MUSICLENGTH:108.886;
// end cache tags

//---------------dance-single - ----------------
#NOTES:
     dance-single:
     :
     Beginner:
     2:
     0.171,0.209,0.110,0.000,0.000,118.000,12.000,0.000,0.000,0.000:
0000
0000
0000
0000
,
0000
0000
0000
0000
,
0000
0000
0000
0000
,
0000
0000
0000
0000
,
0000
1000
0000
1000
,
0000
1000
0000
1000
,
0000
0001
0000
0001
,
0000
0001
0000
0001
,
0000
1000
0000
1000
,
0000
1000
0000
1000
,
0000
0001
0000
0001
,
0000
0001
0000
0001
,
0000
1000
0000
1000
,
0000
1000
0000
1000
,
0000
0001
0000
0001
,
0000
0001
0000
0001
,
0001
0000
1000
1000
,
1000
0000
0010
0010
,
0010
0000
1000
1000
,
1000
0000
0100
0100
,
0100
0000
0001
0001
,
0001
0000
0010
0010
,
0010
0000
0001
0001
,
0001
0000
0100
0100
,
0100
0100
0000
0100
,
0000
0100
0000
0100
,
0000
0010
0000
0010
,
0000
0010
0000
0010
,
0000
1000
0000
1000
,
0000
1000
0000
1000
,
0000
0001
0000
0001
,
0000
0001
0000
0000
,
1001
0000
0000
0000
,
1000
0000
0000
0000
,
1001
0000
0000
0000
,
0001
0000
0000
0000
,
1001
0000
0000
0000
,
1000
0000
0000
0000
,
1001
0000
0000
0000
,
0010
0000
0000
0000
,
1001
0000
0000
0000
,
0100
0000
0000
0000
,
1001
0000
0000
0000
,
1000
0000
0000
0000
,
1001
0000
0000
0000
,
0001
0000
0000
0000
,
1001
0000
0000
0000
,
1001
0000
0000
0000
,
1001
0000
1000
0000
,
0001
0000
0001
0000
,
1000
0000
1000
0000
,
1000
1000
1000
0000
,
0001
0000
0001
0000
,
1000
0000
1000
0000
,
0001
0000
0001
0000
,
0001
0001
0001
0000
,
1000
0000
1000
0000
,
0001
0000
0001
0000
,
1000
0000
1000
0000
,
1000
1000
1000
0000
,
0001
0000
0001
0000
,
1000
0000
1000
0000
,
0001
0000
0001
0000
,
0001
0001
0001
0000
,
1001
0000
0000
0000
,
1001
0000
0000
0000
;

//---------------dance-single - ----------------
#NOTES:
     dance-single:
     :
     Easy:
     3:
     0.265,0.269,0.009,0.083,0.000,192.000,1.000,9.000,0.000,0.000:
0000
0000
0000
0000
,
0000
0000
0000
0000
,
0000
0000
0000
0000
,
0000
0000
0000
0000
,
1000
0001
1000
0000
,
0001
1000
0001
0000
,
0100
0010
0100
0000
,
0010
0100
0010
0000
,
0100
0001
0100
0000
,
0001
0100
0001
0000
,
1000
0100
1000
0000
,
0100
1000
0100
0000
,
0010
0001
0010
0000
,
0001
0010
0001
0000
,
1000
0010
1000
0000
,
0010
1000
0010
0000
,
1000
0001
1000
0001
,
0100
0010
0100
0010
,
1000
0001
1000
0001
,
0010
0100
0010
0100
,
1000
0001
1000
0001
,
0100
0010
0100
0010
,
1000
0001
1000
0001
,
0010
0100
0010
0100
,
2000
0000
0000
0000
,
3020
0000
0000
0000
,
0230
0000
0000
0000
,
0302
0000
0000
0000
,
2003
0000
0000
0000
,
3200
0000
0000
0000
,
0320
0000
0000
0000
,
0032
0000
0000
0000
,
1003
0001
1000
0000
,
0010
1000
0010
0000
,
0100
0010
0100
0000
,
0001
0100
0001
0000
,
1000
0001
1000
0000
,
0001
0010
0001
0000
,
0010
0100
0010
0000
,
0100
1000
0100
0000
,
1000
0001
1000
0000
,
0001
1000
0001
0000
,
0100
0010
0100
0000
,
0010
0100
0010
0000
,
1000
0001
1000
0000
,
0001
1000
0001
0000
,
1000
0100
0010
0001
,
0100
0001
0010
0100
,
1000
0100
1000
0100
,
0010
0001
0010
0001
,
0100
0001
0100
0001
,
1000
0010
1000
0010
,
0100
0010
0100
0010
,
0100
0001
0100
0001
,
1000
0100
1000
0100
,
0010
0100
0010
0100
,
1000
0001
1000
0001
,
0100
0010
0100
0010
,
1000
0001
1000
0001
,
0010
0100
0010
0100
,
1000
0100
1000
0100
,
0010
0001
0010
0001
,
0100
0001
0100
0001
,
1000
0010
1000
0010
,
2000
0000
0000
3000
,
1001
0000
0000
0000
;

//---------------dance-single - ----------------
#NOTES:
     dance-single:
     :
     Medium:
     5:
     0.361,0.358,0.000,0.119,0.000,262.000,0.000,13.000,0.000,0.000:
0000
0000
0000
0000
,
0000
0000
0000
0000
,
0000
0000
0000
0000
,
0000
0000
0000
0000
,
1000
0100
1000
0000
0010
0000
0100
0000
,
0010
0100
0010
0000
1000
0000
0100
0000
,
0010
0100
0010
0000
0100
1000
0100
0000
,
2000
0000
0010
0000
,
3001
1000
0001
0000
0100
0000
0010
0000
,
1000
0001
1000
0000
0100
0000
0010
0000
,
0100
0010
0100
0000
0010
0000
0001
0000
,
0100
0010
0100
0000
0010
0100
0010
0000
,
1000
0001
1000
0000
0010
0000
0100
0000
,
0001
0100
0001
0000
1000
0000
0100
0000
,
1000
0100
1000
0000
0100
0000
0010
0000
,
0002
0000
0100
0000
,
1003
0100
1000
0100
,
1000
0001
1000
0001
,
0100
0001
0100
0001
,
0100
0010
0100
0010
,
0100
0010
1000
0010
,
1000
0001
1000
0001
,
1000
0001
0010
0001
,
0010
0100
0010
0100
,
2000
0000
0100
0000
,
3002
0000
0100
0000
,
0023
0000
0001
0000
,
0230
0000
0010
0000
,
2300
0000
0010
0000
,
3002
0000
0010
0000
,
0203
0000
0001
0000
,
0320
0000
1000
0000
,
0130
0000
0100
0000
0100
0001
0000
1000
,
0000
0010
0000
1000
0100
0000
0010
0000
,
0001
0000
0001
0000
0001
0100
0000
0010
,
0000
1000
0000
0100
1000
0100
1000
0100
,
1000
0000
0001
0000
0100
0010
0000
1000
,
0000
0010
0000
0100
0010
0000
1000
0000
,
0100
0000
0100
0000
0100
0010
0000
0001
,
0000
1000
0000
0001
0100
0001
0100
0001
,
0100
0000
0100
0000
0100
0010
0000
0010
,
0000
0100
0000
0001
0010
0000
0100
0000
,
1000
0000
1000
0000
1000
0001
0000
0100
,
0000
0010
0000
1000
0001
1000
0001
1000
,
0001
0000
0001
0000
0001
0100
0000
0010
,
0000
1000
0000
0001
0100
0000
0010
0000
,
0100
0000
0100
0000
0100
0001
0000
1000
,
0000
0100
0000
0010
0001
0010
0001
0010
,
0001
1000
0001
0000
0100
0000
0001
0000
,
1000
0100
1000
0000
0100
0000
1000
0000
,
0001
0100
0001
0000
0100
0000
0010
0000
,
1000
0001
1000
0000
0001
1000
0001
0000
,
1000
0010
1000
0000
0010
0000
0100
0000
,
0010
0100
0010
0000
0100
0000
0001
0000
,
0010
0001
0010
0000
0001
0000
1000
0000
,
0002
0000
0100
0000
,
1003
0100
1000
0000
0001
0000
1000
0000
,
0001
0010
0001
0000
1000
0000
0100
0000
,
0010
0100
0010
0000
0100
0000
1000
0000
,
0001
1000
0001
0000
1000
0001
1000
0000
,
0010
0100
0010
0000
1000
0000
0001
0000
,
0100
0010
0100
0000
0010
0000
1000
0000
,
0001
1000
0001
0000
0010
0000
0100
0000
,
2000
0000
0001
0000
,
3002
0000
0000
0000
,
1003
0000
0000
0000
;

//---------------dance-single - ----------------
#NOTES:
     dance-single:
     :
     Hard:
     7:
     0.517,0.478,0.276,0.037,0.147,360.000,30.000,4.000,0.000,0.000:
0000
0000
0000
0000
,
0000
0000
0000
0000
,
0000
0000
0000
0000
,
0000
0000
0000
0000
,
0001
1000
0010
0100
0000
0001
0000
0100
,
0001
0000
0010
0000
0001
0000
1000
0000
0001
0000
0000
0100
0000
0000
0010
0000
,
0100
0000
1000
0000
0100
0000
0010
0000
0100
0000
0000
0001
0000
0000
1000
0000
,
0001
0000
0000
0001
0000
0000
0001
0000
1000
0000
0000
1000
0000
0000
1000
0000
,
0010
0100
0001
0010
0000
0001
0000
0001
,
1000
0000
0100
0000
1000
0000
0001
0000
1000
0000
0000
0010
0000
0000
0100
0000
,
0001
0000
0100
0000
0010
0000
1000
0000
0100
0000
0000
0010
0000
0000
0001
0000
,
0100
0000
0000
0100
0000
0000
0100
0000
0001
0000
1000
0000
0100
0000
0010
0000
,
0001
1000
0001
0010
0000
1000
0000
0010
,
0001
0000
1000
0000
0100
0000
1000
0000
0010
0000
0000
0100
0000
0000
0001
0000
,
0100
0000
0010
0000
0100
0000
0001
0000
1000
0000
0000
0001
0000
0000
0010
0000
,
0100
0000
0000
0100
0000
0000
0100
0000
0010
0000
0000
0010
0000
0000
0010
0000
,
0001
0000
1000
0000
0100
0000
1000
0000
0100
0000
1000
0000
0100
0000
0000
0100
,
0000
0000
0010
0000
0001
0000
0010
0000
0001
0000
0010
0000
0001
0000
0000
0001
,
0000
0000
0100
0000
0010
0000
0100
0000
0010
0000
0100
0000
0010
0000
0000
0010
,
0000
0000
1000
0000
0001
0000
1000
0000
0001
0000
1000
0000
0001
0000
0000
0001
,
0000
0000
0100
0000
0001
0000
0100
0000
0001
0000
0100
0000
0001
0000
0000
0001
,
0000
0000
1000
0000
0010
0000
1000
0000
0010
0000
1000
0000
0010
0000
0000
0010
,
0000
0000
0100
0000
0010
0000
0100
0000
0010
0000
0100
0000
0010
0000
0000
0010
,
0000
1000
0100
1000
0100
1000
0100
1000
,
0100
1100
0010
0011
,
0001
0101
0100
0110
,
0010
1010
1000
1100
,
0001
0101
1000
1010
,
0001
0011
0010
0110
,
0100
1100
0010
0011
,
0001
0101
0100
1100
,
1000
1010
0010
0110
,
1001
0000
1001
0000
1000
0100
0000
0010
,
0000
0001
0000
0100
0010
0000
1000
0000
,
0101
0000
0101
0000
0001
0100
0000
0010
,
0000
1000
0000
0100
0010
0001
0010
0100
,
1000
0000
1100
0000
0100
1000
0000
0010
,
0000
0100
0000
0010
1000
0000
0001
0000
,
1001
0000
1001
0000
0001
0100
0000
0010
,
0000
1000
0000
0100
0010
0100
1000
0100
,
0010
0000
0011
0000
0001
1000
0000
0010
,
0000
0100
0000
0010
1000
0000
0100
0000
,
0110
0000
0110
0000
0010
0001
0000
1000
,
0000
0010
0000
0100
0001
1000
0010
0100
,
0001
0000
0101
0000
0100
0010
0000
0100
,
0000
0001
0000
1000
0100
0000
0010
0000
,
0011
0000
0011
0000
0001
1000
0000
0010
,
0000
0100
0000
0001
0100
0010
1000
0100
,
0010
0100
1000
0001
0000
1000
0000
0010
,
1000
0000
0100
0000
1000
0000
0010
0000
1000
0000
0000
0001
0000
0000
0100
0000
,
0010
0100
0001
0010
0100
1000
0010
1000
,
0001
0000
0000
0001
0000
0000
0001
0000
0100
0000
0010
0000
1000
0000
0100
0000
,
0010
0001
0100
0001
0000
1000
0000
1000
,
0010
0000
0100
0000
0010
0000
1000
0000
0001
0000
0000
0100
0000
0000
1000
0000
,
0100
0000
0001
0000
0010
0000
0100
0000
1000
0000
0000
0100
0000
0000
1000
0000
,
0001
0000
0000
0001
0000
0000
0001
0000
1000
0000
0000
1000
0000
0000
1000
0000
,
0010
0100
0010
1000
0000
0001
0000
0010
,
0100
0000
0001
0000
0100
0000
1000
0000
0010
0000
0000
0100
0000
0000
0001
0000
,
1000
0000
0100
0000
0010
0000
0100
0000
1000
0000
0000
0001
0000
0000
0100
0000
,
0010
0000
0000
0010
0000
0000
0010
0000
1000
0000
0100
0000
0010
0000
0100
0000
,
0001
0100
1000
0001
0000
0100
0000
0010
,
1000
0000
0001
0000
0100
0000
0010
0000
1000
0000
0000
0100
0000
0000
0010
0000
,
1000
0000
0010
0000
0100
0000
0010
0000
0001
0000
0000
1000
0000
0000
0010
0000
,
1000
0000
0000
1000
0000
0000
1000
0000
0001
0000
0000
0001
0000
0000
0001
0000
,
2000
0000
0000
3020
0000
0000
0230
0000
0000
0300
0002
0000
0000
0003
0000
0000
,
1001
0000
0000
0000
;

//---------------dance-single - ----------------
#NOTES:
     dance-single:
     :
     Challenge:
     9:
     0.642,0.567,0.588,0.000,0.482,425.000,64.000,0.000,0.000,0.000:
0000
0000
0000
0000
,
0000
0000
0000
0000
,
0000
0000
0000
0000
,
0000
0000
0000
0000
,
1000
0000
0100
1000
0000
0000
0010
0000
0000
0000
0100
0000
0000
0000
0001
0100
,
0001
0000
0010
0100
0000
0000
1000
0000
0100
0000
0000
0010
0000
0000
0100
1000
,
0100
0000
1000
0010
0000
0000
0100
0000
0010
1000
0000
0010
0000
0000
0100
0000
,
0010
0000
0000
1000
0000
0000
1010
0000
0100
0000
0000
0001
0000
0000
0101
0000
,
0001
0000
0010
0100
0000
0000
1000
0000
0000
0000
0010
0000
0000
0000
0100
0001
,
0100
0000
0010
1000
0000
0000
0010
0000
0100
0000
0000
0001
0000
0000
1000
0100
,
1000
0000
0100
0010
0000
0000
0001
0000
0010
0100
0000
1000
0000
0000
0001
0000
,
0100
0000
0000
0010
0000
0000
0110
0000
0010
0000
1000
0000
0001
0000
0100
0000
,
0010
0000
1000
0001
0000
0000
0100
0000
0000
0000
0010
0000
0000
0000
0100
0010
,
0100
0000
0010
1000
0000
0000
0001
0000
0010
0000
0000
0100
0000
0000
1000
0001
,
1000
0000
0010
0100
0000
0000
0001
0000
0100
0010
0000
1000
0000
0000
0010
0000
,
1000
0000
0000
0100
0000
0000
1100
0000
0010
0000
0000
0001
0000
0000
0011
0000
,
0000
0000
0001
0000
0100
0000
0010
0000
1000
0000
0010
0000
0100
0001
0000
0001
,
0000
0000
1000
0000
0100
0000
0010
0000
0001
0000
0010
0000
0100
1000
0000
1000
,
0000
0000
0010
0000
0100
0000
0001
0000
0100
0000
0010
0000
0100
0001
0000
0001
,
0000
0000
0010
0000
0100
0000
0010
0000
0001
0000
0010
0000
0100
1000
0000
1000
,
0000
0000
0100
0000
1000
0000
0100
0000
0010
0000
0100
0000
1000
0001
0000
0001
,
0000
0000
1000
0000
0010
0000
0100
0000
0010
0000
1000
0000
0001
0010
0000
0010
,
0000
0000
0001
0000
1000
0000
0100
0000
0010
0000
0100
0000
1000
0001
0000
0001
,
0000
0000
0100
0000
0010
0000
0100
0000
0001
0000
1000
0000
0100
0010
0000
0010
,
0000
0000
0010
0000
0010
0001
0000
0001
1000
0000
1000
0010
0000
0010
0100
0000
,
0010
0000
0010
0000
0100
0001
0000
0000
1000
0000
1000
0000
0001
0100
0000
0100
,
0000
0000
0010
0000
1000
0100
0000
0000
0010
0000
0000
0001
0000
0000
0100
0010
,
0000
0000
1000
0000
0010
0100
0000
0000
0001
0000
0001
0000
1000
0001
0000
0001
,
0000
0000
0100
0000
0100
0010
0000
0010
1000
0000
1000
0001
0000
0001
0010
0000
,
0000
0000
0001
0000
0010
0100
0000
0000
1000
0000
1000
0000
0010
0100
0000
0100
,
0000
0000
0010
0000
1000
0100
0000
0000
1000
0000
0000
0010
0000
0000
0100
0001
,
0000
0000
0010
0000
0100
0010
0000
0000
0001
0000
0001
0000
0100
0010
0000
0000
,
0101
0000
0101
0000
0101
0100
0000
0110
,
0000
0110
0000
0110
0010
0000
1010
0000
,
1100
0000
1100
0000
1100
1000
0000
1001
,
0000
1001
0000
1001
0100
0010
0100
0001
,
0011
0000
0011
0000
0011
0010
0000
0110
,
0000
0110
0000
0110
0010
0000
0101
0000
,
0101
0000
0101
0000
0101
0010
0000
1010
,
0000
1010
0000
1010
0100
0001
1000
0100
,
0110
0000
0110
0000
0110
1000
0000
1100
,
0000
1100
0000
1100
0001
0000
1001
0000
,
1001
0000
1001
0000
1001
0010
0000
0110
,
0000
0110
0000
0110
0001
0100
0010
1000
,
1100
0000
1100
0000
1100
0100
0000
0110
,
0000
0110
0000
0110
0001
0000
0011
0000
,
0011
0000
0011
0000
0011
0001
0000
0101
,
0000
0101
0000
0101
0100
0010
1000
0001
,
0010
0000
0100
1000
0000
0000
0001
0000
0000
0000
0100
0000
0000
0000
0010
0100
,
0010
0000
0100
0001
0000
0000
0010
0000
0100
0000
1000
0000
0100
0000
0010
0001
,
0010
0000
0001
0100
0000
0000
0010
0000
0100
0001
0000
1000
0000
0000
0100
0000
,
0010
0000
0000
0001
0000
0000
0011
0000
0001
0000
0100
0000
0010
0000
1000
0000
,
0100
0000
1000
0100
0000
0000
0010
0000
0000
0000
0001
0000
0000
0000
0100
0001
,
0100
0000
0001
1000
0000
0000
0100
0000
0010
0000
0001
0000
0100
0000
0010
0100
,
0010
0000
1000
0010
0000
0000
0100
0000
0001
0010
0000
0001
0000
0000
0100
0000
,
0010
0000
0000
0100
0000
0000
0110
0000
0001
0000
0000
1000
0000
0000
1001
0000
,
0010
0000
0100
1000
0000
0000
0001
0000
0000
0000
0100
0000
0000
0000
0010
0100
,
0010
0000
0100
0001
0000
0000
0010
0000
0100
0000
1000
0000
0100
0000
0010
0001
,
0010
0000
0001
0100
0000
0000
0010
0000
0100
0001
0000
1000
0000
0000
0100
0000
,
0010
0000
0000
0001
0000
0000
0011
0000
0001
0000
0100
0000
0010
0000
1000
0000
,
0100
0000
1000
0100
0000
0000
0010
0000
0000
0000
0001
0000
0000
0000
0100
0001
,
0100
0000
0001
1000
0000
0000
0100
0000
0010
0000
0001
0000
0100
0000
0010
0100
,
0010
0000
1000
0010
0000
0000
0100
0000
0001
0010
0000
0001
0000
0000
0100
0000
,
0010
0000
0000
0100
0000
0000
0110
0000
0001
0000
0000
1000
0000
0000
1001
0000
,
1000
0000
0010
0100
0000
0000
0001
0000
0000
0000
0100
0000
0000
0000
0010
0000
,
1001
0000
0000
0000
;

//---------------dance-double - ----------------
#NOTES:
     dance-double:
     :
     Challenge:
     9:
     0.640,0.600,0.487,0.018,0.234,433.000,53.000,2.000,0.000,0.000:
00000000
00000000
00000000
00000000
,
00000000
00000000
00000000
00000000
,
00000000
00000000
00000000
00000000
,
00000000
00000000
00000000
00000000
,
00000000
00000000
00000000
00000000
,
00000000
00000000
00000000
00000000
,
00000000
00000000
00000000
00000000
,
00000000
00000000
00000000
00000000
,
10000000
00000000
00010000
00000000
01000000
00000000
00100000
00000000
01000000
00000000
00010000
00000000
00100000
00000000
01000000
10000000
,
00100000
00010000
00001000
00000010
00000001
00000100
00001000
00000100
,
00000001
00000010
00001000
00010000
00001000
00000100
00000010
00001000
,
00010000
00000000
01000000
00000000
00100000
00000000
01000000
00000000
00010000
00000000
10000000
00000000
01000000
00100000
01000000
00100000
,
00010000
00000000
10000000
00000000
00010000
00000000
00100000
00000000
01000000
00000000
10000000
00000000
00010000
00000000
01000000
00010000
,
00100000
00001000
00000100
00000001
00000010
00001000
00010000
00100000
,
00010000
00001000
00000010
00000001
00000100
00000010
00010000
00000100
,
00000010
00000000
00000000
00000011
00000000
00000000
00000100
00000000
00011000
00000000
00000000
01000000
00000000
00000000
10100000
00000000
,
00000000
00000000
00010000
00000000
01000000
00000000
00100000
00000000
01000000
00000000
10000000
00000000
01000000
00100000
00000000
10000000
,
00000000
00000000
01000000
00000000
00100000
00000000
01000000
00000000
00010000
00000000
00001000
00000000
00010000
00001000
00000000
00000100
,
00000000
00000000
00000010
00000000
00000100
00000000
00000001
00000000
00000010
00000000
00000100
00000000
00000010
00001000
00000000
00010000
,
00000000
00000000
00100000
00000000
00010000
00000000
00001000
00000000
00000010
00000000
00001000
00000000
00010000
01000000
00000000
10000000
,
00000000
00000000
01000000
00000000
00100000
00000000
00010000
00000000
00001000
00000000
00000100
00000000
00001000
00000100
00000000
00000010
,
00000000
00000000
00000001
00000000
00000100
00000000
00001000
00000000
00010000
00000000
00100000
00000000
01000000
00010000
00000000
00100000
,
00000000
00000000
01000000
00000000
10000000
00000000
00100000
00000000
01000000
00000000
00010000
00000000
00100000
00001000
00000000
00010000
,
00000000
00000000
00000010
00000000
00000100
00000000
00000001
00000000
00000010
00000000
00000100
00000000
00010000
00001000
00000000
00010000
,
01000000
10000000
00010000
01000000
10000000
01000000
00001000
00010000
,
00000100
00000010
00000001
00000100
00001000
00010000
00001000
00000100
,
00000001
00000010
00001000
00010000
00100000
10000000
01000000
00100000
,
00010000
01000000
00100000
10000000
01000000
00010000
00001000
00010000
,
00100000
10000000
01000000
00010000
00001000
00000100
00000010
00000100
,
00000001
00000010
00001000
00010000
00100000
01000000
00001000
00010000
,
01000000
10000000
01000000
00100000
00010000
00001000
00000100
00000010
,
00000100
00001000
00000010
00000100
00000001
00000010
00001000
00010000
,
00011000
00000000
00011000
00000000
00110000
00110000
00000000
11000000
,
00000000
01100000
00000000
01100000
00110000
00000000
00011000
00000000
,
00001100
00000000
00001100
00000000
00001100
00000110
00000000
00000110
,
00000000
00000011
00000000
00000001
00000100
00001000
00010000
00001000
,
00011000
00000000
00101000
00000000
00110000
10010000
00000000
01010000
,
00000000
01001000
00000000
00011000
00010100
00000000
00001100
00000000
,
00000110
00000000
00000110
00000000
00000011
00001001
00000000
00000101
,
00000000
00000101
00000000
00000001
00000010
00001000
00010000
00001000
,
00011000
00000000
00000000
00001000
00100000
00000000
00000000
00010000
10000000
00000000
00100000
00000000
00000000
00000000
01100000
00000000
,
00000000
10100000
00000000
10100000
11000000
00000000
01100000
00000000
,
00101000
00000000
00000000
00001000
00010000
00000000
00000000
00000100
00001000
00000000
00000001
00000000
00000000
00000000
00000110
00000000
,
00000000
00000101
00000000
00000010
00001000
00000100
00000010
00001000
,
00011000
00000000
00000000
00001000
00010000
00000000
00000000
00100000
10000000
00000000
01000000
00000000
00100000
00000000
00110000
00000000
,
00000000
00011000
00000000
00001100
00000110
00000000
00000011
00000000
,
00000101
00000000
00000000
00000010
00001000
00000000
00000000
00000100
00010000
00000000
00001000
00000000
00010000
00000000
00110000
00000000
,
00000000
01100000
00000000
11000000
01000000
00100000
00010000
01000000
,
00100000
00000000
10000000
00000000
01000000
00000000
00010000
00000000
00001000
00000000
00000100
00000000
00000010
00000000
00000100
00000001
,
00000010
00001000
00010000
00001000
00000100
00000001
00000010
00001000
,
00010000
00100000
10000000
01000000
10000000
00010000
01000000
00100000
,
00010000
00000000
00001000
00000010
00000000
00000001
00000100
00000000
00001000
00000000
00010000
00000000
01000000
00100000
01000000
00100000
,
00010000
00000000
10000000
00000000
00100000
00000000
00010000
00000000
00100000
00000000
10000000
00000000
01000000
00000000
00100000
00010000
,
01000000
00100000
00010000
00001000
00000010
00000001
00000100
00001000
,
00010000
00001000
00100000
00010000
01000000
00100000
10000000
01000000
,
00100000
00000000
00010000
01000000
00000000
00001000
00010000
00000000
00000100
00000000
00000010
00000100
00000000
00001000
00000010
00000000
,
00000100
00000000
00001000
00000000
00000100
00000000
00000001
00000000
00000100
00000000
00000010
00000000
00001000
00000000
00000100
00001000
,
00000010
00000100
00001000
00010000
01000000
10000000
00100000
00010000
,
00001000
00010000
01000000
00100000
00010000
01000000
00100000
10000000
,
00010000
00000000
01000000
00010000
00000000
00100000
00001000
00000000
00010000
00000000
00000100
00000000
00001000
00000010
00001000
00000010
,
00000100
00000000
00000001
00000000
00000010
00000000
00000100
00000000
00010000
00000000
00001000
00000000
01000000
00000000
00100000
10000000
,
01000000
00010000
00001000
00000010
00001000
00010000
00100000
00010000
,
00001000
00000100
00000010
00001000
00000001
00000010
00000001
00000100
,
00001000
00000000
00010000
00001000
00000000
00100000
00010000
00000000
10000000
00000000
00010000
01000000
00000000
00100000
00010000
00000000
,
00001000
00000000
00010000
00001000
00000000
00000000
00010000
00000000
00000000
00000000
00001000
00000000
00000000
00000000
00010000
00000000
,
00202000
00000000
00000000
00303000
00000000
00000000
00000000
00000000
;

//---------------dance-double - ----------------
#NOTES:
     dance-double:
     :
     Easy:
     3:
     0.210,0.239,0.018,0.147,0.000,142.000,2.000,16.000,0.000,0.000:
00000000
00000000
00000000
00000000
,
00000000
00000000
00000000
00000000
,
00000000
00000000
00000000
00000000
,
00000000
00000000
00000000
00000000
,
00010000
00000000
00000000
00000000
,
00001000
00000000
00000000
00000000
,
00100000
00000000
00000000
00000000
,
00010000
00000000
01000000
00000000
,
00100000
00000000
00000000
00000000
,
10000000
00000000
00000000
00000000
,
01000000
00000000
00100000
00000000
,
00001000
00000000
00010000
00000000
,
00000010
00000000
00000000
00000000
,
00000100
00000000
00000000
00000000
,
00000001
00000000
00000000
00000000
,
00001000
00000000
00000100
00000000
,
00000000
00010000
00001000
00010000
,
00000000
00000010
00001000
00000010
,
00000000
00000100
00000010
00000100
,
00000000
00000001
00000010
00000001
,
00000000
00001000
00000100
00001000
,
00000000
00000100
00010000
00000100
,
00000000
01000000
00001000
01000000
,
00000000
00100000
10000000
00100000
,
02000000
00000000
00000000
00000000
,
03002000
00000000
00000000
00000000
,
00023000
00000000
00000000
00000000
,
00030200
00000000
00000000
00000000
,
00002300
00000000
00000000
00000000
,
00003020
00000000
00000000
00000000
,
00000230
00000000
00000000
00000000
,
00000302
00000000
00000000
00000000
,
00001003
00000100
00010000
00000000
,
00001000
00100000
00001000
00000000
,
01000000
00010000
10000000
00000000
,
01000000
00100000
01000000
00000000
,
00010000
00000100
00001000
00000000
,
00000010
00000100
00000010
00000000
,
00001000
00000100
00000010
00000000
,
00000001
00000100
00000001
00000000
,
00000100
00000010
00010000
00000000
,
00001000
00010000
00001000
00000000
,
00100000
00010000
01000000
00000000
,
00100000
10000000
00100000
00000000
,
01000000
00010000
00100000
00000000
,
00001000
00100000
00001000
00000000
,
00010000
00000100
00000010
00000000
,
00000001
00001000
00000001
00000000
,
00001000
00000100
00002000
00000000
,
00003010
00000100
00000001
00000000
,
00001000
00000100
00002000
00000000
,
00003010
00000000
00010000
00000000
,
00001000
01000000
00002000
00000000
,
00103000
00010000
01000000
00000000
,
00100000
10000000
00200000
00000000
,
01300000
00000000
00010000
00000000
,
00100000
00001000
00200000
00000000
,
00301000
00010000
00000100
00000000
,
00000010
00000001
00000020
00000000
,
00000031
00000000
00000100
00000000
,
00000010
00001000
00000020
00000000
,
00010030
00000100
00001000
00000000
,
00000100
00000010
00000200
00000000
,
00010300
00000000
00001000
00000000
,
00011000
00000000
00000000
00000000
,
00011000
00000000
00000000
00000000
;

//---------------dance-double - ----------------
#NOTES:
     dance-double:
     :
     Medium:
     6:
     0.384,0.358,0.009,0.174,0.000,273.000,1.000,19.000,0.000,0.000:
00000000
00000000
00000000
00000000
,
00000000
00000000
00000000
00000000
,
00000000
00000000
00000000
00000000
,
00000000
00000000
00000000
00000000
,
10000000
01000000
10000000
00000000
20000000
00000000
00000000
00000000
,
30010000
00100000
00010000
00000000
00020000
00000000
00000000
00000000
,
01030000
00001000
01000000
00000000
02000000
00000000
00000000
00000000
,
03002000
00000000
00023000
00000000
,
00030100
00000010
00000100
00000000
00000200
00000000
00000000
00000000
,
00000310
00000001
00000010
00000000
00000020
00000000
00000000
00000000
,
00000031
00000100
00000001
00000000
00000002
00000000
00000000
00000000
,
00000103
00000010
00001000
00000000
00000200
00000000
00000000
00000000
,
00010300
00001000
00010000
00000000
00020000
00000000
00000000
00000000
,
00031000
00100000
00001000
00000000
00002000
00000000
00000000
00000000
,
00103000
00010000
00100000
00000000
00200000
00000000
00000000
00000000
,
00302000
00000000
00023000
00000000
,
00030000
00000010
00000100
00000010
00000100
00000010
00000000
00000000
,
00000000
00000100
00000010
00000100
00000010
00000100
00000000
00000000
,
00000000
00000010
00001000
00000010
00001000
00000010
00000000
00000000
,
00000000
00001000
00000010
00001000
00000010
00001000
00000000
00000000
,
00000000
00000100
00010000
00000100
00010000
00000100
00000000
00000000
,
00000000
00010000
00000100
00010000
00000100
00010000
00000000
00000000
,
00000000
00001000
00100000
00001000
00100000
00001000
00000000
00000000
,
00000000
00100000
00001000
00100000
00001000
00100000
00000000
00000000
,
00010000
01000000
00100000
10000000
,
01000000
00000000
00100000
00000000
00001000
00010000
00001000
00000000
,
00010000
00000100
00000010
00000001
,
00000100
00000000
00000010
00000000
00010000
00001000
00010000
00000000
,
00001000
00010000
00000100
00000010
,
00000100
00001000
00000010
00000100
,
00001000
00010000
00100000
01000000
,
00010000
00000000
00100000
00000000
00001000
00010000
00001000
00000000
,
00011000
00000000
00010000
00000000
00001000
01000000
00000000
00100000
,
00000000
10000000
00000000
01000000
00100000
00000000
01000000
00000000
,
10000000
00000000
00010000
00000000
01000000
00100000
00000000
01000000
,
00000000
00001000
00000000
00010000
00001000
00010000
00001000
00010000
,
00001000
00000000
00010000
00000000
00000100
00000010
00000000
00000001
,
00000000
00001000
00000000
00000010
00000100
00000000
00000010
00000000
,
00010000
00000000
00001000
00000000
00100000
01000000
00000000
10000000
,
00000000
00010000
00000000
01000000
00100000
01000000
00100000
01000000
,
00100000
00000000
10000000
00000000
00010000
00100000
00000000
00001000
,
00000000
00010000
00000000
00000100
00000010
00000000
00000001
00000000
,
00000100
00000000
00000010
00000000
00010000
00001000
00000000
00100000
,
00000000
01000000
00000000
10000000
01000000
10000000
01000000
10000000
,
01000000
00000000
00100000
00000000
00001000
00010000
00000000
00000010
,
00000000
00000100
00000000
00000001
00000010
00000000
00000100
00000000
,
00001000
00000000
00000001
00000000
00000100
00000010
00000000
00010000
,
00000000
00001000
00000000
01000000
00100000
01000000
00100000
01000000
,
00100000
10000000
00100000
00000000
01000000
00000000
00010000
00000000
,
00100000
00010000
00100000
00000000
01000000
00000000
10000000
00000000
,
00010000
10000000
00010000
00000000
00100000
00000000
00001000
00000000
,
00010000
00000100
00000020
00000000
,
00000031
00000100
00000001
00000000
00000100
00000000
00000010
00000000
,
00001000
00000100
00001000
00000000
00000100
00000000
00010000
00000000
,
00001000
00010000
00001000
00000000
01000000
00000000
00010000
00000000
,
10000000
00100000
01000000
00010000
,
10000000
01000000
10000000
00000000
00010000
00000000
01000000
00000000
,
00001000
00010000
00001000
00000000
00010000
00000000
00000100
00000000
,
00000010
00000001
00000010
00000000
00000001
00000000
00000100
00000000
,
00000010
00010000
00002000
00000000
,
01003000
00010000
01000000
00000000
00100000
00000000
10000000
00000000
,
00010000
10000000
00010000
00000000
00100000
00000000
00001000
00000000
,
00010000
00000100
00010000
00000000
00001000
00000000
00000010
00000000
,
00000002
00000000
00000203
00000000
,
00000320
00000000
00000000
00000000
,
00010030
00000000
00000000
00000000
;

//---------------dance-double - ----------------
#NOTES:
     dance-double:
     :
     Hard:
     8:
     0.537,0.478,0.028,0.184,0.271,386.000,3.000,20.000,0.000,0.000:
00000000
00000000
00000000
00000000
,
00000000
00000000
00000000
00000000
,
00000000
00000000
00000000
00000000
,
00000000
00000000
00000000
00000000
,
00100000
01000000
00010000
20000000
00000000
30020000
00000000
10030000
,
10000000
00000000
00100000
00000000
00010000
00000000
00100000
00000000
10000000
00000000
00000000
01000000
00000000
00000000
00100000
00000000
,
00001000
00000000
00010000
00000000
00001000
00000000
00000100
00000000
00000010
00000000
00000000
00001000
00000000
00000000
00000100
00000000
,
00010000
00000000
00000000
00001000
00000000
00000000
00010000
00000000
01000000
00000000
00000000
00100000
00000000
00000000
00010000
00000000
,
01000000
00100000
10000000
00020000
00000000
00230000
00000000
01300000
,
10000000
00000000
00010000
00000000
01000000
00000000
00001000
00000000
00100000
00000000
00000000
01000000
00000000
00000000
10000000
00000000
,
00100000
00000000
00010000
00000000
00100000
00000000
01000000
00000000
00001000
00000000
00000000
00010000
00000000
00000000
00000100
00000000
,
00001000
00000000
00000000
00000010
00000000
00000000
00001000
00000000
00000200
00000000
00000000
00000000
00000320
00000000
00000000
00000000
,
00000031
00000100
00001000
00020000
00000000
00032000
00000000
00013000
,
00001000
00000000
01000000
00000000
00100000
00000000
00010000
00000000
00100000
00000000
00000000
01000000
00000000
00000000
00010000
00000000
,
00100000
00000000
00001000
00000000
00010000
00000000
00100000
00000000
10000000
00000000
00000000
10000000
00000000
00000000
01000000
00000000
,
00100000
00000000
00000000
00010000
00000000
00000000
01000000
00000000
00100000
00000000
00000000
00010000
00000000
00000000
00001000
00000000
,
00000000
00000000
00100000
00000000
00010000
00000000
01000000
00000000
00100000
00000000
01000000
00000000
00001000
00000000
00000000
00010000
,
00000000
00000000
00000100
00000000
00000010
00000000
00000001
00000000
00000010
00000000
00000100
00000000
00001000
00000000
00000000
00000010
,
00000000
00000000
00001000
00000000
00000100
00000000
00010000
00000000
00000010
00000000
00000100
00000000
00000001
00000000
00000000
00001000
,
00000000
00000000
00000010
00000000
00010000
00000000
00001000
00000000
00000100
00000000
00000010
00000000
00001000
00000000
00000000
00000100
,
00000000
00000000
00010000
00000000
01000000
00000000
00100000
00000000
00010000
00000000
01000000
00000000
00100000
00000000
00000000
00010000
,
00000000
00000000
00010000
00000000
00100000
00000000
01000000
00000000
00010000
00000000
00100000
00000000
00001000
00000000
00000000
00000100
,
00000000
00000000
00000010
00000000
00001000
00000000
00000100
00000000
00000010
00000000
00001000
00000000
00010000
00000000
00000000
01000000
,
00000000
10000000
01000000
00010000
00001000
00000010
00000001
00001000
,
00000010
00000000
00000010
00000000
00000100
00000001
00000000
00000000
00001000
00000000
00000000
00000100
00000000
00000000
00010000
00001000
,
00000000
00000000
00010000
00000000
00000010
00000100
00000000
00000000
00000010
00000000
00001000
00000000
00000001
00000010
00000000
00000100
,
00000000
00000000
00001000
00000000
00000010
00000100
00000000
00000000
00001000
00000000
00000000
00010000
00000000
00000000
00100000
01000000
,
00000000
00000000
00010000
00000000
00100000
00010000
00000000
00000000
01000000
00000000
00100000
00000000
10000000
01000000
00000000
00100000
,
00000000
00000000
00001000
00000000
00010000
00000100
00000000
00000000
00000001
00000000
00000000
00000100
00000000
00000000
00001000
00000100
,
00000000
00000000
00010000
00000000
00001000
01000000
00000000
00000000
00100000
00000000
10000000
00000000
00010000
01000000
00000000
00100000
,
00000000
00000000
10000000
00000000
00100000
01000000
00000000
00000000
00010000
00000000
00000000
00100000
00000000
00000000
00001000
00010000
,
00000000
00000000
00001000
00000000
00010000
00000100
00000000
00000000
00001000
00000000
00000010
00000000
00000100
00000001
00000000
00000000
,
00001000
00000000
00001000
00000000
00001000
00000010
00000000
00000100
,
00000000
00000001
00000000
00000010
00000100
00000000
00010000
00000000
,
00000100
00000000
00000100
00000000
00010000
00001000
00000000
01000000
,
00000000
00100000
00000000
10000000
00010000
00100000
01000000
00010000
,
00001000
00000000
00001000
00000000
00001000
00000100
00000000
00000010
,
00000000
00001000
00000000
00000100
00010000
00000000
01100000
00000000
,
10000000
00000000
10000000
00000000
10000000
00100000
00000000
01000000
,
00000000
00100000
00000000
10000000
01000000
00100000
00010000
01000000
,
00100000
00000000
00100000
00000000
00100000
01000000
00000000
00010000
,
00000000
00100000
00000000
00001000
00000010
00000000
00000001
00000000
,
00000100
00000000
00000100
00000000
00000100
00000010
00000000
00001000
,
00000000
00000001
00000000
00000010
00000100
00001000
00000010
00000100
,
00001000
00000000
00001000
00000000
00001000
00000100
00000000
00000010
,
00000000
00001000
00000000
00000100
00010000
00000000
00011000
00000000
,
00100000
00000000
00100000
00000000
00100000
01000000
00000000
10000000
,
00000000
00100000
00000000
01000000
00010000
00100000
00001000
00010000
,
00000100
00001000
00000010
00000200
00000000
00000302
00000000
00000013
,
00000100
00000000
00010000
00000000
00001000
00000000
00000100
00000000
00000010
00000000
00000000
00001000
00000000
00000000
00000001
00000000
,
00000100
00000000
00000001
00000000
00001000
00000000
00000010
00000000
00010000
00001000
00000000
00010000
00000000
00000000
00001000
00000000
,
00010000
00000000
00000000
00001000
00000000
00000000
00100000
00000000
00020000
00000000
00000000
00000000
02030000
00000000
00000000
00000000
,
03100000
10000000
00010000
00200000
00000000
02300000
00000000
03100000
,
00010000
00000000
00001000
00000000
00000100
00000000
00000010
00000000
00000001
00000000
00000000
00001000
00000000
00000000
00000010
00000000
,
00000100
00000000
00000010
00000000
00001000
00000000
00000001
00000000
00000100
00000010
00000000
00001000
00000000
00000000
00000100
00000000
,
00010000
00000000
00000000
00010000
00000000
00000000
00010000
00000000
00001000
00000000
00000000
00001000
00000000
00000000
00001000
00000000
,
00100000
00010000
01000000
00200000
00000000
00320000
00000000
00031000
,
01000000
00000000
00010000
00000000
00100000
00000000
00001000
00000000
00000010
00000000
00000000
00000100
00000000
00000000
00001000
00000000
,
00000001
00000000
00001000
00000000
00000100
00000000
00010000
00000000
00000100
00001000
00000000
00000010
00000000
00000000
00000100
00000000
,
00001000
00000000
00000000
00010000
00000000
00000000
00100000
00000000
02000000
00000000
00000000
00000000
03020000
00000000
00000000
00000000
,
00130000
00001000
00010000
00000200
00000000
00000320
00000000
00000031
,
00000100
00000000
00001000
00000000
00010000
00000000
00100000
00000000
10000000
00000000
00000000
01000000
00000000
00000000
10000000
00000000
,
00010000
00000000
01000000
00000000
00100000
00000000
10000000
00000000
01000000
00100000
00000000
00001000
00000000
00000000
00010000
00000000
,
00001000
00000000
00000000
00001000
00000000
00000000
00001000
00000000
00000100
00000000
00000000
00000100
00000000
00000000
00000100
00000000
,
00000010
00001000
00000100
00010000
00000000
00001000
00000000
00010000
,
00011000
00000000
00000000
00000000
;
