#TITLE:경고;
#SUBTITLE:;
#ARTIST:타샤니;
#TITLETRANSLIT:GYOUNG GO;
#SUBTITLETRANSLIT:;
#ARTISTTRANSLIT:TASHANNIE;
#CREDIT:;
#BANNER:GYOUNG GO.png;
#BACKGROUND:GYOUNG GO-bg.png;
#LYRICSPATH:;
#CDTITLE:./CDTITLES/KOREAN DANCE MUSIC.PNG;
#MUSIC:GYOUNG GO.mp3;
#OFFSET:-1.472;
#SAMPLESTART:87.890;
#SAMPLELENGTH:12.000;
#SELECTABLE:YES;
#DISPLAYBPM:110.000;
#BPMS:0.000=110.010;
#STOPS:;
#BGCHANGES:;
// cache tags:
#FIRSTBEAT:8.000;
#LASTBEAT:192.000;
#SONGFILENAME:Songs/DDI/GYOUNG GO/GYOUNG GO.sm;
#HASMUSIC:1;
#HASBANNER:1;
#MUSICLENGTH:106.579;
// end cache tags

//---------------dance-single - ----------------
#NOTES:
     dance-single:
     :
     Easy:
     3:
     0.284,0.293,0.300,0.000,0.000,180.000,32.000,0.000,0.000,0.000:  // measure 1
0000
0000
0000
0000
,  // measure 2
0000
0000
0000
0000
,  // measure 3
0010
1000
0100
0001
,  // measure 4
0010
1000
0100
0001
,  // measure 5
1000
0000
0001
0100
,  // measure 6
1000
0000
0001
0100
,  // measure 7
0001
0001
1000
1000
,  // measure 8
0001
1000
0010
0100
,  // measure 9
1001
0100
0001
0100
,  // measure 10
1001
0100
1000
0100
,  // measure 11
1000
1000
1000
1100
,  // measure 12
0001
0001
0001
0101
,  // measure 13
1000
1100
0001
0101
,  // measure 14
1000
0110
0001
0110
,  // measure 15
1000
1000
0001
1000
,  // measure 16
0001
1000
0100
0100
,  // measure 17
1000
0100
0010
0001
,  // measure 18
0001
0100
0010
1000
,  // measure 19
1000
0100
0010
0001
,  // measure 20
0001
0100
0010
1000
,  // measure 21
1000
0110
0001
0110
,  // measure 22
0010
1001
0100
0100
,  // measure 23
0001
0011
1000
1010
,  // measure 24
1000
0000
0000
0000
,  // measure 25
1000
0001
1100
1100
,  // measure 26
0010
0100
0101
0101
,  // measure 27
1000
0001
1000
0001
,  // measure 28
0100
0010
0100
0010
,  // measure 29
0100
0001
1000
1001
,  // measure 30
0100
1000
0001
1001
,  // measure 31
1000
0110
0001
0110
,  // measure 32
1000
0001
1000
0101
,  // measure 33
0001
1000
0001
0100
,  // measure 34
1000
0001
1000
0100
,  // measure 35
0001
0001
1000
1000
,  // measure 36
0001
0110
1000
0110
,  // measure 37
0100
0001
0010
1000
,  // measure 38
0100
0001
0010
1000
,  // measure 39
0010
0100
0010
0100
,  // measure 40
1000
1000
0001
1001
,  // measure 41
1000
0110
0001
0110
,  // measure 42
1000
0100
0001
0100
,  // measure 43
1000
0010
0100
0001
,  // measure 44
0001
1001
0100
1001
,  // measure 45
0010
0100
0100
1001
,  // measure 46
0010
1000
0100
1001
,  // measure 47
1000
0100
0001
0100
,  // measure 48
0010
1000
0100
1001
,  // measure 49
0100
0000
0000
0000
;

//---------------dance-single - ----------------
#NOTES:
     dance-single:
     :
     Medium:
     6:
     0.383,0.383,0.525,0.000,0.009,230.000,56.000,0.000,0.000,0.000:  // measure 1
0000
0000
0000
0000
,  // measure 2
0000
0000
0000
0000
,  // measure 3
1001
0100
1001
0100
,  // measure 4
1001
1000
1001
0001
,  // measure 5
0110
0000
1001
1001
,  // measure 6
0110
0000
1001
1001
,  // measure 7
0110
1001
0000
1001
,  // measure 8
0110
0000
0110
1001
,  // measure 9
0001
0000
1000
0000
0001
1000
0001
0000
,  // measure 10
1000
0000
0001
0000
1000
0001
1000
0000
,  // measure 11
0100
1001
0100
1001
,  // measure 12
0010
0100
0001
0000
1000
0010
0100
0000
,  // measure 13
0010
0000
0100
0000
0010
0100
0010
0000
,  // measure 14
0100
0000
0010
0000
0100
0010
0100
0000
,  // measure 15
1001
0100
1001
0100
,  // measure 16
1000
0001
0100
0000
0010
1000
0001
0000
,  // measure 17
0010
0000
0100
0000
1001
0110
1001
0000
,  // measure 18
1000
0000
0001
0000
0110
1001
0110
0000
,  // measure 19
0100
0100
0010
0010
,  // measure 20
1000
0001
1000
0000
1001
1001
1001
0000
,  // measure 21
0010
0010
0010
0000
0100
0100
0100
0000
,  // measure 22
0001
0001
0001
0000
1000
1000
1000
0000
,  // measure 23
0110
0110
1001
1001
,  // measure 24
0100
0000
0000
0000
0000
0000
0000
0000
0000
0100
0000
0100
0100
0000
0000
0000
,  // measure 25
0001
0000
1000
0000
0010
0100
0001
0000
,  // measure 26
0100
0000
0010
0000
0100
0001
1000
0000
,  // measure 27
0100
1100
1000
0000
0010
0011
0001
0000
,  // measure 28
0010
1000
0001
0000
1000
0001
0100
0000
,  // measure 29
0010
0000
0100
0000
0001
0100
1000
0000
,  // measure 30
0010
0000
1000
0000
0001
0100
1000
0000
,  // measure 31
1010
0100
0101
0010
,  // measure 32
1000
0001
1000
0000
0001
1000
0001
0000
,  // measure 33
0110
1001
1001
0110
,  // measure 34
1001
1001
0110
1001
,  // measure 35
0100
0001
1000
0000
0010
0100
0001
0000
,  // measure 36
1000
0001
1000
0001
1000
0001
1000
0001
,  // measure 37
1000
1000
1010
0000
0001
0001
0101
0000
,  // measure 38
0010
0010
1010
0000
0100
0100
0101
0000
,  // measure 39
1000
0010
0110
0000
0001
0100
0110
0000
,  // measure 40
1000
0001
1000
0001
1000
0001
1001
0000
,  // measure 41
0001
0000
1000
0000
0001
1000
0001
0000
,  // measure 42
1000
0000
0001
0000
1000
0001
1000
0000
,  // measure 43
0100
1001
0100
1001
,  // measure 44
0010
0100
0001
0000
1000
0010
0100
0000
,  // measure 45
0010
0000
0100
0000
0010
0100
0010
0000
,  // measure 46
0100
0000
0010
0000
0100
0010
0100
0000
,  // measure 47
1001
0100
1001
0100
,  // measure 48
1000
0001
0100
0000
0010
1000
0001
0000
,  // measure 49
1000
0000
0000
0000
;

//---------------dance-single - ----------------
#NOTES:
     dance-single:
     :
     Hard:
     7:
     0.420,0.450,0.657,0.000,0.131,243.000,70.000,0.000,0.000,0.000:  // measure 1
0000
0000
0000
0000
,  // measure 2
0000
0000
0000
0000
,  // measure 3
1010
1100
0011
0101
,  // measure 4
1000
0110
0100
1001
,  // measure 5
0000
1000
0000
0001
1000
0100
0010
0001
,  // measure 6
0000
1000
0000
1000
0010
0100
0010
1000
,  // measure 7
0000
0001
0100
0010
1000
0001
0100
1010
,  // measure 8
0000
0100
0000
0100
0100
0000
1001
0000
,  // measure 9
0001
0000
0100
0010
0000
1000
0000
1000
0000
0000
0000
0000
0001
0000
0000
0000
,  // measure 10
0100
0000
0001
1000
0000
0010
0000
0100
0000
0000
0000
0000
0001
0000
0000
0000
,  // measure 11
0100
1001
0010
1001
,  // measure 12
1010
1100
1010
1100
,  // measure 13
0001
0000
0001
1000
0000
0100
0000
0100
0000
0000
0000
0000
0010
0000
0000
0000
,  // measure 14
1000
0000
1000
0001
0000
0010
0000
0010
0000
0000
0000
0000
1001
0000
0000
0000
,  // measure 15
0110
0110
1000
0001
,  // measure 16
1010
0011
1010
0011
,  // measure 17
0000
1001
0000
1000
0000
0110
0000
0001
,  // measure 18
0000
0101
0000
1010
0000
0001
1000
0001
,  // measure 19
0000
1000
0000
1100
0000
1000
0000
1010
,  // measure 20
0000
0010
0000
1010
0000
0010
0000
0011
,  // measure 21
0000
1100
0000
1100
0000
0011
0000
0011
,  // measure 22
0000
0100
0100
0100
0000
0010
0010
0010
,  // measure 23
0000
0001
0001
0001
0000
1001
1001
1001
,  // measure 24
0100
0000
0000
0000
0100
0000
1000
0000
0000
0010
0000
0010
0010
0000
0000
0000
,  // measure 25
0000
0001
1000
0001
1000
0000
1001
0000
,  // measure 26
1000
0010
1000
0000
0010
0100
0100
0000
,  // measure 27
0000
0100
0000
1100
0000
0010
0000
0011
,  // measure 28
0000
1010
1000
0000
0000
1010
1100
0000
,  // measure 29
0000
0000
0001
1000
0000
0000
0100
0000
0010
0000
0000
0000
1000
0000
0000
0000
,  // measure 30
0000
0000
1000
0001
0000
0000
0010
0000
0010
0000
0000
0000
1001
0000
0000
0000
,  // measure 31
0000
0110
0000
1000
1001
0001
0001
0000
,  // measure 32
0000
0010
0010
0011
0010
0010
0011
0000
,  // measure 33
0100
0000
0100
0000
0100
0001
1000
0000
,  // measure 34
0010
0000
0010
0000
0010
1000
0001
0000
,  // measure 35
0100
0100
0010
0010
1000
1000
0001
0001
,  // measure 36
0100
0100
0100
0001
1000
0010
0100
0001
,  // measure 37
1000
0010
0100
0000
0001
0100
0010
0000
,  // measure 38
1001
0100
1001
0100
,  // measure 39
0010
1000
0001
0100
0001
1000
0001
1000
,  // measure 40
1001
1001
1001
1001
1001
0000
0100
0000
,  // measure 41
0001
0000
0100
0010
0000
1000
0000
1000
0000
0000
0000
0000
0001
0000
0000
0000
,  // measure 42
0100
0000
0001
1000
0000
0010
0000
0100
0000
0000
0000
0000
0001
0000
0000
0000
,  // measure 43
0100
1001
0010
1001
,  // measure 44
1010
1100
1010
1100
,  // measure 45
0001
0000
0001
1000
0000
0100
0000
0100
0000
0000
0000
0000
0010
0000
0000
0000
,  // measure 46
1000
0000
1000
0001
0000
0010
0000
0010
0000
0000
0000
0000
1001
0000
0000
0000
,  // measure 47
0110
0110
1000
0001
,  // measure 48
1010
0000
0011
0000
1001
1001
1001
1001
,  // measure 49
1001
0000
0000
0000
;

//---------------dance-double - ----------------
#NOTES:
     dance-double:
     :
     Hard:
     7:
     0.383,0.473,0.497,0.000,0.000,233.000,53.000,0.000,0.000,0.000:  // measure 1
00000000
00000000
00000000
00000000
,  // measure 2
00000000
00000000
00000000
00000000
,  // measure 3
10000000
10000000
00010000
00000000
01000000
01000000
00001000
00000000
,  // measure 4
00100000
00100000
00001000
00000000
00010000
00010000
00000010
00000000
,  // measure 5
00001000
00000100
00000010
00000001
00000000
00001000
00000000
00001001
,  // measure 6
00000100
00000100
00000100
00000000
00000000
01000000
00100000
10000000
,  // measure 7
00010000
10000000
00010000
01000000
00010000
00100000
00001000
00010000
,  // measure 8
00000000
00001000
00000000
00000100
00001000
00000010
00000000
00000100
,  // measure 9
00000001
00000000
00000000
00000000
00010000
01000000
01000000
01000000
,  // measure 10
00010000
00000000
00000000
00000000
10000000
00100000
00100000
00100000
,  // measure 11
00000000
00010000
10010000
00000000
00000000
00001000
00101000
00000000
,  // measure 12
00010000
00000010
00001000
00000001
00000100
00000010
00001000
00000001
,  // measure 13
00001000
00000000
00000000
00000100
00010000
00001000
00001000
00001000
,  // measure 14
00100000
00000000
00000000
00010000
10000000
01000000
01000000
01000000
,  // measure 15
00100000
00000000
00100000
00001000
00010000
00000000
00000010
00001000
,  // measure 16
00000001
00000100
00000010
00000000
00001000
00001000
00001000
00000000
,  // measure 17
00000000
00001001
00000000
00000110
00000000
00001001
00000000
00001001
,  // measure 18
00000000
00001010
00000000
00101000
00000000
01010000
00000000
10100000
,  // measure 19
00000000
01010000
01010000
01010000
00000000
10100000
10100000
10100000
,  // measure 20
00000000
00110000
00000000
10100000
00000000
00110000
00000000
10100000
,  // measure 21
10000000
00000000
10000000
00010000
01000000
00000000
01000000
00001000
,  // measure 22
00010000
00000000
00010000
00000010
00001000
00000001
00000100
00000010
,  // measure 23
00001000
00000000
00000001
00000000
00000010
00001000
00000001
00000100
,  // measure 24
00000110
00000000
00001000
00000100
00010000
00001000
00100000
00000000
,  // measure 25
10000000
00000000
00000001
00000000
,  // measure 26
00100000
00000000
00000100
00000000
,  // measure 27
10100000
11000000
10100000
11000000
,  // measure 28
00110000
01010000
00110000
01010000
,  // measure 29
01000000
00000000
01000000
01000000
00000000
00010000
10000000
00010000
,  // measure 30
10000000
00000000
00001000
00000000
,  // measure 31
00000010
00000100
00000110
00000101
,  // measure 32
00001010
00010100
00101000
01010000
,  // measure 33
10000000
00001000
00000001
00010000
,  // measure 34
10000000
00001000
00000001
00010000
,  // measure 35
00000010
01000000
00100000
00000100
,  // measure 36
01000000
00000010
00100000
00000100
,  // measure 37
11000000
01100000
00110000
00011000
,  // measure 38
00001100
00000110
00000011
00000101
,  // measure 39
00001001
00010010
00010100
00101000
,  // measure 40
10000000
00010000
01000000
00100000
10000000
00000000
00010000
00000000
,  // measure 41
00000100
00000000
00000000
00010000
00001000
01000000
01000000
01000000
,  // measure 42
00010000
00000000
00000000
10000000
00010000
00100000
00100000
00100000
,  // measure 43
10000000
10010000
01000000
00101000
,  // measure 44
00010000
00000010
00001000
00000000
00000100
00000001
00001000
00000000
,  // measure 45
00001000
00000000
00000000
00000100
00010000
00001000
00001000
00001000
,  // measure 46
00100000
00000000
00000000
00010000
10000000
01000000
01000000
01000000
,  // measure 47
00100000
00101000
00010000
00001010
,  // measure 48
00001000
00000001
00000100
00000010
00001000
00000000
00000001
00000000
,  // measure 49
00001001
00000000
00000000
00000000
;
