#TITLE:The Detonator;
#SUBTITLE:;
#ARTIST:teranoid vs L.E.D.-G;
#TITLETRANSLIT:;
#SUBTITLETRANSLIT:;
#ARTISTTRANSLIT:;
#CREDIT:;
#BANNER:The Detonator-bn.png;
#BACKGROUND:The Detonator-bg.png;
#LYRICSPATH:;
#CDTITLE:kimonos2.png;
#MUSIC:The Detonator.mp3;
#OFFSET:-0.589;
#SAMPLESTART:59.460;
#SAMPLELENGTH:11.840;
#SELECTABLE:YES;
#BPMS:0.000=173.000;
#STOPS:68.000=1.050
,165.500=1.040
,224.000=0.100
,224.250=0.100
,224.500=0.150
,237.000=0.040
,237.125=0.043
,237.250=0.043
,237.375=0.043
,237.500=0.043
,237.625=0.043
,237.750=0.043
,237.875=0.043
,238.000=0.043
,238.125=0.043
,238.250=0.043
,238.375=0.043
,238.500=0.043
,238.625=0.043
,238.750=0.043
,238.875=0.043
;
#BGCHANGES:;
// cache tags:
#FIRSTBEAT:8.000;
#LASTBEAT:399.000;
#SONGFILENAME:Songs/Encore/The Detonator/The Detonator.sm;
#HASMUSIC:1;
#HASBANNER:1;
#MUSICLENGTH:145.188;
// end cache tags

//---------------dance-single - ----------------
#NOTES:
     dance-single:
     :
     Hard:
     10:
     0.828,0.996,0.950,0.110,0.365,688.000,138.000,16.000,0.000,0.000:
0000
0000
0000
0000
,
0000
0000
0000
0000
,
1001
0010
0100
1000
,
0001
1000
0010
0100
,
1000
0001
0010
1000
,
0001
0000
1000
0000
0001
1000
0100
0010
,
1001
0101
1100
0110
,
0011
0010
0100
1000
1001
0000
0101
0000
,
0110
1010
1001
1100
,
0011
0110
1100
1001
,
0101
0001
0010
1000
0000
0000
0010
1000
,
1100
0000
0100
0000
1000
0000
0000
0000
0101
0000
0000
0000
1100
0000
0001
1000
,
0001
0010
0100
1000
0001
1000
0001
0010
,
0100
1000
0001
1000
0001
0010
0100
1000
,
0101
0000
0001
0000
1001
0000
0001
0000
0011
0000
0001
0000
1001
0000
0001
1000
,
0100
1000
1100
1000
1001
1000
1010
1000
,
0001
1000
0001
1000
0010
0100
0010
0100
0001
0000
0000
0000
1001
0000
0200
0000
,
0020
0330
0000
0000
1010
0000
0000
0000
1001
0000
0000
0000
1001
0000
1000
0000
,
0100
0001
1000
0000
1010
0000
0011
0001
,
1000
0010
0001
0000
0011
0000
0011
0010
,
0100
0000
0010
0000
1000
0000
0000
0000
1010
0000
0000
0000
0001
1000
0001
0010
,
0100
1000
0001
1000
0001
0000
0000
0000
1001
0000
0000
0000
0101
0000
0001
0000
,
0100
1000
0001
0000
1001
0000
0011
0001
,
0010
0000
1000
0100
0001
0000
0000
0000
0101
0000
0000
0000
1100
0000
0100
0000
,
0010
0000
0000
0001
0000
0000
1000
0000
0000
0100
0000
0000
1000
0000
0000
0100
0000
0000
1001
0000
0000
0000
1000
0000
,
0001
0000
0100
0000
0010
0000
1001
0000
0000
0000
0000
0000
0101
0000
0000
0000
0000
0000
0011
0000
0000
0001
0000
0000
,
0100
1000
0100
0000
1100
0000
0110
0010
,
1010
1000
0001
0000
1100
0000
0110
0100
,
1100
0000
1000
0000
0001
0000
0000
0000
1001
0000
0000
0000
0001
0100
0010
1000
,
0001
1000
0001
0010
0100
0000
0000
0000
1100
0000
0000
0000
1001
0000
0001
0000
,
1000
0010
0100
0000
0110
0000
0110
0010
,
1000
0001
1000
0000
1001
0000
0011
0010
,
0001
0000
0000
1000
0000
0000
2100
0000
0000
0000
3002
0000
0000
0000
0023
0000
0000
0000
0230
0000
0000
0000
0300
0000
,
0000
0000
0000
0000
1000
0000
0010
0000
0100
0001
0100
0000
0010
0000
1000
0000
,
0100
1000
0100
0000
0010
0000
0001
0000
0100
0001
0100
0000
1001
0000
0110
0000
,
1001
0000
0000
0000
1000
0000
0100
0000
0010
0001
0010
0000
0100
0000
1000
0000
,
0010
0000
1000
0000
0010
0000
0000
0000
1000
0001
1000
0000
0100
0000
0010
0000
0001
0000
0000
0000
1000
0000
0000
0000
0010
0000
0100
0000
0001
0000
0000
0000
,
0010
0100
1000
0000
0001
0000
1000
0000
0100
0001
0100
0000
1000
0000
0001
0000
,
0100
1000
0100
0000
0001
0000
1000
0000
0100
0001
0100
0000
0110
0000
1001
0000
,
0110
0000
0000
0000
1000
0000
0001
0000
0010
1000
0010
0000
0001
0000
1000
0000
,
0010
0001
0010
0000
1000
0000
0001
0000
0010
1000
0010
0000
0001
1000
0100
0010
,
0001
0000
0000
0000
0000
0000
0000
0000
0000
0000
0000
0000
0000
0000
0000
0000
1000
0000
0000
0000
0000
0000
0000
0000
0000
0000
0000
0000
0000
0000
0000
0000
0100
0000
0000
0000
0000
0000
0000
0000
0000
0000
0000
0000
0000
0000
0000
0000
0010
0000
0000
0000
0000
0000
0002
0000
0000
0000
0000
0000
0020
0000
0000
0000
0000
0000
0000
0000
0000
0000
0000
0000
0033
0000
0000
0000
0000
0000
0000
0000
0000
0000
0000
0000
0000
0000
0000
0000
0000
0000
0000
0000
0000
0000
0000
0000
1001
0000
0000
0000
0000
0000
0000
0000
0000
0000
0000
0000
0000
0000
0000
0000
0000
0000
0000
0000
0000
0000
0000
0000
0010
0000
0000
0000
0000
0000
0000
0000
0000
0000
0000
0000
0000
0000
0000
0000
0000
0000
0000
0000
0000
0000
0000
0000
0100
0000
0000
0000
0000
0000
0000
0000
0000
0000
0000
0000
0001
0000
0000
0000
0000
0000
0000
0000
0000
0000
0000
0000
1000
0000
0000
0000
0000
0000
0000
0000
0000
0000
0000
0000
0000
0000
0000
0000
0000
0000
0000
0000
0000
0000
0000
0000
,
0001
0000
0010
0100
1000
0100
0010
0000
0001
0000
1000
0000
0010
0100
0010
0000
,
1000
0000
0001
0000
0010
0100
0010
0000
1001
0000
1000
0100
1000
0000
0000
0000
,
0010
0000
0100
0000
0001
0000
1000
0000
0100
0000
0010
0000
0100
1000
0100
0000
,
0010
0000
0001
0000
1000
0100
1000
0000
0100
0000
0010
0000
0001
0100
0001
0000
,
1000
0000
0010
0100
0001
0100
0010
0000
1000
0000
0001
0000
1000
0001
1000
0000
,
0100
0000
0010
0000
0100
0010
0100
0000
1000
0010
0100
0000
0001
0100
0010
0000
,
1000
0010
0100
0000
0001
0100
0010
0000
1001
0000
1100
0000
0001
0000
0000
0000
,
1000
0000
0010
0000
0100
0000
0010
0100
0001
0000
0000
0000
1001
0000
0000
0000
,
0011
0001
1000
0100
0001
0000
1001
0101
,
1000
0000
0000
0000
0000
0000
0000
0000
0001
0000
0000
0000
1000
0010
1000
0000
0010
0000
0000
0000
0000
0000
0000
0000
0110
0000
0000
0000
0000
0000
0000
0000
,
1001
0001
0100
0110
0000
0000
1001
0000
0000
1100
0000
0000
,
0101
0000
0000
0000
0001
0000
0000
0000
1000
0000
0000
0000
1100
0000
0000
0000
0000
0000
0000
0000
0000
0000
0000
0000
0001
0000
0000
1000
0000
0000
0001
0000
0000
0000
0000
0000
0000
0000
0000
0000
0000
0000
0010
0000
0000
0100
0000
0000
,
0010
0000
0000
0000
0100
1000
0100
0000
1001
0000
0000
0000
0101
0000
0100
0000
,
0110
0000
0000
0000
1000
0010
0100
0001
1000
0000
0001
0000
1000
0000
0100
0000
,
0020
0230
2300
3000
0001
0000
0000
0000
0001
0000
0000
0000
0010
0000
0000
0000
,
0010
0100
0100
1000
,
1000
0001
0001
0010
,
0010
0000
0000
0000
0000
0000
0000
0000
0100
1000
0100
1000
0001
1000
0001
1000
0100
0010
0100
0010
0001
0010
0001
0010
0001
0000
0000
0000
0000
0000
0000
0000
,
0001
1000
1000
0010
,
0010
0100
0100
0001
,
0001
1000
1000
0010
,
0010
0000
0000
0000
0100
0001
1000
0001
0020
0000
0030
0000
1100
0000
0000
0000
,
0000
0000
0000
0000
0000
0000
0000
0001
,
0001
0000
0010
0010
0000
0001
0001
0100
,
0100
0000
0010
0010
0000
1000
1000
0100
,
0100
0000
0100
0100
0000
0100
0100
0100
,
0010
0000
0010
0010
0000
0001
0001
1000
,
1000
0000
0001
0001
0000
0100
0100
1000
,
1000
0000
0001
0001
0000
0010
0010
1000
,
1000
0000
0000
0000
0000
0000
0001
0000
0000
0001
0000
0000
0010
0000
0000
0010
0000
0000
1001
0000
0000
0000
0001
0000
,
0100
0000
0100
0010
0000
0000
1001
1000
0001
0010
0000
0010
,
0100
0000
0000
0000
0100
0000
1000
0000
0000
0000
0000
0000
0011
0000
0000
0100
0000
0000
1010
0000
0000
0001
0000
0000
,
0001
0000
1000
0000
1100
0001
1001
0010
,
0010
0100
0100
1000
1000
0001
0001
1000
,
1000
1000
0010
0010
0010
0100
0100
0001
,
0001
0000
0001
0000
0010
0000
0010
0000
0010
0000
0100
0000
0100
1000
0100
0010
,
0001
1000
0001
0010
0100
0000
1000
0000
1001
0000
0010
0000
0022
0000
0030
0000
,
0000
0010
0000
0010
0000
0013
0000
0011
,
0100
1100
0010
1001
0100
1010
1000
0101
,
0001
1001
0100
1010
0001
0110
1000
0101
,
0001
1100
1000
0110
0010
0011
1000
1001
,
0100
1010
0001
0101
0100
0110
1001
0001
,
0011
0000
1000
0100
0000
0110
0000
0110
,
0001
0000
1001
0101
0000
0110
0000
1010
,
1000
0001
1001
1000
0100
0110
0000
0011
,
0010
0100
1000
0100
0001
1000
0011
1000
,
0100
0110
0000
0110
0000
0000
0011
0001
,
0100
0110
0000
0110
0000
0110
1010
1000
,
0100
0110
0000
0110
0000
0000
0011
0001
,
0100
1000
0100
0001
1000
0100
0110
0100
,
1100
0000
1000
0000
1001
0000
1000
0000
1010
0000
1000
0000
1000
0001
1000
0001
,
0100
0010
1000
0010
0100
0001
0100
0001
1000
0001
0100
0010
1000
0000
0001
0000
,
0011
0000
0000
0000
1000
0000
0000
0000
0010
0100
0010
0000
0100
0000
0000
0000
0001
0000
0000
0000
1000
0000
0000
0000
1001
0000
0000
0000
0100
0000
0000
0000
,
0010
1000
0100
0010
0001
1000
2002
0000
,
0000
0000
0000
0000
,
0000
0000
0000
0000
,
0000
0000
0000
0000
,
0000
0000
0000
3003
;

//---------------dance-single - ----------------
#NOTES:
     dance-single:
     :
     Medium:
     8:
     0.541,0.584,0.448,0.083,0.014,473.000,65.000,12.000,0.000,0.000:
0000
0000
0000
0000
,
0000
0000
0000
0000
,
1000
0010
0100
0001
,
1000
0001
0010
0100
,
1000
0100
0001
0100
,
1000
0000
0001
0000
0010
0001
0100
0010
,
1000
0000
0001
0001
0001
0000
0010
0000
,
0100
1000
0100
1000
0001
0000
1000
0000
,
0001
0000
1000
0000
0001
1000
0100
0000
,
1100
0001
0101
1000
,
1100
0100
0010
0001
0000
0000
1000
0001
,
1000
0010
0001
0000
0010
0000
1000
0000
,
0001
0010
0001
0010
0100
1000
0100
0000
,
1000
1000
0001
0001
,
1000
0001
1000
0001
1000
0001
1000
0001
,
0100
0010
0100
0010
0100
0010
0100
0010
,
1000
0000
0100
0000
0010
0000
0001
0000
0010
0000
0100
0000
1000
0001
1000
0000
,
0100
1000
0100
0011
,
1010
0001
0100
0101
,
1100
1000
0001
0000
1000
0000
1001
0001
,
0100
0100
0001
0011
,
0110
1000
0001
1001
,
1010
0010
0100
0110
,
0001
1000
0001
0010
0100
1000
0100
0000
,
0100
0000
0000
0010
0000
0000
0001
0000
0000
0000
0000
0000
1001
0000
0000
0000
0000
0000
0110
0000
0000
0000
0001
0000
,
1000
0001
1000
0001
0000
0000
0010
0000
0000
0001
0000
0000
,
0100
0000
0010
0000
1000
0000
0101
0001
,
1000
0100
1000
0000
0100
0000
0010
0000
,
0001
1000
1001
0000
0001
0000
1100
0000
,
0101
1000
0001
0100
,
0001
0010
0001
0110
,
1001
0001
1000
0000
0100
0000
0010
0000
,
1000
0020
0002
0000
0000
0000
0000
0000
,
0033
0000
1001
0001
0100
0000
1001
1000
,
0100
0000
1001
0001
0100
0001
0010
0100
,
1000
0001
1000
0010
0100
0000
0001
0010
,
0100
0000
1000
0001
1000
0000
0100
0010
,
0100
0000
1001
0001
0010
0000
1001
1000
,
0010
0000
1001
0001
0010
0100
1000
0010
,
0100
0001
0010
0001
0010
0000
0100
1000
,
0100
0000
1000
0010
0100
0001
1000
0001
,
2000
0000
3001
0000
0001
1000
0001
0000
,
0100
0010
1000
0001
0010
0100
0010
0000
,
0010
0001
0100
0001
1000
0000
1001
0000
,
0101
0000
1100
0000
0100
1000
0010
0000
,
0100
0001
0010
0000
0100
1000
0100
1000
,
0001
1000
0001
1000
0001
0100
0010
0000
,
1000
0100
0010
0000
0001
0000
0001
0000
,
0001
0000
0001
0000
0110
0010
0100
0000
,
1100
0000
0001
0000
0101
0100
0010
0000
,
1000
0010
0100
0001
1000
0000
1100
1000
,
0010
0101
1000
0001
,
1100
0011
1001
0100
,
1010
1000
0100
0000
0010
0000
0001
0010
,
0000
0000
0011
0010
0100
1000
0001
0000
,
1000
0100
0010
0001
,
2002
3003
0001
0000
0001
0000
0010
0000
,
0010
0100
0100
1000
,
1000
0001
0001
0010
,
0010
0000
0200
2300
3200
2300
3001
0000
,
0001
1000
1000
0010
,
0010
0100
0100
0001
,
0001
1000
1000
0010
,
0010
0100
0110
1001
,
0000
0000
0000
0000
,
0000
0000
0000
0000
0000
0000
0000
0001
,
0000
0000
1000
0000
0000
0001
0000
0010
,
0000
0000
0001
0000
0000
1000
0000
0001
,
0000
0000
0100
0000
0000
0001
0000
0010
,
0000
0000
1000
0000
0000
0010
0000
0100
,
0000
0000
1000
0000
0000
0010
0000
0100
,
0000
0000
1000
0000
0100
0001
1000
0100
,
0010
0000
0010
0000
0010
0001
0100
0001
,
1000
0000
1000
0000
1000
0100
1000
0001
,
0100
0000
0100
0000
0100
1000
0100
0010
,
1000
0000
1000
0010
0000
1000
0010
0100
,
0010
0000
0010
0000
0100
0001
0010
0001
,
0010
0000
0010
0000
0010
0100
1000
0001
,
1000
0000
1000
0000
1000
0001
2000
0000
,
0000
0001
0000
0001
0000
3001
0000
0101
,
0000
0110
0000
1010
0000
1001
0000
1100
,
0000
0110
0000
0011
0000
1001
0000
0101
,
0000
0110
0000
1100
0000
0110
0000
0101
,
0000
1001
0000
0011
0000
0010
0001
0100
,
0000
0100
0001
0000
0001
0010
0000
0010
,
0100
0000
0100
1000
0000
1000
0001
0100
,
0010
0000
0010
1000
0000
1000
0100
0000
,
0100
0010
0001
0010
0100
1000
0001
0000
,
0001
1000
0000
1100
0000
0000
1001
0000
,
1000
0001
0000
0101
0000
0001
1000
0000
,
1000
0100
0000
1100
0000
0100
0010
0000
,
0010
0000
0001
0000
0001
0000
0100
0010
,
0000
1000
0100
0010
0000
0001
0000
0100
,
0010
1000
0100
0000
0010
0001
0010
0000
,
0100
1001
0110
1000
,
0010
0100
0001
2002
,
0000
0000
0000
0000
,
0000
0000
0000
0000
,
0000
0000
0000
0000
,
0000
0000
0000
3003
;

//---------------dance-single - ----------------
#NOTES:
     dance-single:
     :
     Easy:
     5:
     0.428,0.550,0.220,0.117,0.000,386.000,32.000,17.000,0.000,0.000:
0000
0000
0000
0000
,
0000
0000
0000
0000
,
1000
0100
1000
0001
,
1000
0010
1000
0001
,
0100
1000
0100
0010
,
0100
0001
1000
0001
,
0110
0100
1000
1000
,
0010
0100
0001
0001
,
1000
0100
0010
0010
,
0001
1000
0010
0010
,
0100
0001
0100
0000
0010
0000
1000
0000
,
0100
1000
0100
0000
0010
0000
0100
0000
,
1000
0001
1000
0000
0100
0010
0001
0000
,
1000
0000
0010
0000
0100
0001
0100
0001
,
1000
0010
0100
0000
0010
0000
0100
0000
,
0001
1000
0001
0000
0010
0000
0100
0000
,
1000
0001
1000
0000
0001
1000
0001
0000
,
0110
0001
1000
2001
,
3001
1000
0100
0210
,
0310
0001
1000
1200
,
1300
0000
0010
0000
0100
0000
0001
0100
,
0001
0010
0001
0000
0010
0000
2001
0000
,
3100
1000
0010
1002
,
0103
1000
0100
0001
,
1000
0000
0100
1000
0100
0000
0011
0000
,
0000
1000
0010
0210
,
0310
0001
1000
1002
,
1003
0001
0010
0120
,
0130
0000
1000
0000
0001
0000
1000
0001
,
1000
0001
0100
0000
0010
0000
1020
0000
,
1030
0001
1000
0201
,
0301
0010
0100
2100
,
3100
0010
0001
0000
,
0000
0000
0001
1000
0001
0000
1000
0001
,
1000
0000
0001
1000
0001
0000
0010
0100
,
0010
0100
1000
0001
1000
0000
0001
1000
,
0001
0000
1000
0001
1000
0000
0010
0100
,
0010
0100
0001
1000
0001
0000
1000
0001
,
1000
0000
0001
1000
0001
0000
0010
0100
,
0010
0100
1000
0001
1000
0000
0001
1000
,
0001
1000
0100
0010
,
0001
0000
1001
0000
0100
0010
0100
0000
,
0001
0000
1000
0001
1000
0100
0010
0000
,
0100
0000
0010
0000
0001
1000
0001
0000
,
0100
0000
0001
1000
0001
0100
0010
0000
,
0100
0000
0010
0000
1000
0001
1000
0000
,
0001
0000
0010
0001
0010
0100
1000
0000
,
0001
0100
0010
0010
,
0010
0010
1000
0001
,
0010
0100
1000
0001
,
0010
0010
0100
1000
,
0001
0100
0010
0100
,
0001
1000
0100
0010
,
0100
0000
0001
0000
0100
0000
0000
0100
,
0000
1000
1000
0001
,
1000
0010
0100
0001
,
2000
3000
0001
0000
0000
0000
1000
0000
,
0100
0010
0000
0001
,
0100
0010
0000
1000
,
0100
0020
0032
0013
,
0100
1000
1000
0010
,
0100
0001
0001
1000
,
0001
0010
0010
0100
,
1000
0100
0110
1001
,
0000
0000
0000
0000
,
0000
0000
0000
0000
0000
0000
0000
0001
,
0000
0000
0010
0000
0000
0000
0000
0100
,
0000
0000
1000
0000
0000
0000
0000
0001
,
0000
0000
0010
0000
0000
0000
0000
0100
,
0000
0000
1000
0000
0000
0000
0000
1000
,
0000
0000
0010
0000
0000
0000
0000
0100
,
0000
0001
0000
1001
,
0000
0000
0100
0000
0000
0010
0100
0000
,
0000
0000
0001
0000
0000
0010
0100
0000
,
0000
0000
1000
0000
0000
0010
0000
0100
,
0000
0001
1000
0000
0000
0000
0000
1000
,
0000
0000
0100
0000
0000
0010
0000
0001
,
0000
0000
1000
0000
0000
0100
0000
0010
,
0000
0001
1000
0002
,
0000
0000
0000
0000
0000
0003
0000
1001
,
0000
1001
0000
1100
0000
1100
0000
0101
,
0000
0101
0000
0110
0000
0110
0000
1001
,
0000
1001
0000
1000
0000
0100
0000
0010
,
0000
0100
0000
1000
0000
0001
0000
0010
,
0100
1000
0001
1000
,
0010
0000
0100
0000
0010
0100
0010
0000
,
0100
0000
0001
0000
1000
0000
0000
1000
,
0100
0010
0100
0010
0100
0010
0100
0000
,
0000
0010
0000
0010
0000
0000
1001
0000
,
0000
0100
0000
0100
0000
0000
1001
0000
,
0000
0010
0000
0010
0000
0000
1001
0000
,
0000
0100
0000
0100
0000
0010
1000
0000
,
1000
0001
0001
0010
,
0010
0000
0100
0000
0100
0000
1000
0001
,
1000
0000
0001
1000
0001
0000
0100
0010
,
0100
0000
0010
0100
0010
0000
2002
0000
,
0000
0000
0000
0000
,
0000
0000
0000
0000
,
0000
0000
0000
0000
,
0000
0000
0000
3003
;

//---------------dance-single - ----------------
#NOTES:
     dance-single:
     :
     Beginner:
     3:
     0.223,0.297,0.117,0.000,0.000,210.000,17.000,0.000,0.000,0.000:
0000
0000
0000
0000
,
0000
0000
0000
0000
,
1000
0000
0100
0000
,
0010
0000
0001
0000
,
0010
0000
0100
0000
,
1000
0000
0100
0000
,
0010
0010
0000
0001
,
0001
0001
0000
1000
,
1000
1000
0000
0010
,
0010
0010
0000
0100
,
0100
0100
0000
0001
,
0001
0001
0000
0000
,
1000
0000
0001
0000
,
0010
0000
0100
0000
,
1000
0000
0010
0000
,
0100
0000
0001
0000
,
1000
0000
0001
0000
,
1001
0100
0000
0010
,
0000
0100
0000
0010
,
0000
1000
0000
0100
,
0000
0001
0000
0010
,
0000
0100
0000
1000
,
0000
0010
0000
0100
,
0000
0001
0000
1000
,
0000
0100
0000
0010
,
0000
1000
0000
0001
,
0000
0100
0000
0001
,
0000
0010
0000
0100
,
0000
1000
0000
0010
,
0000
0001
0000
0100
,
0000
1000
0000
0001
,
0000
0010
0000
0100
,
0000
1000
0000
0010
,
0000
1000
1000
0001
,
0001
1000
1000
0001
,
0000
0010
0010
0100
,
0100
0010
0010
0100
,
0000
1000
1000
0001
,
0001
1000
1000
0001
,
0000
0100
0100
0010
,
0010
0100
0100
0010
,
0000
0000
1000
1000
,
1000
1000
0100
0100
,
0100
0100
0100
0100
,
0100
0000
0010
0010
,
0010
0010
0001
0001
,
0001
0001
0001
0001
,
0001
0001
0001
0001
,
0000
0000
0010
0000
,
0100
0000
1000
0000
,
0001
0000
0010
0000
,
0100
0000
1000
0000
,
0001
0000
0100
0000
,
0010
0000
1000
0000
,
0001
0000
0010
0000
,
0100
0000
1000
0000
,
0001
1000
0000
0001
,
0000
0100
0000
0010
,
0000
1000
0000
0001
,
0000
0010
0000
0100
,
0000
1000
0000
0001
,
0000
0100
0000
0010
,
0000
1000
0000
0001
,
0000
0010
0000
1001
,
0000
0000
0000
0000
,
0000
0000
0000
0000
,
0000
0000
0000
0000
,
0000
0000
0000
0000
,
0000
0000
0000
0000
,
0000
0000
0000
0000
,
0000
0000
0000
0000
,
0000
0000
0000
1001
,
0000
0000
0000
0110
,
0000
0000
0000
1001
,
0000
0000
0000
0110
,
0000
0000
0000
1001
,
0000
1001
0000
0110
,
0000
0110
0000
1001
,
0000
1001
0000
1001
,
0000
0000
0000
1000
,
1000
0001
0001
1000
,
1000
0001
0001
1000
,
1000
0001
0001
1000
,
1000
0001
0001
1000
,
0000
0100
0000
0010
,
0000
0100
0000
1000
,
0000
0010
0000
1001
,
0000
0000
0000
1001
,
0000
0100
0100
0010
,
0010
0100
0100
0010
,
0010
0100
0100
0010
,
0010
0100
0100
0010
,
0000
1000
0000
0001
,
0000
0100
0000
0010
,
0000
1000
0000
0110
,
0000
0000
0000
1001
;

//---------------dance-double - ----------------
#NOTES:
     dance-double:
     :
     Hard:
     10:
     0.783,0.859,0.833,0.110,0.306,659.000,121.000,16.000,0.000,0.000:
00000000
00000000
00000000
00000000
,
00000000
00000000
00000000
00000000
,
00010000
01000000
00100000
10000000
,
01000000
00100000
00001000
00010000
,
00000100
00001000
00000010
00000100
,
00000001
00000000
00000010
00000000
00000100
00010000
00001000
00010000
,
00100000
00000000
01100000
00100000
01000000
00000000
01010000
00000000
,
00110000
00100000
01000000
10000000
10010000
00000000
01001000
00000000
,
00001000
00100000
00010000
00100000
01000000
00100000
00001000
00000000
,
00010000
00000000
00000100
00000000
00001100
00000000
00000010
00000001
,
00001001
00000001
00001000
00000100
00000010
00000100
00001000
00000100
,
00010100
00010000
00001000
00010000
01000000
00100000
00010000
00100000
,
00110000
00010000
10000000
01000000
00100000
00010000
00100000
01000000
,
10000000
00010000
10000000
00010000
00100000
01000000
10000000
00010000
,
10000000
00000000
01000000
00000000
00100000
00000000
00010000
00000000
10000000
00000000
00000000
00000000
00100000
00000000
00000000
00000000
00000000
00000000
01000000
00000000
00000000
00010000
00000000
00000000
,
00110000
00000000
00001000
00010000
00000000
00011000
00010000
00000100
,
00001000
00000100
00001000
00000100
00001000
00000001
00001000
00000001
00001000
00000000
00000010
00000000
00000100
00000000
00000010
00000000
,
00001000
00000000
00000101
00000000
00000110
00000000
00001010
00000010
,
00010000
00001000
00100000
00000000
00110000
00000000
10010000
10000000
,
01000000
00010000
01010000
00000000
00110000
00000000
00101000
00001000
,
00010000
00000000
00001000
00000000
00000100
00000000
00000000
00000000
00000101
00000000
00000000
00000000
00000001
00000010
00000001
00000000
,
00000010
00001000
00000010
00000000
00001001
00000000
00000000
00000000
00010100
00000000
00000000
00000000
00011000
00000000
00001000
00000000
,
00010000
00001000
01000000
00000000
01100000
00000000
10100000
10000000
,
01000000
00010000
00001000
00000000
00011000
00000000
00110000
00010000
,
00001000
00000000
00000000
00000100
00000000
00000000
00000010
00000000
00000000
00000000
00000000
00000000
00001010
00000000
00000000
00000000
00000100
00000000
00001001
00000000
00000000
00000000
00000100
00000000
,
00001001
00000000
00000001
00000000
00000100
00000000
00000010
00000000
00000000
00000000
00000000
00000000
00001010
00000000
00000000
00000000
00000000
00000000
00010100
00000000
00000000
00000100
00000000
00000000
,
00010000
00001000
00000010
00000000
00001010
00000000
00000110
00000100
,
00010000
00001000
00010000
00000000
00011000
00000000
01010000
00010000
,
00100000
00000000
00001000
00000000
01000000
00000000
00000000
00000000
10100000
00000000
00000000
00000000
00010000
10000000
00010000
00000000
,
00100000
00001000
00010000
00000100
00001000
00000000
00000000
00000000
00001010
00000000
00000000
00000000
00001100
00000000
00001000
00000000
,
00000100
00010000
00000100
00000000
00101000
00000000
00011000
00001000
,
00100000
01000000
10000000
00000000
10010000
00000000
10100000
00100000
,
00010000
00000000
00000000
00100000
00000000
00000000
02000000
00000000
00000000
00000000
03020000
00000000
00000000
00000000
00230000
00000000
00000000
00000000
02300000
00000000
00000000
00000000
00000000
00000000
,
00000000
00000000
03000000
00000000
10010000
00000000
10000000
00000000
01000000
00010000
00001000
00000000
00010000
00000000
00001000
00000000
,
00010000
00001000
00000100
00000000
00000001
00000000
00000100
00000000
00001000
00010000
00001000
00000000
00010000
00000000
01000000
00000000
,
10000000
01000000
00010000
00000000
01000000
00000000
10000000
00000000
00100000
00010000
00001000
00000000
00010000
00000000
00001000
00000000
,
00000010
00000001
00000010
00000000
00001000
00000000
00010000
00001000
00010000
00000000
00001000
00000000
00010000
00000000
00100000
10000000
,
00010000
00000000
00100000
00000000
01000000
00000000
10000000
00000000
00100000
01000000
00100000
00000000
00010000
00000000
00001000
00000000
,
00010000
00001000
00010000
00000000
00000100
00000000
00000010
00000000
00000100
00001000
00000010
00000000
00000100
00000000
00000010
00000100
,
00000010
00000000
00001000
00000000
00000100
00000000
00010000
00000000
00001000
00010000
00001000
00000000
01000000
00000000
00010000
00000000
,
00100000
00000000
00000000
01000000
00000000
00000000
10000000
00000000
00000000
00000000
00000000
00000000
00010000
00000000
00000000
00000000
00000000
00000000
01000000
00000000
00000000
00100000
00000000
00000000
10000000
00000000
00000000
00000000
00000000
00000000
00010000
00000000
00000000
00000000
00000000
00000000
10000000
00000000
00000000
00000000
01000000
00000000
00000000
00000000
00100000
00000000
00000000
00000000
,
00010000
00000000
00000000
00000000
00001000
00000000
00000000
00000000
00000100
00000000
00000000
00000000
00000010
00000000
00000000
00000000
00000000
00000000
00000000
00000000
00000000
00000000
00000000
00000000
00001001
00000000
00000000
00000000
00000000
00000000
00000000
00000000
00000000
00000000
00000000
00000000
00000001
00000000
00000000
00000100
00000000
00000000
00000010
00000000
00000000
00000000
00000000
00000000
,
00001000
00000000
00000100
00000000
00000010
00000000
00000001
00000000
00000011
00000000
00000000
00000000
00001000
00000010
00000100
00000000
,
00000010
00000000
00000100
00000000
00001000
00000000
00010000
00000000
00001000
00000000
00100000
00010000
00100000
00000000
01000000
00000000
,
10000000
00000000
01000000
00000000
00100000
00000000
00010000
00000000
10010000
00000000
00000000
00000000
00010000
01000000
00100000
00000000
,
10000000
00000000
00100000
00000000
01000000
00000000
00010000
00000000
00110000
00000000
00000000
00000000
00100000
00010000
00100000
00000000
,
01000000
00000000
00100000
00000000
00010000
00000000
00100000
00000000
00101000
00000000
00000000
00000000
00001000
00010000
00001000
00000000
,
00000100
00000000
00000010
00000000
00000100
00000001
00001000
00000000
00001001
00000000
00000000
00000000
00001100
00000000
00000000
00000000
,
00011000
00000000
00000000
00000000
00000000
00000000
00110000
00000000
00100000
00000000
01000000
00000000
10000000
00000000
00000000
01000000
00000000
00000000
00110000
00000000
00000000
00000000
00000000
00000000
,
00101000
00000000
00000000
00000000
00011000
00000000
00010000
00000100
00010000
00000000
00000000
00000000
00001100
00000000
00000000
00000000
,
00000110
00000010
00000011
00000000
00000101
00000000
00000110
00000100
,
00000010
00000000
00000000
00000000
00000000
00000000
00000000
00000000
00001010
00000000
00000000
00000000
00001000
00000010
00001000
00000000
00000010
00000000
00000000
00000000
00000000
00000000
00000000
00000000
00011000
00000000
00000000
00000000
00000000
00000000
00000000
00000000
,
00010100
00010000
00001000
00010000
00000000
00001000
00100000
00000000
00000000
00110000
00000000
00000000
,
01010000
00000000
00010000
00000000
01000000
00000000
00001000
00000000
00000000
00000000
00010000
00000000
00002000
00000000
00000000
00000000
00000000
00000000
00000000
00000000
00000000
00023000
00000000
00000000
,
00000000
00000000
00230000
00000000
00310000
00010000
00001000
00001000
,
00000100
00000010
00001000
00000001
00001000
00000100
00000010
00000001
00001000
00000000
00000100
00000000
00001000
00000000
00000100
00000000
,
00010000
00001000
01000000
00000000
20010000
00000000
00000000
00000000
01000000
00000000
00000000
00000000
00010000
00000000
00000000
00000000
,
30010000
02010000
00001000
00100000
,
03100000
00012000
01000000
00010000
,
00013000
00000000
00000000
00000000
00001000
00010000
00100000
10000000
01000000
00010000
00001000
00000100
00002001
00000000
00000000
00000000
,
00000100
00000001
00003001
00010020
,
00001000
00010000
00010030
00021000
,
00001000
01000000
01030000
01100000
,
10010000
00000000
00000000
00000000
10000000
00010000
10000000
00010000
01000000
00000000
00000000
00000000
00011000
00000000
00000000
00000000
,
00000000
00000000
00000000
00000000
00000000
00000000
00000000
00010000
,
00010000
00000000
00001000
00001000
00000000
00010000
00010000
00001000
,
00001000
00000000
00010000
00010000
00000000
00000010
00000010
00001000
,
00001000
00000000
00000100
00000100
00000000
00000001
00000001
00000100
,
00000100
00000000
00010000
00010000
00000000
00100000
00100000
00010000
,
00010000
00000000
00001000
00001000
00000000
00010000
00010000
01000000
,
01000000
00000000
10000000
10000000
00000000
00010000
00010000
10000000
,
10000000
00000000
00000000
00000000
00000000
00000000
00100000
00000000
00000000
00100000
00000000
00000000
00000000
00000000
00000000
01000000
00000000
00000000
01010000
00000000
00000000
00000000
00010000
00000000
,
00100000
00000000
00100000
00001000
00000000
00000000
00011000
00000000
00000000
00001100
00000000
00001000
,
00000100
00000000
00000000
00000000
00000100
00000000
00001000
00000000
00000000
00000000
00000000
00000000
00001001
00000000
00000000
00000000
00000000
00000000
00000101
00000000
00000000
00000100
00000000
00000000
,
00001000
00000000
00011000
00010000
01000000
10000000
10100000
00100000
,
01100000
01000000
00010000
00100000
00001000
00010000
00011000
00001000
,
00010000
00000100
00001100
00000100
00000010
00000001
00001001
00000001
,
00000100
00000000
00000010
00000000
00010010
00000000
00010000
00000000
00001000
00000000
00010000
00000000
00010000
00001000
00010000
00001000
,
00010000
00000100
00010000
00000100
00001000
00000100
00001000
00000100
00000010
00000100
00010000
00001000
00020000
00000000
00000000
00000000
,
00000000
00100000
00000000
00100000
00000000
00130000
00000000
10010000
,
10000000
11000000
10000000
10100000
00100000
01100000
00100000
00110000
,
00010000
00011000
00001000
00001100
00000100
00000110
00000010
00001010
,
00001000
00010010
00001000
00101000
00010000
00010100
00001000
01001000
,
01000000
00000000
01010000
00000000
00110000
00000000
00011000
00010000
,
00000100
00000000
00001100
00000100
00000010
00000001
00000000
00001000
,
00000001
00000000
00000000
00000000
00000010
00000000
00000100
00000000
00001000
00000000
00000010
00001000
00000010
00000000
00010000
00000000
,
00001000
00001000
00010000
00010000
00010000
00001000
00001000
00001000
,
00100000
00010000
00100000
10000000
00100000
01000000
10000000
10010000
,
00000000
01100000
00000000
01100000
00000000
00000000
00110000
00011000
,
00000000
00011000
00000000
00011000
00000000
00001100
00000110
00000011
,
00000000
00000011
00000000
00000011
00000000
00000000
00001001
00000100
,
00000010
00001000
00001100
00000100
00010000
00001000
00011000
00010000
,
01000000
00000000
00000000
00000000
01010000
00000000
01000000
00000000
00100000
00000000
00000000
00000000
00100000
01000000
00100000
01000000
,
00010000
01000000
00010000
01000000
00001000
01000000
00001000
01000000
00010000
01000000
00010000
01000000
00100000
00000000
10000000
00000000
,
01000000
00000000
00000000
00000000
00010000
00000000
00000000
00000000
00001000
00010000
00001000
00000000
00010000
00000000
00000000
00000000
00001000
00000000
00000000
00000000
00000100
00000000
00000000
00000000
00000010
00000000
00000000
00000000
00001000
00000000
00000000
00000000
,
00000001
00000010
00000100
00000001
00000100
00001000
00020200
00000000
,
00000000
00000000
00000000
00000000
,
00000000
00000000
00000000
00000000
,
00000000
00000000
00000000
00000000
,
00000000
00000000
00000000
00030300
;

//---------------dance-double - ----------------
#NOTES:
     dance-double:
     :
     Medium:
     7:
     0.467,0.550,0.269,0.034,0.034,431.000,39.000,5.000,0.000,0.000:
00000000
00000000
00000000
00000000
,
00000000
00000000
00000000
00000000
,
10000000
01000000
00100000
01000000
,
10000000
00010000
00100000
00001000
,
00010000
00000010
00001000
00000001
,
00000100
00000000
00000010
00000000
00001000
00000000
00000001
00001000
,
00000001
00000100
00001000
00000100
,
00000010
00001000
00000010
00000000
00001100
00000000
00010000
00000000
,
00001000
00100000
00001000
00000000
00100000
00010000
01000000
00000000
,
00100000
00100000
10010000
01000000
,
10100000
00000000
00100000
01000000
00100000
00000000
00010000
00000000
,
00100000
01000000
00001000
00000000
00010000
00000000
00001000
00000000
,
00010000
00000100
00010000
00000000
00000100
00001000
00000100
00000000
,
00000010
00000100
00001000
00000100
,
00000010
00000001
00000100
00000000
00000010
00010000
00000100
00000000
,
00000100
00001000
00000010
00000000
00010000
00001000
00010000
00000000
,
00001000
00010000
00001000
00010000
01000000
10000000
01000000
00100000
,
00010000
10010000
00100000
00001000
,
00010000
00000100
00001000
00000010
,
00000100
00000001
00000100
00001000
,
00010000
00001000
01000000
00010000
,
00100000
10010000
10000000
00100000
,
01000000
00010000
00100000
01000000
,
00010000
00001000
00010000
00000100
,
00001000
00000000
00000000
00000010
00000000
00000000
00000100
00000000
00000000
00000001
00000000
00000010
,
00000001
00000000
00000010
00000000
00000001
00000000
00000010
00000000
00000000
00000000
00000000
00000000
00000100
00000000
00000000
00000000
00000000
00000000
00001000
00000000
00000000
00000100
00000000
00000000
,
00001000
00000000
00000010
00000000
00000100
00000000
00000001
00001000
,
00000100
00000000
00010000
00000000
00001000
00000000
00010000
00001000
,
00010000
00000000
00100000
00000000
00010000
00000000
00001000
00010000
,
00001000
00100000
00010000
00000000
10000000
00000000
00010000
01000000
,
00010000
00000000
00100000
00000000
01000000
00000000
00100000
01000000
,
10000000
00000000
01000000
00000000
00100000
00000000
00010000
00100000
,
00010000
10010000
00000000
00000000
,
00000000
00000000
00001000
00000100
00000010
00000000
00000010
00000001
,
00000100
00000000
00000100
00000010
00001000
00000000
00001000
00000100
,
00001000
00000100
00001000
00000001
00000100
00000000
00000100
00000010
,
00010000
00000100
00010000
00001000
,
00100000
00000000
00010000
00100000
01000000
00000000
01000000
10000000
,
00100000
00000000
00100000
01000000
00010000
00000000
00100000
00001000
,
00100000
00001000
00100000
00001000
00010000
00000000
00010000
00001000
,
00010000
00000100
00001000
00000100
,
00000010
00000011
00001000
00000101
,
00001000
00000100
00001000
00000100
00001000
00000000
00010100
00000000
,
00001000
00010000
00001000
00010000
00001000
00000000
00110000
00000000
,
10000000
00010000
10000000
00010000
10000000
00000000
01010000
00000000
,
00100000
10000000
00100000
10000000
00100000
00000000
01010000
00000000
,
10000000
00010000
10000000
00010000
10000000
00000000
01000000
00000000
,
00100000
00010000
00100000
00001000
,
00010000
00000000
00000100
00000000
00001000
00000010
00000100
00000000
,
00000001
00000000
00000000
00000000
00001000
00000000
00000000
00000100
00000010
00000000
00000001
00000000
00000100
00000000
00000000
00000000
,
00000010
00000000
00000010
00000000
00001000
00000100
00010000
00000000
,
00001000
00000000
00000000
00000000
00100000
00000000
00000000
00010000
01000000
00000000
00100000
00000000
01000000
00000000
00000000
00000000
,
00010000
00000000
00010000
00000000
00100000
01000000
10000000
00000000
,
01000000
00000000
00000000
00000000
00100000
00000000
00000000
00010000
00100000
00000000
00000000
00000000
00000000
00000000
00001000
00000000
,
00000000
00010000
00001000
00010000
,
00000010
00000100
00000001
00001000
,
00000200
00000300
00002000
00003000
00000200
00000300
00000000
00000000
00001000
00000000
00000000
00000000
00000100
00000000
00000000
00000000
,
00000001
00001000
00000010
00000100
,
00010000
00001000
01000000
00010000
,
00100000
00000000
01000000
10000000
01000000
00100000
00010000
00000000
,
10000000
00100000
01000000
10000000
,
01000000
00010000
00100000
00001000
,
00010000
00000100
00001000
00000100
,
00010000
00001000
00010000
00011000
,
00000000
00000000
00000000
00000000
,
00000000
00000000
00000000
00000000
,
00000000
00000000
00000000
00000000
,
00000000
00000000
00000000
00000000
00000000
00000000
00000000
00010000
,
00000000
00000000
01000000
00000000
00000000
00100000
00000000
10000000
,
00000000
00000000
01000000
00000000
00000000
00100000
00000000
00001000
,
00000000
00000000
00010000
00000000
00000000
00001000
00000000
00000100
,
00000000
00000000
00000001
00000000
00000000
00000010
00001000
00000000
,
00010000
00000000
00001000
00010000
00000000
00000000
00001000
00000000
00000000
00010000
00000000
00000000
,
00001000
00000000
00010000
00001000
00000000
00000000
00010000
00000000
00000000
00001000
00000000
00000000
,
00010000
00000000
00001000
00010000
00000000
00000000
00001000
00000000
00000000
00010000
00000000
00000000
,
00001000
00000000
00000000
00000000
00010000
00000000
00001000
00000000
00000000
00000000
00000000
00000000
00010000
00000000
00000000
00000000
00000000
00000000
00000100
00000000
00000000
00001000
00000000
00000000
,
00000100
00000000
00000010
00000100
00000010
00000000
00000001
00000100
,
00000001
00000000
00001000
00000100
00001000
00000000
00000100
00010000
,
00001000
00010000
00001000
01000000
00001000
01000000
00010000
00000000
,
00000000
11000000
00000000
01010000
00000000
00110000
00000000
00110000
,
00000000
00110000
00000000
00011000
00000000
00011000
00000000
00001010
,
00000000
00001010
00000000
00000110
00000000
00000110
00000000
00000101
,
00000000
00000101
00000000
00001001
00000000
00001001
00000000
00001100
,
00000000
00001100
00000000
00010100
00000000
00010100
00000000
00000000
,
00100000
00000000
01000000
10000000
00000000
01000000
00000000
10000000
,
01000000
00000000
00100000
00010000
00000000
00100000
00000000
00001000
,
00010000
00000000
00001000
00010000
00000000
00000100
00000000
00000000
,
00001000
00000000
00000010
00000000
00000100
00000000
00000001
00001000
,
00000000
00001100
00000000
00001100
00000000
00000000
00010000
00001000
,
00000000
00011000
00000000
00011000
00000000
00000000
01000000
00010000
,
00000000
01010000
00000000
01010000
00000000
00000000
10000000
00000000
,
01000000
00000000
00100000
00000000
00010000
00000000
00100000
00010000
,
00100000
00000000
00001000
00000000
00010000
00000000
00000100
00001000
,
00000100
00000000
00000010
00000000
00000100
00000000
00001000
00000001
,
00001000
00000010
00000100
00000001
,
00001000
00000010
00010000
00022000
,
00000000
00000000
00000000
00000000
,
00000000
00000000
00000000
00000000
,
00000000
00000000
00000000
00000000
,
00000000
00000000
00000000
00033000
;

//---------------dance-double - ----------------
#NOTES:
     dance-double:
     :
     Easy:
     4:
     0.321,0.412,0.048,0.062,0.000,310.000,7.000,9.000,0.000,0.000:
00000000
00000000
00000000
00000000
,
00000000
00000000
00000000
00000000
,
10000000
00000000
01000000
00000000
,
00100000
00000000
00010000
00000000
,
01000000
00000000
00001000
00000000
,
00010000
00000000
00000100
00000000
,
00001000
00001000
00000100
00000000
,
00000010
00000010
00000001
00000000
,
00001000
00000001
00001000
00000001
,
00000100
00000100
00000100
00000100
,
00001001
00000000
00000100
00010000
,
00000100
00000000
00010000
00001000
,
00010000
00000000
00001000
01000000
,
00001000
00001000
00001000
00001000
,
00100000
00000000
00010000
00100000
,
01000000
00000000
10000000
00100000
,
01000000
00000000
00010000
01000000
,
00001000
00010000
00001000
00010000
,
00001000
00010000
00000100
00010000
,
00000100
00001000
00000100
00001000
,
00000100
00000010
00000100
00000010
,
00000100
00000010
00000001
00000010
,
00000001
00001000
00000001
00001000
,
00000001
00000100
00000010
00000100
,
00000010
00010000
00000010
00020000
,
00030000
00001000
00010000
00001000
,
00100000
00010000
00100000
00010000
,
00100000
01000000
10000000
01000000
,
10000000
00100000
01000000
00100000
,
01000000
00001000
01000000
00001000
,
01000000
00010000
00100000
00010000
,
00100000
00001000
00100000
00001000
,
00010000
00011000
00000000
00000000
,
00000000
00010000
00010000
00001000
,
00001000
00010000
00010000
00000100
,
00000100
00010000
00010000
00001000
,
00001000
00010000
00001000
00100000
,
00100000
00001000
00001000
00010000
,
00010000
00001000
00001000
01000000
,
01000000
00001000
00001000
00010000
,
00010000
00001000
00010000
00000100
,
00000100
00001000
00000100
00001000
,
00000100
00000100
00010000
00001000
,
00010000
00010000
00001000
00100000
,
00010000
00010000
00100000
01000000
,
10000000
10000000
00010000
01000000
,
00100000
00100000
01000000
00010000
,
00100000
00100000
00001000
00010000
,
00001000
00001000
00010000
00000100
,
00001000
00000000
00000001
00001000
,
00000100
00000000
00010000
00001000
,
00100000
00000000
00010000
10000000
,
00100000
00000000
01000000
00010000
,
00100000
00000000
00000000
00000000
00011000
00000000
00000000
00011000
,
00000000
00011000
00010000
00000100
,
00001000
00000100
00000010
00000001
,
00002000
00003000
00000002
00000003
00001000
00000000
00000000
00000000
00000010
00000000
00000000
00000000
00001000
00000000
00000000
00000000
,
00001000
00000010
00010000
00001000
,
00001000
00100000
00010000
00100000
,
00100000
00000000
01000000
01000000
01000000
01000000
01000000
00000000
,
10000000
01000000
01000000
00100000
,
00010000
00100000
00100000
00001000
,
00010000
00001000
00001000
00010000
,
00000010
00001000
00001000
00000100
,
00000000
00000000
00000000
00000000
,
00000000
00000000
00000000
00000000
,
00000000
00000000
00000000
00000000
,
00000000
00000000
00000000
00001000
,
00000000
00010000
00000000
00001000
,
00000000
00010000
00000000
00001000
,
00000000
00010000
00000000
00001000
,
00000000
00010000
00000000
00011000
,
00000000
00100000
00100000
00010000
,
00000000
00000010
00000010
00001000
,
00000000
00100000
00100000
00010000
,
00000000
00000010
00000010
00001000
,
00001000
00000100
00000100
00000010
,
00000010
00000001
00000001
00000100
,
00000100
00000010
00000010
00001000
,
00000000
00001000
00001000
00001000
,
00000100
00010000
00001000
00100000
,
00010000
01000000
00100000
10000000
,
01000000
00100000
00010000
01000000
,
00001000
00010000
00000100
00001000
,
00000000
00000100
00001000
00000100
,
00000000
00010000
00001000
00010000
,
00000000
00001000
01000000
00001000
,
00001000
00010000
00010000
00002000
,
00000000
00000000
00003000
00020000
,
00000000
00000000
00030000
00000200
,
00000000
00000000
00000300
00002000
,
00000000
00000000
00003000
00000100
,
00001000
00000100
00001000
00000100
,
00010000
00001000
00010000
00001000
,
00100000
00010000
00100000
00010000
,
01000000
00100000
10000000
20020000
,
00000000
00000000
00000000
00000000
,
00000000
00000000
00000000
00000000
,
00000000
00000000
00000000
00000000
,
00000000
00000000
00000000
30030000
;
