#TITLE:MOONLIGHT SHADOW;
#SUBTITLE:(New Vocal Version);
#ARTIST:MISSING HEART;
#TITLETRANSLIT:;
#SUBTITLETRANSLIT:;
#ARTISTTRANSLIT:;
#CREDIT:;
#BANNER:MOONLIGHT SHADOW (New Vocal Version).png;
#BACKGROUND:MOONLIGHT SHADOW (New Vocal Version)-bg.png;
#LYRICSPATH:;
#CDTITLE:./CDTITLES/DANCE MANIA 18.PNG;
#MUSIC:MOONLIGHT SHADOW (New Vocal Version).mp3;
#OFFSET:-0.505;
#SAMPLESTART:10.650;
#SAMPLELENGTH:12.000;
#SELECTABLE:YES;
#BPMS:0.000=140.000;
#STOPS:;
#BGCHANGES:;
// cache tags:
#FIRSTBEAT:8.000;
#LASTBEAT:199.250;
#SONGFILENAME:Songs/DDI/MOONLIGHT SHADOW (New Vocal Version)/MOONLIGHT SHADOW (New Vocal Version).sm;
#HASMUSIC:1;
#HASBANNER:1;
#MUSICLENGTH:88.047;
// end cache tags

//---------------dance-single - ----------------
#NOTES:
     dance-single:
     :
     Easy:
     4:
     0.224,0.253,0.023,0.000,0.000,136.000,2.000,0.000,0.000,0.000:
0000
0000
0000
0000
,
0000
0000
0000
0000
,
0000
0000
0000
0000
,
0000
0000
0000
0000
,
0000
0000
0000
0000
,
0000
0000
0000
0000
,
1000
0100
0001
0010
,
1000
0100
1000
0100
,
0001
0100
0001
0100
,
1000
0000
0001
0000
,
0010
1000
0100
0001
,
0010
0001
0100
1000
,
0010
1000
0100
0001
,
0001
0000
1000
0000
,
1000
0100
0001
0100
,
1000
0100
0001
0000
,
1000
0000
0001
0000
,
1000
1000
1000
0000
,
1000
0100
0001
0100
,
1000
0100
0001
0000
,
1000
0000
1000
0000
,
1000
0000
1000
0000
,
0001
0100
1000
0010
,
0001
0100
0001
0100
,
1000
0100
1000
0100
,
0001
0000
1000
0000
,
0010
0001
0100
1000
,
0010
1000
0100
0001
,
0010
0001
0100
1000
,
1000
0000
0001
0000
,
1000
0100
0001
0100
,
1000
0100
0001
0000
,
1000
0000
0001
0000
,
1000
1000
1000
0000
,
0001
0000
0001
0000
,
1000
0000
1000
0000
,
0001
0000
0001
0000
,
1000
0000
1000
0000
,
0000
0001
1001
0000
,
0000
1000
1001
0000
,
1000
1000
1000
0000
,
0000
1000
0100
0000
,
1000
0100
0001
0010
,
1000
0100
1000
0100
,
0001
0100
0001
0100
,
1000
0000
0001
0000
,
0010
1000
0100
0001
,
0010
0001
0100
1000
,
0010
1000
0100
0001
,
0001
0000
1000
0000
;

//---------------dance-single - ----------------
#NOTES:
     dance-single:
     :
     Medium:
     5:
     0.357,0.367,0.273,0.000,0.000,196.000,24.000,0.000,0.000,0.000:
0000
0000
0000
0000
,
0000
0000
0000
0000
,
0000
0000
0000
0000
,
0000
0000
1100
0101
,
0000
0000
0000
0000
,
0000
0000
0000
0000
,
0010
1000
0100
0000
0010
0001
0100
0000
,
0010
1000
0100
0000
0010
0001
0100
0000
,
1000
0100
0001
0000
1000
0000
0001
0000
,
1000
0000
1100
0101
,
0001
0100
1000
0000
0001
0100
1000
0000
,
1000
0100
0001
0000
1000
0100
0001
0000
,
0001
0100
1000
0000
0001
0000
1000
0000
,
0001
0000
0101
1100
,
0001
0100
0001
0000
1000
0100
1000
0000
,
0001
0100
0001
0000
1001
0000
0000
0000
,
1000
0000
0001
0000
,
1000
0100
0001
0000
0101
0000
0000
0000
,
0010
0001
0010
0000
0100
1000
0100
0000
,
0010
0001
0010
0000
1100
0000
0000
0000
,
1000
0000
1000
0000
,
1000
0000
1000
0000
,
0010
1000
0100
0000
0001
0100
1000
0000
,
0010
1000
0100
0000
1000
0100
0001
0000
,
1000
0100
0001
0000
1000
0000
0001
0000
,
1000
0000
1100
0101
,
0010
0001
0100
0000
0001
0100
1000
0000
,
0010
1000
0100
0000
1000
0100
0001
0000
,
0001
0100
1000
0000
0001
0000
1000
0000
,
0001
0000
0101
1100
,
0001
0100
0001
0000
1000
0100
1000
0000
,
0001
0100
0001
0000
1001
0000
0000
0000
,
1000
0000
0001
0000
,
1000
0100
0001
0000
0101
0000
0000
0000
,
0010
0001
0010
0000
0100
1000
0100
0000
,
0010
1000
0010
0000
1010
0000
0000
0000
,
0001
0000
0001
0000
,
1000
0000
1000
0000
,
0000
0010
1001
0100
,
1001
0000
0100
0000
1001
0000
1000
0100
,
0001
0100
1000
0000
1100
0000
0000
0000
,
0000
1000
0100
0000
,
0010
1000
0100
0000
1000
0100
0001
0000
,
0010
0001
0100
0000
0001
0100
1000
0000
,
1000
0100
0001
0000
1000
0000
0001
0000
,
1000
0000
1100
0101
,
0010
0001
0100
0000
0010
1000
0100
0000
,
0010
0001
0100
0000
1000
0100
0001
0000
,
0001
0100
1000
0000
0001
0000
1000
0000
,
0001
0000
0101
1100
;

//---------------dance-single - ----------------
#NOTES:
     dance-single:
     :
     Hard:
     6:
     0.448,0.481,0.080,0.000,0.080,269.000,7.000,0.000,0.000,0.000:
0000
0000
0000
0000
,
0000
0000
0000
0000
,
1000
0100
0001
0001
0000
0000
1000
0100
,
0001
0000
0000
0000
0001
0000
0000
0000
1000
0100
0000
0000
0001
0100
0000
0000
,
0000
0000
0000
0000
,
0000
0000
0000
0000
0000
0000
0010
0001
,
1000
0100
0001
0100
1000
0010
1000
0100
,
0001
0000
0001
0100
0000
0000
0000
0000
,
0001
0010
1000
1000
0000
0000
0001
0100
,
1000
0000
0000
0000
0001
0000
0000
0000
1000
0100
0000
0000
0001
0100
0000
0000
,
0010
1000
0001
0100
1000
0100
0001
0100
,
1000
0000
1000
0100
0000
0000
0000
0000
,
1000
0010
0001
0001
0000
0000
1000
0100
,
0001
0000
0000
0000
1000
0000
0000
0000
0001
0100
0000
0000
1000
0100
0000
0000
,
0010
0000
0100
1000
0010
0100
0001
0010
,
0100
1000
0010
0100
0001
0000
0000
0000
,
0101
0000
0000
0000
1100
0000
0001
0010
,
1000
0010
0001
0100
1000
0000
0100
0010
,
1000
0100
0010
0001
0100
0010
1000
0100
,
0010
0001
0100
0010
1000
0000
0010
1000
,
0100
0001
0001
0001
,
0001
0100
1000
0000
0000
0000
0000
0000
,
1000
0100
0001
0100
1000
0010
1000
0100
,
0001
0000
0001
0100
0000
0000
0000
0000
,
1000
0010
0001
0001
0000
0000
1000
0100
,
0001
0000
0000
0000
1000
0000
0000
0000
0001
0100
0000
0000
1000
0100
0000
0000
,
0001
0100
1000
0010
0001
0010
1000
0100
,
0001
0100
1000
0010
0001
0010
1000
0100
,
0001
0100
1000
0010
0000
0000
1000
0100
,
0001
0000
0000
0000
1000
0000
0000
0000
0001
0100
0000
0000
1000
0100
0000
0000
,
0010
0000
0100
1000
0010
0100
0001
0010
,
0100
1000
0010
0100
0001
0000
0000
0000
,
0101
0000
0000
0000
1100
0000
1000
0010
,
0001
0010
1000
0100
0001
0000
0100
0010
,
0001
0100
0010
1000
0100
0010
0001
0100
,
0010
1000
0100
0010
0001
0000
0010
0001
,
0100
0000
1000
0100
0001
0000
0001
0100
,
1000
0100
0001
0000
0000
0000
0000
0000
,
0000
0010
1100
0100
,
0011
0000
0010
0000
1001
1000
0100
0001
,
0100
1000
0100
0000
1000
0000
0000
0000
,
0000
0010
0100
0000
,
1000
0100
0001
0100
1000
0010
1000
0100
,
0001
0000
0001
0100
0000
0000
0000
0000
,
0001
0010
1000
1000
0000
0000
0001
0100
,
1000
0000
0000
0000
0001
0000
0000
0000
1000
0100
0000
0000
0001
0100
0000
0000
,
1000
0100
0001
0010
1000
0010
0001
0100
,
1000
0100
0001
0010
1000
0010
0001
0100
,
1000
0100
0001
0010
0000
0000
0001
0100
,
1000
0000
0000
0000
0001
0000
0000
0000
1000
0100
0000
0000
0001
0100
0000
0000
;

//---------------dance-double - ----------------
#NOTES:
     dance-double:
     :
     Easy:
     4:
     0.229,0.253,0.023,0.000,0.000,139.000,2.000,0.000,0.000,0.000:
00000000
00000000
00000000
00000000
,
00000000
00000000
00000000
00000000
,
00000000
00000000
00000000
00000000
,
00000000
00000000
00000000
00000000
,
00000000
00000000
00000000
00000000
,
00000000
00000000
00000000
00000000
,
10000000
01000000
00010000
00001000
,
00000100
00000001
00000100
00001000
,
00010000
01000000
10000000
01000000
,
00010000
00000000
00001000
00000000
,
00010000
01000000
10000000
01000000
,
00010000
00001000
00000100
00000001
,
00000100
00001000
00010000
01000000
,
10000000
00000000
00010000
00000000
,
00001000
00100000
00010000
01000000
,
10000000
01000000
00010000
00000000
,
10000000
00000000
10000000
00000000
,
01000000
00010000
00001000
00000000
,
00000100
00000001
00000100
00001000
,
00000100
00000001
00000100
00000000
,
00001000
00000000
00001000
00000000
,
01000000
00000000
10000000
00000000
,
10000000
01000000
00010000
00001000
,
00000100
00000001
00000100
00001000
,
00010000
01000000
10000000
01000000
,
00010000
00000000
00001000
00000000
,
00010000
01000000
10000000
01000000
,
00010000
00001000
00000100
00000001
,
00000100
00001000
00010000
01000000
,
10000000
00000000
00010000
00000000
,
00001000
00100000
00010000
01000000
,
10000000
01000000
00010000
00000000
,
10000000
00000000
10000000
00000000
,
01000000
00010000
00001000
00000000
,
00000100
00000001
00000100
00001000
,
00000100
00000001
00000100
00000000
,
00001000
00000000
00010000
00000000
,
01000000
00000000
10000000
00000000
,
00000000
00010000
10010000
00000000
,
00000000
10000000
10010000
00000000
,
01000000
00010000
00001000
00000000
,
00000000
00000100
00000001
00000000
,
00000001
00000100
00001000
00010000
,
01000000
10000000
01000000
00010000
,
00001000
00000100
00000001
00000100
,
00001000
00000000
00010000
00000000
,
00001000
00000100
00000001
00000100
,
00001000
00010000
01000000
10000000
,
01000000
00010000
00001000
00000100
,
00000001
00000000
00001000
00000000
;

//---------------dance-double - ----------------
#NOTES:
     dance-double:
     :
     Medium:
     5:
     0.333,0.367,0.239,0.000,0.000,184.000,21.000,0.000,0.000,0.000:
00000000
00000000
00000000
00000000
,
00000000
00000000
00000000
00000000
,
00000000
00000000
00000000
00000000
,
00000000
00000000
10100000
01010000
,
00000000
00000000
00000000
00000000
,
00000000
00000000
00000000
00000000
,
10000000
00000000
01000000
00000000
00010000
00001000
00000100
00000000
,
00001000
00010000
01000000
00010000
,
00001000
00000100
00000001
00000000
00000100
00000000
00001000
00000000
,
00010000
00000000
00110000
01010000
,
10000000
00000000
01000000
00000000
00010000
00001000
00000100
00000000
,
00000001
00000000
00000100
00000000
00001000
00010000
01000000
00000000
,
00010000
00000000
00001000
00000000
00000100
00001000
00010000
00000000
,
01000000
00000000
00110000
11000000
,
00010000
00001000
00000100
00001000
,
00010000
01000000
10000000
00100000
00010000
00000000
00000000
00000000
,
10000000
00000000
01000000
00000000
,
10000000
01000000
00010000
00000000
01010000
00000000
00000000
00000000
,
00001000
00010000
01000000
00010000
,
00001000
00000100
00000001
00000010
00001000
00000000
00000000
00000000
,
00000001
00000000
00000100
00000000
,
00000001
00000100
00001000
00000000
00001100
00000000
00000000
00000000
,
00000001
00000000
00000100
00000000
00001000
00010000
01000000
00000000
,
10000000
00000000
01000000
00000000
00010000
00001000
00000100
00000000
,
00000001
00000100
00001000
00000000
00000000
00000000
00010000
00000000
,
01000000
00000000
00110000
11000000
,
10000000
00000000
01000000
00000000
00010000
00001000
00000100
00000000
,
00000001
00000100
00001000
00000000
00001000
00010000
01000000
00000000
,
10000000
01000000
00010000
00001000
00000100
00000000
00001000
00000000
,
00000100
00000000
00001010
00000101
,
00001000
00010000
01000000
00010000
,
00001000
00000100
00000001
00000010
00001000
00000000
00000000
00000000
,
00000001
00000000
00000100
00000000
,
00000001
00000100
00001000
00000000
00001100
00000000
00000000
00000000
,
00010000
00001000
00000100
00001000
,
00010000
01000000
10000000
00100000
00010000
00000000
00000000
00000000
,
00010000
00000000
01000000
00000000
,
10000000
00000000
10000000
00000000
,
00000000
00100000
00110000
00001000
,
00001100
00000000
00000001
00000000
00000011
00000000
00000001
00000100
,
00001000
00010000
01000000
00000000
11000000
00000000
00000000
00000000
,
00000000
10000000
01000000
00000000
,
10000000
00000000
01000000
00000000
00010000
00001000
00000100
00000000
,
00000001
00000000
00000100
00000000
00001000
00010000
01000000
00000000
,
10000000
01000000
00010000
00000000
00000000
00000000
00001000
00000000
,
00000100
00000000
00001010
00000101
,
00000010
00000001
00000100
00000000
00000001
00000100
00001000
00000000
,
00001000
00010000
01000000
00000000
00010000
01000000
10000000
00000000
,
00010000
00001000
00000100
00000001
00000100
00000000
00001000
00000000
,
00010000
00000000
00110000
11000000
;

//---------------dance-double - ----------------
#NOTES:
     dance-double:
     :
     Hard:
     7:
     0.492,0.481,0.080,0.000,0.080,296.000,7.000,0.000,0.000,0.000:
00000000
00000000
00000000
00000000
,
00000000
00000000
00000000
00000000
,
10000000
01000000
00010000
00001000
00000100
00000001
00000100
00001000
,
00010000
00000000
01000000
00000000
10000000
00000000
00000000
00000000
10000000
01000000
00000000
00000000
00010000
01000000
00000000
00000000
,
00000000
00000000
00000000
00000000
,
00000000
00000000
00000000
00000000
00000000
00000000
00010000
01000000
,
10000000
01000000
00010000
00001000
00000001
00000100
00001000
00010000
,
01000000
10000000
01000000
00010000
00001000
00000000
00000000
00000000
,
00000001
00000010
00001000
00010000
00100000
10000000
01000000
00010000
,
00001000
00000000
00000000
00000000
00000100
00000000
00000000
00000000
00000001
00000100
00000000
00000000
00001000
00000100
00000000
00000000
,
00000001
00000100
00001000
00010000
10000000
01000000
00010000
00001000
,
00000100
00000001
00000100
00001000
00010000
00000000
00000000
00000000
,
10000000
00100000
00010000
00001000
00000010
00000001
00000100
00001000
,
00010000
00000000
00000000
00000000
01000000
00000000
00000000
00000000
10000000
01000000
00000000
00000000
00010000
01000000
00000000
00000000
,
00100000
00010000
00001000
00000010
00001000
00010000
00100000
00010000
,
00001000
00000010
00001000
00010000
00100000
00000000
00000000
00000000
,
00011000
00000000
00000000
00000000
00001100
00000000
00000001
00000100
,
00001000
00010000
10000000
01000000
00010000
00000000
00001000
00010000
,
00000010
00000100
00010000
00001000
00000010
00000100
00010000
00001000
,
00000010
00000100
00010000
00001000
00000010
00000000
00000001
00000010
,
00001000
00010000
00010000
00010000
,
00010000
00001000
00000100
00000000
00000000
00000000
00000000
00000000
,
00000001
00000100
00001000
00010000
10000000
01000000
00010000
00001000
,
00000100
00000001
00000100
00001000
00010000
00000000
00000000
00000000
,
10000000
00100000
00010000
00001000
00000010
00000001
00000100
00001000
,
00010000
00000000
00000000
00000000
01000000
00000000
00000000
00000000
10000000
01000000
00000000
00000000
00010000
01000000
00000000
00000000
,
10000000
01000000
00010000
00001000
00000001
00000100
00001000
00010000
,
01000000
10000000
01000000
00010000
00001000
00000000
00000000
00000000
,
00000001
00000010
00001000
00010000
00100000
10000000
01000000
00010000
,
00001000
00000000
00000000
00000000
00000100
00000000
00000000
00000000
00000001
00000100
00000000
00000000
00001000
00000100
00000000
00000000
,
00000010
00001000
00010000
00100000
00010000
00001000
00000010
00001000
,
00010000
00100000
00010000
00001000
00000010
00000000
00000000
00000000
,
00011000
00000000
00000000
00000000
01010000
00000000
10000000
01000000
,
00010000
00001000
00000001
00000100
00001000
00000000
00010000
00001000
,
00100000
01000000
00010000
00000010
00000100
00001000
00100000
01000000
,
00010000
00000010
00000100
00001000
00100000
01000000
00010000
00000000
,
00001000
00000000
00000001
00000100
00001000
00010000
10000000
01000000
,
00010000
00001000
00000100
00000000
00000000
00000000
00000000
00000000
,
00000000
00000001
00000011
00001000
,
00001100
00000000
00010000
00000000
00011000
00010000
00100000
00010000
,
00001000
00000010
00001000
00010000
00100000
00000000
00000000
00000000
,
00000000
00010000
00001000
00000000
,
10000000
01000000
00010000
00001000
00010000
01000000
00010000
00001000
,
00000100
00000001
00000100
00001000
00010000
01000000
00010000
00001000
,
00000100
00000001
00000100
00001000
00010000
01000000
10000000
01000000
,
00010000
00000000
00000000
00000000
10000000
00000000
00000000
00000000
10000000
01000000
00000000
00000000
00010000
01000000
00000000
00000000
,
10000000
01000000
00010000
00001000
00010000
00100000
00010000
00001000
,
00000010
00000001
00000100
00001000
00010000
00100000
00010000
00001000
,
00000010
00000001
00000100
00001000
00010000
00100000
10000000
00100000
,
00010000
00000000
00000000
00000000
10000000
00000000
00000000
00000000
10000000
01000000
00000000
00000000
00010000
01000000
00000000
00000000
;

//---------------dance-single - beginner----------------
#NOTES:
     dance-single:
     beginner:
     Beginner:
     1:
     0.167,0.225,0.239,0.000,0.000,82.000,21.000,0.000,0.000,0.000:
0000
0000
0000
0000
,
0000
0000
0000
0000
,
0000
0000
0000
0000
,
0000
0000
0000
0000
,
0000
0000
0000
0000
,
0000
0000
0000
0000
,
1000
0000
1000
0000
,
0100
0000
0100
0000
,
0001
0000
0001
0000
,
1001
0000
1001
0000
,
1000
0000
1000
0000
,
0100
0000
0100
0000
,
0001
0000
0001
0000
,
1001
0000
1001
0000
,
0010
0000
0010
0000
,
0010
0000
0010
0000
,
0110
0000
0000
0000
,
0110
0000
0000
0000
,
0100
0000
0100
0000
,
0100
0000
0100
0000
,
0110
0000
0000
0000
,
0110
0000
0000
0000
,
0001
0000
0001
0000
,
0010
0000
0010
0000
,
1000
0000
1000
0000
,
1001
0000
1001
0000
,
0001
0000
0001
0000
,
0010
0000
0010
0000
,
1000
0000
1000
0000
,
1001
0000
1001
0000
,
0010
0000
0010
0000
,
0010
0000
0010
0000
,
0110
0000
0000
0000
,
0110
0000
0000
0000
,
0100
0000
0100
0000
,
0100
0000
0100
0000
,
0110
0000
0000
0000
,
0110
0000
0000
0000
,
1000
1000
1000
0000
,
0001
0001
0001
0000
,
1001
0000
0000
0000
,
0100
0100
0100
0000
,
1000
0000
1000
0000
,
0100
0000
0100
0000
,
0001
0000
0001
0000
,
1001
0000
1001
0000
,
1000
0000
1000
0000
,
0100
0000
0100
0000
,
0001
0000
0001
0000
,
1001
0000
1001
0000
;
