#TITLE:чен JAPAN;
#SUBTITLE:;
#ARTIST:RE-VENGE;
#TITLETRANSLIT:MATSURI JAPAN;
#SUBTITLETRANSLIT:;
#ARTISTTRANSLIT:;
#CREDIT:;
#BANNER:MATSURI JAPAN.png;
#BACKGROUND:MATSURI JAPAN-bg.png;
#LYRICSPATH:;
#CDTITLE:./CDTITLES/DANCE MANIAX.PNG;
#MUSIC:MATSURI JAPAN.mp3;
#OFFSET:-0.042;
#SAMPLESTART:13.370;
#SAMPLELENGTH:12.000;
#SELECTABLE:YES;
#BPMS:0.000=179.990;
#STOPS:;
#BGCHANGES:;
// cache tags:
#FIRSTBEAT:8.000;
#LASTBEAT:267.500;
#SONGFILENAME:Songs/Techno/MATSURI JAPAN/MATSURI JAPAN.sm;
#HASMUSIC:1;
#HASBANNER:1;
#MUSICLENGTH:95.874;
// end cache tags

//---------------dance-single - ----------------
#NOTES:
     dance-single:
     :
     Easy:
     4:
     0.322,0.313,0.000,0.000,0.000,216.000,0.000,0.000,0.000,0.000:
0000
0000
0000
0000
,
0000
0000
0000
0000
,
1000
1000
0001
0001
,
1000
1000
0001
0001
,
1000
1000
0001
0001
,
1000
1000
0001
0001
,
1000
1000
0001
0001
,
1000
0100
0001
0100
,
1000
1000
1000
1000
,
0000
0000
0000
0000
,
1000
1000
0100
0010
,
0001
0001
1000
1000
,
0010
0010
0100
0001
,
1000
1000
0001
0001
,
0010
0010
0100
1000
,
0001
0001
1000
1000
,
0001
0001
0100
0010
,
1000
1000
0001
0001
,
0010
0100
1000
0100
,
0001
0001
1000
1000
,
0010
0100
0001
0100
,
1000
1000
0001
0001
,
0010
0100
1000
0001
,
1000
1000
0001
0001
,
0100
0010
0001
1000
,
0001
0001
1000
1000
,
0000
0100
0000
0100
,
0000
0010
0000
0010
,
0000
0001
0000
0001
,
0000
1000
0000
1000
,
0000
0100
0000
0100
,
0000
0010
0000
0010
,
0000
0001
0000
0001
,
0000
0100
0000
0100
,
0000
0010
0000
0010
,
0000
1000
0000
1000
,
0000
0001
0000
0001
,
0000
0100
0000
0100
,
0000
0010
0000
0010
,
0000
1000
0000
1000
,
0000
1000
0000
1000
,
0000
1000
0000
1000
,
1000
1000
0100
0100
,
0010
0010
0001
0001
,
0001
0100
1000
0100
,
0001
0001
0001
0001
,
1000
1000
1000
1000
,
0001
0000
0001
0001
,
0001
1000
0100
0001
,
1000
0000
0000
0000
,
0000
0000
0000
0000
,
0010
0100
0001
1000
,
0100
0010
0001
1000
,
0001
0001
0001
0001
,
1000
1000
1000
1000
,
0010
0100
0001
1000
,
0100
0010
0001
1000
,
0001
0001
0001
0001
,
1000
1000
1000
1000
,
0010
0100
0001
1000
,
0100
0010
0001
1000
,
0100
0001
0100
0010
,
1000
1000
1000
1000
,
0001
0100
0010
1000
,
0001
0010
0100
1000
,
0001
0001
0010
0100
,
1000
0001
0100
0010
;

//---------------dance-single - ----------------
#NOTES:
     dance-single:
     :
     Medium:
     5:
     0.423,0.453,0.073,0.000,0.000,277.000,7.000,0.000,0.000,0.000:
0000
0000
0000
0000
,
0000
0000
0000
0000
,
1000
0000
0001
0001
,
1000
0100
0000
0000
0010
0000
0001
0000
,
1000
0100
1000
0000
,
0001
0000
1000
0010
,
0100
0000
0001
0001
,
1000
0100
0000
0000
1001
0000
0000
0000
,
0100
0100
0100
0100
,
0000
0000
0000
0000
,
0001
0010
1000
0100
,
0001
1000
0100
0000
0001
1000
0100
0000
,
0010
0001
1000
0010
,
0001
1000
0100
0000
0001
1000
0100
0000
,
1000
0100
0010
0001
,
0001
1000
0100
0000
0001
1000
0100
0000
,
0010
0001
0100
0010
,
0001
1000
0100
0000
0001
1000
0100
0000
,
0001
1000
0010
0100
,
0001
0100
1000
0000
0001
0100
1000
0000
,
0001
0010
0100
1000
,
0001
0100
1000
0000
0001
0100
1000
0000
,
0010
1000
0001
0010
,
0001
0100
1000
0000
0001
0100
1000
0000
,
0001
0010
0100
1000
,
0001
0100
1000
0000
0001
0100
1000
0000
,
0000
0001
0000
0001
0000
1000
0000
1000
,
0000
0100
0000
0100
0000
0100
0000
0100
,
0000
0010
0000
0010
0000
0001
0000
0001
,
0000
1000
0000
1000
0000
1000
0000
1000
,
0000
0010
0000
0010
0000
0100
0000
0100
,
0000
0001
0000
0001
0000
0001
0000
0001
,
0000
1000
0000
1000
0000
0100
0000
0100
,
0000
0010
0000
0010
0000
0010
0000
0010
,
0000
0001
0000
0001
0000
1000
0000
1000
,
0000
0010
0000
0010
0000
0010
0000
0010
,
0000
0100
0000
0100
0000
0001
0000
0001
,
0000
1000
0000
1000
0000
0100
0000
0100
,
0000
0010
0000
0010
0000
0001
0000
0001
,
0000
1000
0000
1000
0000
0010
0000
0010
,
0000
0100
0000
0001
0000
0010
0000
0100
,
0000
1000
0000
0001
0000
0100
0000
0000
,
1000
0001
1000
0001
,
1000
0001
1000
0001
,
0001
0100
0010
0000
1000
0100
0010
0000
,
0001
1001
0001
0011
,
1000
1010
1000
1001
,
0010
0000
1001
0100
,
0011
0100
0010
1000
,
0001
0000
0000
0000
,
0000
0000
0000
0000
,
0010
0000
0100
0000
1000
0010
1000
0000
,
0001
0000
0010
0000
0100
1000
0100
0000
,
0010
0000
0001
1000
0100
0000
0010
0000
,
1000
0000
0001
1000
0100
0000
0010
0000
,
0001
0000
0100
0000
0010
1000
0010
0000
,
0100
0000
0001
0000
0010
0100
0010
0000
,
0001
0000
1000
0100
0001
0000
1000
0000
,
0001
0000
1000
0100
0001
0000
0010
0000
,
0001
0000
1000
0000
0010
0100
0010
0000
,
1000
0000
0001
0000
0010
0100
0010
0000
,
1000
0000
0001
0000
0100
0010
1000
0000
,
0001
0000
1000
0100
0001
0000
1000
0000
,
0001
0000
0100
0000
0010
1000
0001
0000
,
0010
0000
0100
0000
1000
0001
0100
0000
,
0010
0000
1000
0000
0100
0010
0001
0000
,
1000
0000
0010
0000
0100
0001
0010
0100
;

//---------------dance-single - ----------------
#NOTES:
     dance-single:
     :
     Hard:
     9:
     0.666,0.593,0.000,0.000,0.443,447.000,0.000,0.000,0.000,0.000:
0000
0000
0000
0000
,
0000
0000
0000
0000
,
0010
0000
0000
0010
0001
0000
0000
0001
0100
0000
0000
0100
0010
0000
0000
0010
,
1000
0000
0000
1000
0100
0000
0000
0100
0010
0000
0000
0010
0001
0000
0000
0001
,
1000
0000
0000
1000
0100
0000
0000
0100
0010
0000
0000
0010
0001
0000
0000
0001
,
1000
0000
0000
1000
0010
0000
0000
0010
0100
0000
0000
0100
0001
0000
0000
0001
,
1000
0000
0000
1000
0001
0000
0000
0001
1000
0000
0000
1000
0001
0000
0000
0000
,
0010
0000
0000
0100
1000
0000
0000
0001
0100
0000
0000
0010
1000
0000
0000
0001
,
0010
0000
0000
0100
0010
0000
0000
0100
0010
0000
0000
0100
0010
0000
0000
0100
,
0000
0000
0000
0000
,
0001
1000
0100
0010
0001
0100
0010
0000
,
1000
0000
0000
0000
0001
0100
0000
0000
0010
0000
0000
0000
1000
0100
0000
0000
,
0010
0001
0100
0010
1000
0001
0010
0000
,
0100
0000
0000
0000
1000
0001
0000
0000
0100
0000
0000
0000
0010
1000
0000
0000
,
0100
0010
0001
0100
0010
1000
0001
0000
,
0010
0000
0000
0000
0100
1000
0000
0000
0001
0000
0000
0000
0100
0010
0000
0000
,
1000
0001
0010
0100
1000
0001
0100
0000
,
0010
0000
0000
0000
1000
0001
0000
0000
0010
0000
0000
0000
0100
1000
0000
0000
,
0010
0100
0001
0010
0100
1000
0001
0000
,
0100
0000
0000
0000
0010
1000
0000
0000
0100
0000
0000
0000
0010
0001
0000
0000
,
1000
0100
0010
0001
1000
0010
0100
0000
,
0001
0000
0000
0000
0010
0100
0000
0000
1000
0000
0000
0000
0010
0100
0000
0000
,
0001
0010
0100
1000
0001
0010
0100
0000
,
1000
0000
0000
0000
0001
0100
0000
0000
0010
0000
0000
0000
1000
0001
0000
0000
,
0100
0010
1000
0001
0010
0100
1000
0000
,
0001
0000
0000
0000
0100
0010
0000
0000
1000
0000
0000
0000
0001
0100
0000
0000
,
0010
1000
0100
0010
0001
0010
0100
1000
,
0000
0001
0100
0010
1000
0001
0010
0000
,
0100
1000
0100
0010
0001
1000
0010
0100
,
0000
0001
1000
0100
0010
0001
0100
0000
,
0010
1000
0001
0010
0001
0100
0010
1000
,
0000
0001
0100
0010
1000
0001
0010
0000
,
0100
1000
0001
0100
0010
1000
0100
1000
,
0000
0001
0100
0010
1000
0100
0010
0000
,
0001
1000
0100
1000
0001
0100
0010
1000
,
0000
0001
0010
0100
1000
0001
0100
0000
,
0010
1000
0100
0010
0001
1000
0001
0100
,
0000
0010
1000
0100
0010
0001
0100
0000
,
0010
1000
0010
0100
0001
0010
0001
0100
,
0000
0010
1000
0001
0010
0100
1000
0000
,
0001
0100
0010
1000
0001
0010
0100
1000
,
0000
0001
0010
0100
1000
0010
0100
0000
,
0001
1000
0001
1000
,
0001
0000
0000
0001
1000
0000
0000
1000
0001
0000
0000
0001
1000
0000
0000
0000
,
0010
0000
0000
0100
0001
0000
0000
0010
0100
0000
0000
1000
0010
0000
0000
0100
,
0001
0000
0000
1000
0001
0000
0000
1000
0001
0000
0000
1000
0001
0000
0000
1000
,
0010
0000
0000
0100
0010
0000
0000
0100
0010
0000
0000
0100
0010
0000
0000
0100
,
0001
0000
1000
0000
0000
0000
0000
0001
1000
0000
0000
0001
1000
0000
0000
0001
,
1000
0000
0000
0001
0010
0000
0000
0010
0100
0000
0000
0100
1000
0000
0000
1000
,
0001
0000
0000
0000
,
0000
0000
0000
0000
,
0010
0100
1000
0010
0100
0001
0010
0100
,
1000
0001
0100
0010
1000
0001
0100
0000
,
0010
0000
0000
0100
0010
0000
0000
0100
0010
0000
0000
0100
0010
0000
0000
0100
,
0001
0000
0000
0010
0001
0000
0000
0010
0001
0000
0000
0010
0001
0000
0000
0010
,
0100
1000
0010
0100
0001
1000
0100
0010
,
0001
0100
0010
1000
0001
0100
0010
0000
,
1000
0000
0000
0100
1000
0000
0000
0100
1000
0000
0000
0100
1000
0000
0000
0100
,
0010
0000
0000
0001
0010
0000
0000
0001
0010
0000
0000
0001
0010
0000
0000
0001
,
1000
0010
0100
0001
1000
0001
0010
0100
,
1000
0001
0100
0010
1000
0100
0010
0001
,
1000
0010
1000
0001
0010
0100
1000
0000
,
0001
0000
0000
0100
0001
0000
0000
0100
0001
0000
0000
0100
0001
0000
0000
0100
,
0010
1000
0001
0010
0100
1000
0001
0100
,
0010
1000
0100
0010
0001
1000
0010
0100
,
0001
1000
0100
0001
0100
1000
0010
0100
,
0001
1000
0100
0010
0001
1000
0010
0100
;

//---------------dance-double - ----------------
#NOTES:
     dance-double:
     :
     Easy:
     4:
     0.332,0.313,0.167,0.000,0.000,207.000,16.000,0.000,0.000,0.000:
00000000
00000000
00000000
00000000
,
00000000
00000000
00000000
00000000
,
10000000
10000000
00100000
00100000
,
00010000
00010000
00001000
00001000
,
00000100
00000100
00000001
00000001
,
00000010
00000010
00001000
00001000
,
00010000
00010000
01000000
01000000
,
10000000
00100000
00010000
01000000
,
00010000
00001000
00000010
00000001
,
00000000
00000000
00000000
00000000
,
00001000
00001000
00000100
00000100
,
00011000
00000000
00011000
00000000
,
00100000
00100000
10000000
10000000
,
10010000
00000000
10010000
00000000
,
00100000
00100000
00001000
00001000
,
00011000
00000000
00011000
00000000
,
00000010
00000010
00000001
00000001
,
00001001
00000000
00001001
00000000
,
00000010
00010000
00001000
01000000
,
10010000
00000000
10010000
00000000
,
00100000
00001000
00010000
00000100
,
00001001
00000000
00001001
00000000
,
00000100
00001000
00010000
00100000
,
10010000
00000000
10010000
00000000
,
01000000
00010000
00001000
00000010
,
00001001
00000000
00001001
00000000
,
00000010
00000000
00000010
00000000
,
00010000
00001000
00010000
00000000
,
00100000
00000000
00100000
00000000
,
00001000
00010000
00001000
00000000
,
00000100
00000000
00000100
00000000
,
00010000
00001000
00010000
00000000
,
00100000
00000000
00100000
00000000
,
00010000
00000000
00010000
00000000
,
01000000
00000000
01000000
00000000
,
00001000
00010000
00001000
00000000
,
00000010
00000000
00000010
00000000
,
00010000
00001000
00010000
00000000
,
01000000
00000000
01000000
00000000
,
00001000
00010000
00001000
00000000
,
00000010
00000000
00000010
00000000
,
00010000
00001000
00010000
00000000
,
00100000
00100000
01000000
01000000
,
10000000
10000000
00010000
00010000
,
00100000
10000000
01000000
00010000
,
00010000
00001000
00000010
00000001
,
00000100
00001000
00010000
00100000
,
10000000
00000000
01000000
00010000
,
00001000
00000010
00000001
00000100
,
00001000
00000000
00000000
00000000
,
00000000
00000000
00000000
00000000
,
00010000
00001000
00100000
00010000
,
10000000
01000000
00100000
00010000
,
00010000
00001000
00000010
00000001
,
00000100
00001000
00010000
00100000
,
10000000
01000000
00010000
00100000
,
10000000
01000000
00010000
00100000
,
00010000
00001000
00000010
00000001
,
00000100
00001000
00010000
00100000
,
10000000
01000000
00010000
00100000
,
10000000
01000000
00010000
00100000
,
10000000
01000000
00010000
00100000
,
00010000
00001000
00000010
00000001
,
00001000
00000100
00000001
00000010
,
00001000
00000100
00001000
00010000
,
00100000
10000000
01000000
00010000
,
00001000
00000010
00000001
00000100
;

//---------------dance-double - ----------------
#NOTES:
     dance-double:
     :
     Medium:
     6:
     0.426,0.383,0.000,0.000,0.000,286.000,0.000,0.000,0.000,0.000:
00000000
00000000
00000000
00000000
,
00000000
00000000
00000000
00000000
,
10000000
00000000
00010000
00000000
01000000
00100000
01000000
00000000
,
00010000
00000000
01000000
00001000
,
00010000
00000010
00010000
00000000
00001000
00000000
00000000
00000000
,
00010000
00000000
00000100
00000000
00000010
00000001
00000010
00000000
,
00000100
00000000
00010000
00001000
,
00100000
00010000
00100000
00000000
10000000
01000000
10000000
00000000
,
00010000
01000000
00001000
00010000
,
00000000
00000000
00000000
00000000
,
00000010
00000100
00000001
00000010
,
00000100
00001000
00000100
00000000
00010000
00001000
00010000
00000000
,
00100000
10000000
00010000
01000000
,
00100000
10000000
00100000
00000000
01000000
00010000
01000000
00000000
,
00100000
00010000
00001000
00000010
,
00000001
00001000
00000001
00000000
00000010
00000100
00000010
00000000
,
00000001
00001000
00000010
00010000
,
00000100
00001000
00000100
00000000
00010000
00001000
00010000
00000000
,
00000100
00000010
00001000
00010000
,
00100000
10000000
00100000
00000000
01000000
00010000
01000000
00000000
,
00001000
00010000
00000010
00001000
,
00000001
00000010
00000001
00000000
00001000
00000100
00001000
00000000
,
00000010
00010000
00001000
01000000
,
00010000
10000000
01000000
00000000
00100000
00010000
01000000
00000000
,
00001000
00000010
00000001
00001000
,
00000010
00000100
00000001
00000000
00001000
00000100
00000010
00000000
,
00000001
00000100
00000010
00001000
,
00000100
00010000
00001000
00100000
,
00010000
10000000
00100000
01000000
,
00010000
00100000
00001000
00010000
,
00000100
00000010
00000001
00001000
,
00000100
00000010
00000001
00000100
,
00000010
00001000
00000001
00000100
,
00000001
00000100
00000001
00000100
,
00000010
00001000
00000100
00010000
,
00001000
00100000
00010000
10000000
,
01000000
00100000
00001000
00010000
,
00000100
00000010
00000001
00000100
,
00000010
00001000
00000001
00000010
,
00000100
00010000
00001000
00100000
,
00010000
10000000
00100000
01000000
,
00010000
00100000
01000000
00010000
,
00001000
00010000
00001000
00010000
,
00001000
00010000
00001000
00010000
,
00100000
10000000
00010000
00000000
00100000
01000000
10000000
00000000
,
00010000
01000000
00001000
00010000
,
00000100
00001000
00010000
00001000
,
00100000
00100000
00000000
00000000
10000000
00000000
00010000
00000000
,
01000000
00000000
00100000
00000000
10000000
00000000
01000000
00100000
,
01000000
00000000
00000000
00000000
,
00000000
00000000
00000000
00000000
,
00010000
00000000
01000000
00000000
00001000
00010000
00000010
00000000
,
00001000
00000000
00000100
00000000
00010000
00001000
00100000
00000000
,
00010000
10000000
01000000
00000000
00010000
00000000
00010000
00000000
,
01000000
00001000
00010000
00000000
00000010
00000000
00000010
00000000
,
00001000
00000000
00000100
00000000
00010000
00001000
00100000
00000000
,
00010000
00000000
01000000
00000000
00001000
00010000
00000010
00000000
,
00001000
00000100
00000001
00000000
00001000
00000000
00001000
00000000
,
00000010
00010000
00001000
00000000
01000000
00000000
01000000
00000000
,
00100000
00000000
10000000
00000000
01000000
00100000
00010000
00000000
,
01000000
00000000
00100000
00000000
00010000
00001000
00010000
00000000
,
00000010
00000000
00000001
00000000
00001000
00000100
00000010
00000000
,
00000001
00001000
00000100
00000000
00010000
00000000
00010000
00000000
,
00001000
00000000
00100000
00000000
00010000
10000000
00100000
00000000
,
01000000
00000000
00001000
00000000
00010000
00100000
01000000
00000000
,
00001000
00000000
00010000
00000000
00000010
00001000
00000100
00000000
,
00010000
00000000
00001000
00000000
00100000
00010000
01000000
00000000
;

//---------------dance-double - ----------------
#NOTES:
     dance-double:
     :
     Hard:
     8:
     0.542,0.592,0.156,0.000,0.136,349.000,15.000,0.000,0.000,0.000:
00000000
00000000
00000000
00000000
,
00000000
00000000
00000000
00000000
,
10000000
01000000
00100000
00010000
00100000
01000000
10000000
00000000
,
00010000
01000000
00001000
00010000
00000010
00001000
00000100
00000000
,
00000010
00000001
00001000
00000100
00001000
00000001
00000010
00000000
,
00000100
00010000
00001000
00100000
00010000
01000000
00100000
00000000
,
10000000
00010000
00100000
01000000
10000000
00010000
01000000
00100000
,
10000000
01000000
00100000
00000000
00010000
01000000
00100000
00000000
,
10010000
01001000
00010010
00001001
,
00000000
00000000
00000000
00000000
,
00000010
00000000
00000000
00000100
00000000
00000000
00010000
00000000
,
00001000
00100000
00010000
10000000
00100000
01000000
00010000
00000000
,
00100000
00000000
00000000
00001000
00000000
00000000
00010000
00000000
,
00000010
00001000
00000001
00000010
00000100
00001000
00000010
00000000
,
00000100
00000000
00000000
00000001
00000000
00000000
00000010
00000000
,
00000100
00010000
00001000
00100000
00010000
10000000
00100000
00000000
,
01000000
00000000
00000000
00010000
00000000
00000000
00100000
00000000
,
01000000
10000000
00010000
01000000
00100000
10000000
01000000
00000000
,
00010000
00000000
00000000
00001000
00000000
00000000
00000100
00000000
,
00000001
00001000
00000100
00000010
00000001
00001000
00000100
00000000
,
00010000
00000000
00000000
00100000
00000000
00000000
10000000
00000000
,
01000000
00100000
00010000
01000000
00100000
10000000
00010000
00000000
,
00100000
00000000
00000000
00001000
00000000
00000000
00010000
00000000
,
00000100
00000010
00000001
00001000
00000010
00000100
00000001
00000000
,
00001000
00000000
00000000
00000100
00000000
00000000
00010000
00000000
,
00001000
00100000
00010000
01000000
00001000
00010000
00000010
00000000
,
00001000
00000000
00000001
00000000
00000001
00000000
00001000
00000010
,
00000100
00000001
00000010
00000100
00001000
00000000
00000010
00000000
,
00010000
00000000
00001000
00000000
00001000
00000000
01000000
00100000
,
10000000
01000000
00100000
00010000
01000000
00001000
00010000
00000000
,
00000010
00000000
00000100
00000000
00000010
00000000
00001000
00000100
,
00001000
00000010
00000100
00000001
00001000
00000000
00000001
00000000
,
00000010
00000000
00000100
00000000
00000100
00000000
00001000
00000010
,
00010000
00001000
00100000
00010000
10000000
01000000
00100000
00000000
,
00010000
00000000
01000000
00000000
00001000
00000000
00010000
00000010
,
00001000
00000100
00010000
00001000
00100000
00000000
00010000
00000000
,
10000000
00000000
00100000
00000000
00100000
00000000
01000000
00010000
,
00100000
01000000
10000000
00010000
00100000
00001000
00010000
00000000
,
00000010
00000000
00010000
00000000
00001000
00000000
01000000
00001000
,
00010000
00000010
00001000
00000100
00000010
00000000
00000001
00000000
,
00001000
00000000
00000010
00000000
00000010
00000000
00000100
00000001
,
00001000
00000100
00000010
00001000
00010000
00100000
01000000
00000000
,
00010000
10000000
00010000
10000000
00010000
10000000
00010000
10000000
,
00010000
10000000
00010000
10000000
00010000
10000000
00010000
10000000
,
00100000
01000000
00010000
00000000
10000000
01000000
00100000
00000000
,
10010000
01001000
00010010
00001001
,
00001001
00010100
00101000
10010000
,
10000000
01000000
00000000
00000000
00110000
00000000
00011000
00000000
,
00001100
00000000
00000010
00000001
00000100
00000000
00000010
00001000
,
00000100
00000000
00000000
00000000
,
00000000
00000000
00000000
00000000
,
00010000
00000000
00000000
00000000
00001000
00000000
00000000
00100000
00010000
00000000
00000000
00000000
10000000
00000000
00000000
01000000
,
00100000
00000000
00000000
01000000
00100000
00000000
00000000
00000000
00010000
00000000
00000000
00000000
01000000
00000000
00000000
00000000
,
00001000
00000000
00000000
00000000
00010000
00000000
00000000
00000010
00001000
00000000
00000000
00000000
00000001
00000000
00000000
00000010
,
00000100
00000000
00000000
00000010
00000100
00000000
00000000
00000000
00001000
00000000
00000000
00000000
00000001
00000000
00000000
00000000
,
00000100
00000000
00000000
00000000
00000010
00000000
00000000
00001000
00000100
00000000
00000000
00000000
00010000
00000000
00000000
00001000
,
00100000
00000000
00000000
00001000
00100000
00000000
00000000
00000000
00010000
00000000
00000000
00000000
10000000
00000000
00000000
00000000
,
00100000
00000000
00000000
00000000
01000000
00000000
00000000
00010000
00100000
00000000
00000000
00000000
00001000
00000000
00000000
00010000
,
00000100
00000000
00000000
00010000
00000100
00000000
00000000
00000000
00001000
00000000
00000000
00000000
00000010
00000000
00000000
00000000
,
00000100
00000000
00000000
00000000
00000001
00000000
00000000
00000010
00000100
00000000
00000000
00000000
00001000
00000000
00000000
00000010
,
00010000
00000000
00000000
00000010
00010000
00000000
00000000
00000000
00001000
00000000
00000000
00000000
01000000
00000000
00000000
00000000
,
00010000
00000000
00000000
00000000
10000000
00000000
00000000
01000000
00100000
00000000
00000000
00000000
00010000
00000000
00000000
00001000
,
01000000
00000000
00000000
00001000
01000000
00000000
00000000
00000000
00010000
00000000
00000000
00000000
00000010
00000000
00000000
00000000
,
00001000
00000000
00000000
00000000
00000100
00000000
00000000
00010000
00001000
00000000
00000000
00000000
00100000
00000000
00000000
00010000
,
10000000
00000000
00000000
00010000
10000000
00000000
00000000
00000000
00100000
00000000
00000000
00000000
01000000
00000000
00000000
00000000
,
00010000
00000000
00000000
00000000
00100000
00000000
00000000
00001000
00010000
00000000
00000000
00000000
00000100
00000000
00000000
00001000
,
00000001
00000000
00000000
00000100
00000010
00000000
00000000
00001000
00000100
00000000
00000000
00010000
00001000
00000000
00000000
00000000
;

//---------------dance-single - beginner----------------
#NOTES:
     dance-single:
     beginner:
     Beginner:
     2:
     0.173,0.209,0.000,0.000,0.000,116.000,0.000,0.000,0.000,0.000:
0000
0000
0000
0000
,
0000
0000
0000
0000
,
1000
1000
0000
0000
,
0001
0001
0000
0000
,
1000
1000
0000
0000
,
0001
0001
0000
0000
,
1000
1000
0000
0000
,
0001
0001
0000
0000
,
1000
1000
1000
1000
,
0000
0000
0000
0000
,
1000
0000
0000
0000
,
0010
0000
0000
0000
,
0001
0000
0000
0000
,
0010
0000
0000
0000
,
1000
0000
0000
0000
,
0010
0000
0000
0000
,
0001
0000
0000
0000
,
0010
0000
0000
0000
,
1000
0000
0000
0000
,
0100
0000
0000
0000
,
0001
0000
0000
0000
,
0100
0000
0000
0000
,
1000
0000
0000
0000
,
0100
0000
0000
0000
,
0001
0000
0000
0000
,
0100
0000
0000
0000
,
0000
0100
0000
0100
,
0000
0010
0000
0010
,
0000
0100
0000
0100
,
0000
0010
0000
0010
,
0000
0100
0000
0100
,
0000
0010
0000
0010
,
0000
0100
0000
0100
,
0000
0010
0000
0010
,
0000
0010
0000
0010
,
0000
1000
0000
1000
,
0000
0100
0000
0100
,
0000
0001
0000
0001
,
0000
0010
0000
0010
,
0000
1000
0000
1000
,
0000
0100
0000
0100
,
0000
0001
0000
0001
,
0000
0000
0000
0000
,
0000
0000
0000
0000
,
0001
0000
0001
0000
,
0001
0001
0001
0001
,
0000
1000
1000
1000
,
0000
0000
1000
1000
,
1000
0000
1000
0000
,
1000
0000
0000
0000
,
0000
0000
0000
0000
,
0010
0000
0001
0000
,
0001
0000
0100
0000
,
0001
0001
0001
0001
,
0000
1000
1000
1000
,
0000
0100
0000
1000
,
0000
1000
0000
0010
,
0000
0001
0001
0001
,
0000
1000
1000
1000
,
0000
0100
0000
0100
,
0000
0010
0000
0010
,
0000
0100
0000
0100
,
0000
1000
1000
1000
,
0000
0100
0000
0100
,
0000
0010
0000
0010
,
0000
0100
0000
0100
,
0000
0010
0000
0010
;
