#TITLE:NIGHT IN MOTION;
#SUBTITLE:;
#ARTIST:CUBIC22;
#TITLETRANSLIT:;
#SUBTITLETRANSLIT:;
#ARTISTTRANSLIT:;
#CREDIT:;
#BANNER:NIGHT IN MOTION.png;
#BACKGROUND:NIGHT IN MOTION-bg.png;
#LYRICSPATH:;
#CDTITLE:./CDTITLES/DANCE MANIA EARTH.PNG;
#MUSIC:NIGHT IN MOTION.mp3;
#OFFSET:-0.038;
#SAMPLESTART:62.060;
#SAMPLELENGTH:12.000;
#SELECTABLE:YES;
#BPMS:0.000=131.080,80.000=131.170;
#STOPS:;
#BGCHANGES:;
// cache tags:
#FIRSTBEAT:14.000;
#LASTBEAT:199.000;
#SONGFILENAME:Songs/DDI/NIGHT IN MOTION/NIGHT IN MOTION.sm;
#HASMUSIC:1;
#HASBANNER:1;
#MUSICLENGTH:92.687;
// end cache tags

//---------------dance-single - ----------------
#NOTES:
     dance-single:
     :
     Easy:
     3:
     0.281,0.322,0.097,0.000,0.000,173.000,9.000,0.000,0.000,0.000:  // measure 1
0000
0000
0000
0000
,  // measure 2
0000
0000
0000
0000
,  // measure 3
0000
0000
0000
0000
,  // measure 4
0000
0000
1001
0000
,  // measure 5
0010
0010
0100
0010
,  // measure 6
1000
1000
0001
0001
,  // measure 7
0010
0010
0100
0010
,  // measure 8
0001
0001
0001
1000
,  // measure 9
0010
0010
0100
0010
,  // measure 10
1000
1000
0001
0001
,  // measure 11
0010
0010
0100
0010
,  // measure 12
0001
0001
0001
0001
,  // measure 13
0010
0100
1000
0001
,  // measure 14
0010
0100
1000
0001
,  // measure 15
0010
0100
1000
0001
,  // measure 16
0100
0010
0100
0010
,  // measure 17
1000
0001
0010
0100
,  // measure 18
1000
0001
0010
0100
,  // measure 19
1000
0001
0010
0100
,  // measure 20
1000
0010
0100
0001
,  // measure 21
0010
0000
0010
0000
,  // measure 22
0010
0000
0010
0000
,  // measure 23
1001
0000
0100
0000
,  // measure 24
0100
0000
0100
0000
,  // measure 25
0010
0001
1000
1000
,  // measure 26
0010
0100
0001
1000
,  // measure 27
0100
0010
0001
0001
,  // measure 28
1000
0010
0100
0001
,  // measure 29
1000
0100
0010
0010
,  // measure 30
0001
1000
0010
0100
,  // measure 31
0001
0010
0100
0100
,  // measure 32
1000
0010
0100
0001
,  // measure 33
1000
0000
0001
0000
,  // measure 34
1000
0000
1001
0000
,  // measure 35
0010
0100
0010
0010
,  // measure 36
1000
0001
1000
1000
,  // measure 37
0010
0100
0001
1000
,  // measure 38
0100
0100
0100
0010
,  // measure 39
0001
1000
0010
0010
,  // measure 40
0100
0100
0100
0010
,  // measure 41
1000
0001
0010
0010
,  // measure 42
0100
1000
0001
0100
,  // measure 43
0010
0010
0010
1001
,  // measure 44
0100
0100
0100
1001
,  // measure 45
0010
1001
0100
1001
,  // measure 46
0010
0010
0010
1001
,  // measure 47
0100
0100
0010
0010
,  // measure 48
1000
0100
0001
0100
,  // measure 49
0010
0010
1000
0100
,  // measure 50
0010
0001
1000
1001
;

//---------------dance-single - ----------------
#NOTES:
     dance-single:
     :
     Medium:
     6:
     0.435,0.483,0.615,0.000,0.000,225.000,57.000,0.000,0.000,0.000:  // measure 1
0000
0000
0000
0000
,  // measure 2
0000
0000
0000
0000
,  // measure 3
0000
0000
0000
0000
,  // measure 4
0000
0000
1001
0000
,  // measure 5
0110
0000
1001
0000
0010
0100
0001
0000
,  // measure 6
1100
0000
1100
0000
0001
0100
0010
0000
,  // measure 7
1001
0000
0110
0000
0001
1000
0100
0000
,  // measure 8
0101
0000
0101
0000
1000
0100
0010
0000
,  // measure 9
1001
0000
0110
0000
0001
1000
0100
0000
,  // measure 10
0101
0000
1100
0000
0010
0001
0100
0000
,  // measure 11
1010
0000
0101
0000
0010
1000
0100
0000
,  // measure 12
0011
0000
1100
0000
0001
0100
0010
0000
,  // measure 13
1000
0000
0100
0000
0010
0001
0010
0000
,  // measure 14
0100
0000
1000
0000
0010
0100
0010
0000
,  // measure 15
1000
0000
0001
0000
0010
0100
0010
0000
,  // measure 16
0001
0000
0100
0000
0010
1000
0010
0000
,  // measure 17
0100
0000
0001
0000
1000
0100
1000
0000
,  // measure 18
0010
0000
0100
0000
0001
0010
0001
0000
,  // measure 19
1000
0000
0100
0000
0010
0001
0010
0000
,  // measure 20
0100
0000
1000
0000
0010
0100
0010
0000
,  // measure 21
1000
1000
0000
0100
,  // measure 22
0010
0010
0000
0001
,  // measure 23
1000
1000
0010
0000
,  // measure 24
0100
0100
0000
0001
,  // measure 25
1000
0100
0010
0000
0001
0000
0100
0000
,  // measure 26
0010
1000
0100
0000
0010
0000
0001
0000
,  // measure 27
1000
0010
0100
0000
0001
0000
0010
0000
,  // measure 28
0100
1000
0001
0000
0100
0000
0010
0000
,  // measure 29
1000
0100
0010
0000
0001
0000
1000
0000
,  // measure 30
0010
0100
0001
0000
1000
0000
0100
0000
,  // measure 31
0010
0001
0100
0000
0010
0000
1000
0000
,  // measure 32
0100
0010
0001
0000
1000
0000
0010
0000
,  // measure 33
0100
0001
0100
0000
0010
1000
0100
0000
,  // measure 34
0010
0001
0100
0000
0010
1000
0001
0000
,  // measure 35
0110
0000
1001
0000
0010
0100
0001
0000
,  // measure 36
1100
0000
1100
0000
0001
0100
0010
0000
,  // measure 37
1001
0000
0110
0000
0001
1000
0100
0000
,  // measure 38
0101
0000
0101
0000
1000
0100
0010
0000
,  // measure 39
1001
0000
0110
0000
0001
1000
0100
0000
,  // measure 40
0101
0000
1100
0000
0010
0001
0100
0000
,  // measure 41
1010
0000
0101
0000
0010
1000
0100
0000
,  // measure 42
0011
0000
1100
0000
0001
0100
0010
0000
,  // measure 43
1001
0000
1100
0000
0101
1000
0100
0000
,  // measure 44
1001
0000
0110
0000
1001
0100
0010
0000
,  // measure 45
1001
0000
1100
0000
0101
1000
0010
0000
,  // measure 46
0101
0000
0011
0000
1100
0001
0100
0000
,  // measure 47
0110
0000
1001
0000
0110
0001
1000
0000
,  // measure 48
1100
0000
0101
0000
1010
0100
0010
0000
,  // measure 49
1001
0000
0110
0000
1100
0010
0001
0000
,  // measure 50
0101
0000
1010
0000
0100
0010
1001
0000
;

//---------------dance-single - ----------------
#NOTES:
     dance-single:
     :
     Hard:
     7:
     0.538,0.698,0.895,0.000,0.297,266.000,83.000,0.000,0.000,0.000:  // measure 1
0000
0000
0000
0000
,  // measure 2
0000
0000
0000
0000
,  // measure 3
0000
0000
0000
0000
,  // measure 4
0000
0000
0000
0000
1000
0001
1000
0000
,  // measure 5
0010
0000
0000
0010
0000
0000
0010
0000
0000
0000
0100
0000
0001
0000
0010
0000
,  // measure 6
0100
0000
0000
0100
0000
0000
0100
0000
0000
0000
1000
0000
0001
0000
0100
0000
,  // measure 7
0010
0000
0000
0010
0000
0000
0010
0000
0000
0000
1000
0000
0100
0000
0010
0000
,  // measure 8
0001
0000
0000
0001
0000
0000
0001
0000
0000
0000
1000
0000
0010
0000
0100
0000
,  // measure 9
0001
0000
0000
1000
0000
0000
0100
0000
0000
0000
0010
0000
0001
0000
0100
0000
,  // measure 10
0010
0000
0000
1000
0000
0000
0100
0000
0000
0000
0010
0000
0001
0000
1000
0000
,  // measure 11
0010
0000
0000
0100
0000
0000
0001
0000
0000
0000
1000
0000
0100
0000
0010
0000
,  // measure 12
0001
0000
0000
1000
0000
0000
0010
0000
0000
0000
0100
0000
0001
0000
0000
0000
,  // measure 13
0000
0000
1000
0000
0000
0010
0000
0000
0100
0000
0000
0100
0000
0000
0001
0000
,  // measure 14
0000
0000
0010
0000
0000
0100
0000
0000
1000
0000
0000
1000
0000
0000
0001
0000
,  // measure 15
0000
0000
0100
0000
0000
0010
0000
0000
1000
0000
0000
1000
0000
0000
0100
0000
,  // measure 16
0000
0000
0010
0000
0000
0001
0000
0000
0100
0000
0000
0100
0000
0000
0010
0000
,  // measure 17
0000
0000
1000
0000
0000
0100
0000
0000
0010
0000
0000
0010
0000
0000
0001
0000
,  // measure 18
0000
0000
0100
0000
0000
0010
0000
0000
1000
0000
0000
1000
0000
0000
0100
0000
,  // measure 19
0000
0000
0010
0000
0000
0001
0000
0000
1000
0000
0000
1000
0000
0000
0100
0000
,  // measure 20
0000
0000
0010
0000
0000
0001
0000
0000
1000
0000
0000
0000
0000
0000
0000
0000
,  // measure 21
1001
0000
1001
0000
0000
1100
0000
0000
,  // measure 22
0011
0000
0011
0000
0000
0101
0000
0000
,  // measure 23
1010
0000
1010
0000
0000
1100
0000
0000
,  // measure 24
1001
0000
1001
0000
0000
0110
0000
0000
,  // measure 25
1000
0000
0001
0000
0010
0100
0000
0000
1000
0000
0000
0001
0000
0000
0100
0000
,  // measure 26
0010
0000
1000
0000
0100
0010
0000
0000
0001
0000
0000
1000
0000
0000
0010
0000
,  // measure 27
0100
0000
0001
0000
1000
0100
0000
0000
0010
0000
0000
0001
0000
0000
0100
0000
,  // measure 28
0010
0000
1000
0000
0001
0010
0000
0000
0100
0000
0000
1000
0000
0000
0001
0000
,  // measure 29
0100
0000
0010
0000
1000
0100
0000
0000
0010
0000
0000
0001
0000
0000
0100
0000
,  // measure 30
0010
0000
1000
0000
0100
0010
0000
0000
0001
0000
0000
1000
0000
0000
0010
0000
,  // measure 31
0100
0000
0001
0000
0010
0100
0000
0000
1000
0000
0000
0010
0000
0000
0100
0000
,  // measure 32
0001
0000
1000
0000
0100
0010
0000
0000
0001
0000
0000
0100
0000
0000
0010
0000
,  // measure 33
1000
1000
1000
0100
0010
0001
1000
0010
,  // measure 34
0100
0001
1000
0100
0010
0001
0100
0000
,  // measure 35
1001
0000
0000
1001
0000
0000
1001
0000
0000
0000
0100
0000
0010
0000
0001
0000
,  // measure 36
1001
0000
0000
1001
0000
0000
1001
0000
0000
0000
0100
0000
0010
0000
0001
0000
,  // measure 37
0101
0000
0000
0101
0000
0000
0101
0000
0000
0000
0010
0000
1000
0000
0100
0000
,  // measure 38
0110
0000
0000
0110
0000
0000
0110
0000
0000
0000
0001
0000
1000
0000
0100
0000
,  // measure 39
0110
0000
0000
0110
0000
0000
0110
0000
0000
0000
0001
0000
0100
0000
0010
0000
,  // measure 40
1010
0000
0000
1010
0000
0000
1010
0000
0000
0000
0100
0000
0010
0000
0001
0000
,  // measure 41
1001
0000
0000
1001
0000
0000
1001
0000
0000
0000
0100
0000
0010
0000
0001
0000
,  // measure 42
0101
0000
0000
0101
0000
0000
0101
0000
0000
0000
0010
0000
1000
0000
0100
0000
,  // measure 43
0011
0000
0000
0101
0000
0000
1001
0000
0000
0000
1100
0000
1100
0000
1100
0000
,  // measure 44
1001
0000
0000
0101
0000
0000
1010
0000
0000
0000
1100
0000
1100
0000
1100
0000
,  // measure 45
0011
0000
0000
0101
0000
0000
1001
0000
0000
0000
1010
0000
1010
0000
1010
0000
,  // measure 46
1100
0000
0000
1001
0000
0000
0101
0000
0000
0000
0110
0000
0110
0000
0110
0000
,  // measure 47
1001
0000
0000
1100
0000
0000
0101
0000
0000
0000
1010
0000
1010
0000
1010
0000
,  // measure 48
0110
0000
0000
0101
0000
0000
1100
0000
0000
0000
0011
0000
0011
0000
0011
0000
,  // measure 49
1100
0000
0000
1001
0000
0000
0110
0000
0000
0000
1001
0000
1001
0000
1001
0000
,  // measure 50
0110
0000
0000
0101
0000
0000
0011
0000
0000
0000
1100
0000
0101
0000
0000
0000
;

//---------------dance-double - ----------------
#NOTES:
     dance-double:
     :
     Easy:
     4:
     0.291,0.349,0.281,0.000,0.000,163.000,26.000,0.000,0.000,0.000:  // measure 1
00000000
00000000
00000000
00000000
,  // measure 2
00000000
00000000
00000000
00000000
,  // measure 3
00000000
00000000
00000000
00000000
,  // measure 4
00000000
00000000
10010000
01100000
,  // measure 5
00001000
00010000
00000100
00000010
,  // measure 6
00000001
00000100
00000001
00000100
,  // measure 7
00001000
00000100
00010000
00001000
,  // measure 8
00100000
01000000
00100000
01000000
,  // measure 9
10010000
01000000
00001000
00010000
,  // measure 10
00000010
00000100
00000010
00000100
,  // measure 11
00001001
00000100
00010000
00001000
,  // measure 12
00100000
00010000
10000000
01000000
,  // measure 13
00100000
00001000
00010000
00000000
,  // measure 14
00000010
00000100
00000001
00000000
,  // measure 15
00000010
00000100
00010000
00000000
,  // measure 16
00001000
01000000
00100000
00000000
,  // measure 17
10000000
01000000
00100000
00000000
,  // measure 18
00001000
00010000
00000100
00000000
,  // measure 19
00000010
00000001
00000100
00000000
,  // measure 20
00000010
00010000
00001000
00000000
,  // measure 21
00011000
00000000
00000000
00000000
,  // measure 22
10010000
00000000
00000000
00000000
,  // measure 23
00011000
00000000
00000000
00000000
,  // measure 24
00001001
00000000
00000000
00000000
,  // measure 25
00000010
00000100
00010000
00010000
,  // measure 26
00001000
01000000
00100000
10000000
,  // measure 27
01000000
00100000
00001000
00001000
,  // measure 28
00010000
00000100
00000010
00000001
,  // measure 29
00000100
00000010
00010000
00010000
,  // measure 30
00001000
00100000
01000000
10000000
,  // measure 31
00010000
01000000
00001000
00001000
,  // measure 32
00010000
00000010
00000100
00000001
,  // measure 33
00001000
00000000
00001000
00000000
,  // measure 34
00001000
00000000
00000110
00001001
,  // measure 35
00000100
00010000
00001000
01000000
,  // measure 36
00100000
10000000
01000000
10010000
,  // measure 37
01000000
00001000
00010000
00000100
,  // measure 38
00000010
00000001
00000100
00000110
,  // measure 39
00001000
00000100
00010000
00001000
,  // measure 40
00100000
00010000
10000000
01100000
,  // measure 41
00010000
01000000
00001000
00010000
,  // measure 42
00000100
00001000
00000001
00000110
,  // measure 43
00001001
00000100
00010000
00011000
,  // measure 44
00100000
01000000
10000000
10010000
,  // measure 45
01100000
00001000
00010000
00011000
,  // measure 46
00000100
00000010
00000001
00001001
,  // measure 47
00000110
00010000
00001000
00011000
,  // measure 48
00100000
01000000
10000000
10010000
,  // measure 49
01000000
00100000
10000000
10010000
,  // measure 50
01000000
00001000
00011000
00001001
;

//---------------dance-double - ----------------
#NOTES:
     dance-double:
     :
     Medium:
     6:
     0.376,0.429,0.313,0.000,0.000,215.000,29.000,0.000,0.000,0.000:  // measure 1
00000000
00000000
00000000
00000000
,  // measure 2
00000000
00000000
00000000
00000000
,  // measure 3
00000000
00000000
00000000
00000000
,  // measure 4
00000000
00000000
00011000
00001010
,  // measure 5
00000001
00000000
00000100
00000000
00000010
00001000
00000100
00000000
,  // measure 6
00010000
00000000
00001000
00000000
00100000
00010000
01000000
00000000
,  // measure 7
00100000
00000000
10000000
00000000
01000000
00100000
00001000
00000000
,  // measure 8
00010000
00000000
00000100
00000000
00000010
00000001
00001000
00000000
,  // measure 9
00000100
00000000
00010000
00000000
00001000
00100000
00010000
00000000
,  // measure 10
10000000
00000000
01000000
00000000
00100000
00001000
00010000
00000100
,  // measure 11
00001000
00000000
00000001
00000000
00000100
00000010
00001000
00000000
,  // measure 12
00000100
00000000
00010000
00000000
00001000
00100000
00010000
10000000
,  // measure 13
00000000
01000000
00000000
00100000
00000000
00001000
00000000
00011000
,  // measure 14
00000000
00000100
00000000
00000010
00000000
00000001
00000000
00000101
,  // measure 15
00000000
00000010
00000000
00001000
00000000
00000100
00000000
00011000
,  // measure 16
00000000
00100000
00000000
01000000
00000000
10000000
00000000
01010000
,  // measure 17
00000000
00100000
00000000
00001000
00000000
00010000
00000000
00001010
,  // measure 18
00000000
00000100
00000000
00000001
00000000
00000010
00000000
00001100
,  // measure 19
00000000
00010000
00000000
00001000
00000000
00100000
00000000
10010000
,  // measure 20
00000000
01000000
00000000
00100000
00000000
00010000
00000000
00000000
,  // measure 21
01000000
01000000
00000000
00000000
,  // measure 22
00001000
00010000
00001000
00000000
00000000
00000000
00000000
00000000
,  // measure 23
00000100
00000100
00000000
00000000
,  // measure 24
00000010
00000001
00001000
00000000
00000000
00000000
00000000
00000000
,  // measure 25
00000100
00010000
00001000
00100000
,  // measure 26
00010000
10000000
01000000
00000000
00010000
10000000
01000000
00000000
,  // measure 27
00010000
01000000
00001000
00010000
,  // measure 28
00000100
00000010
00000001
00000000
00000100
00000010
00001000
00000000
,  // measure 29
00000100
00010000
00001000
01000000
,  // measure 30
00100000
10000000
01000000
00000000
00100000
00010000
01000000
00000000
,  // measure 31
00001000
00010000
00000100
00000010
,  // measure 32
00000001
00001000
00000100
00000000
00000001
00001000
00000100
00000000
,  // measure 33
00010000
00001000
00010000
00000000
00100000
00010000
00100000
00000000
,  // measure 34
10000000
01000000
10000000
00000000
00110000
00000000
00011000
00000000
,  // measure 35
00000100
00000000
00000010
00000000
00000001
00000100
00000010
00000000
,  // measure 36
00001000
00000000
00000100
00000000
00010000
00001000
00100000
00000000
,  // measure 37
00010000
00000000
10000000
00000000
00100000
01000000
00001000
00000000
,  // measure 38
00010000
00000000
00000100
00000000
00000010
00000001
00000100
00000000
,  // measure 39
00000010
00000000
00010000
00000000
00001000
00100000
00010000
00000000
,  // measure 40
10000000
00000000
01000000
00000000
00100000
00001000
00010000
00000000
,  // measure 41
00000010
00000000
00000100
00000000
00000001
00001000
00000100
00000000
,  // measure 42
00010000
00000000
00001000
00000000
00100000
01000000
10000000
00000000
,  // measure 43
10010000
00000000
01001000
00000000
00010000
00000100
00001000
00000000
,  // measure 44
00000101
00000000
00000011
00000000
00001000
00000100
00010000
00000000
,  // measure 45
00101000
00000000
10010000
00000000
01000000
00100000
00001000
00000000
,  // measure 46
00010100
00000000
00001001
00000000
00000010
00000100
00000001
00000000
,  // measure 47
00001100
00000000
00011000
00000000
00100000
00010000
10000000
00000000
,  // measure 48
01100000
00000000
10010000
00000000
01000000
00001000
00010000
00000000
,  // measure 49
00001010
00000000
00000101
00000000
00000010
00000100
00010000
00000000
,  // measure 50
00101000
10010000
00011000
00001001
;

//---------------dance-double - ----------------
#NOTES:
     dance-double:
     :
     Hard:
     7:
     0.439,0.429,0.151,0.000,0.297,271.000,14.000,0.000,0.000,0.000:  // measure 1
00000000
00000000
00000000
00000000
,  // measure 2
00000000
00000000
00000000
00000000
,  // measure 3
00000000
00000000
00000000
00000000
,  // measure 4
00000000
00000000
00000000
00000000
00010000
00001000
00100000
00000000
,  // measure 5
00010000
00000000
00000000
10000000
00000000
00000000
01000000
00000000
00000000
00000000
00100000
00000000
00010000
00000000
01000000
00000000
,  // measure 6
00001000
00000000
00000000
00010000
00000000
00000000
00000100
00000000
00000000
00000000
00001000
00000000
00000001
00000000
00000100
00000000
,  // measure 7
00000010
00000000
00000000
00001000
00000000
00000000
00000100
00000000
00000000
00000000
00010000
00000000
00001000
00000000
01000000
00000000
,  // measure 8
00010000
00000000
00000000
10000000
00000000
00000000
01000000
00000000
00000000
00000000
00100000
00000000
00010000
00000000
01000000
00000000
,  // measure 9
00001000
00000000
00000000
00010000
00000000
00000000
00000010
00000000
00000000
00000000
00001000
00000000
00000001
00000000
00000010
00000000
,  // measure 10
00000100
00000000
00000000
00001000
00000000
00000000
00000010
00000000
00000000
00000000
00010000
00000000
00001000
00000000
00100000
00000000
,  // measure 11
00010000
00000000
00000000
10000000
00000000
00000000
00100000
00000000
00000000
00000000
01000000
00000000
00010000
00000000
00100000
00000000
,  // measure 12
00001000
00000000
00000000
00010000
00000000
00000000
00000010
00000000
00000000
00000000
00001000
00000000
00000001
00000000
00000010
00000000
,  // measure 13
00000000
00000000
00000100
00000000
00000000
00010000
00000000
00000000
00001000
00000000
00000000
00010000
00000000
00000000
00000100
00000000
,  // measure 14
00000000
00000000
00010000
00000000
00000000
00001000
00000000
00000000
00100000
00000000
00000000
00001000
00000000
00000000
00010000
00000000
,  // measure 15
00000000
00000000
00000010
00000000
00000000
00001000
00000000
00000000
00000001
00000000
00000000
00001000
00000000
00000000
00000010
00000000
,  // measure 16
00000000
00000000
00000100
00000000
00000000
00000001
00000000
00000000
00001000
00000000
00000000
00000001
00000000
00000000
00000100
00000000
,  // measure 17
00000000
00000000
00000010
00000000
00000000
00010000
00000000
00000000
00001000
00000000
00000000
01000000
00000000
00000000
00100000
00000000
,  // measure 18
00000000
00000000
10000000
00000000
00000000
01000000
00000000
00000000
00100000
00000000
00000000
00001000
00000000
00000000
00010000
00000000
,  // measure 19
00000000
00000000
00000010
00000000
00000000
00001000
00000000
00000000
00000001
00000000
00000000
00000010
00000000
00000000
00000100
00000000
,  // measure 20
00000000
00000000
00010000
00000000
00000000
00001000
00000000
00000000
00010000
00000000
00000000
00000000
00000000
00000000
00000000
00000000
,  // measure 21
00100000
01000000
00100000
00000000
00000000
10010000
00000000
00000000
,  // measure 22
01000000
00001000
00010000
00000000
00000000
00001001
00000000
00000000
,  // measure 23
00000010
00000100
00010000
00000000
00000000
00101000
00000000
00000000
,  // measure 24
00010000
10000000
01000000
00000000
00000000
01010000
00000000
00000000
,  // measure 25
00001000
00000000
00010000
00000000
00001000
00010000
00000000
00000000
00000100
00000000
00000000
00001000
00000000
00000000
00000001
00000000
,  // measure 26
00000100
00000000
00000010
00000000
00000100
00000010
00000000
00000000
00001000
00000000
00000000
00000100
00000000
00000000
00010000
00000000
,  // measure 27
00001000
00000000
00100000
00000000
00001000
00100000
00000000
00000000
00010000
00000000
00000000
10000000
00000000
00000000
01000000
00000000
,  // measure 28
00100000
00000000
00001000
00000000
00100000
00001000
00000000
00000000
00010000
00000000
00000000
00000100
00000000
00000000
00000010
00000000
,  // measure 29
00000001
00000000
00000100
00000000
00000010
00001000
00000000
00000000
00000100
00000000
00000000
00010000
00000000
00000000
00001000
00000000
,  // measure 30
00100000
00000000
00010000
00000000
10000000
01000000
00000000
00000000
00100000
00000000
00000000
00001000
00000000
00000000
00010000
00000000
,  // measure 31
00000100
00000000
00000010
00000000
00000001
00001000
00000000
00000000
00000010
00000000
00000000
00010000
00000000
00000000
00001000
00000000
,  // measure 32
00100000
00000000
00010000
00000000
01000000
00100000
00000000
00000000
10000000
00000000
00000000
01000000
00000000
00000000
00100000
00000000
,  // measure 33
00010000
01000000
00010000
00100000
00001000
00010000
00000100
00000010
,  // measure 34
00000001
00000100
00000010
00001000
00000100
00010000
00001000
00000000
,  // measure 35
00100000
00000000
00000000
00010000
00000000
00000000
01000000
00000000
00000000
00000000
00100000
00000000
10000000
00000000
01000000
00000000
,  // measure 36
00100000
00000000
00000000
00001000
00000000
00000000
00010000
00000000
00000000
00000000
00000010
00000000
00001000
00000000
00000100
00000000
,  // measure 37
00000010
00000000
00000000
00000001
00000000
00000000
00001000
00000000
00000000
00000000
00000100
00000000
00010000
00000000
00001000
00000000
,  // measure 38
00100000
00000000
00000000
00010000
00000000
00000000
10000000
00000000
00000000
00000000
01000000
00000000
00100000
00000000
00010000
00000000
,  // measure 39
01000000
00000000
00000000
00001000
00000000
00000000
00010000
00000000
00000000
00000000
00000100
00000000
00000010
00000000
00000001
00000000
,  // measure 40
00000100
00000000
00000000
00000010
00000000
00000000
00010000
00000000
00000000
00000000
00001000
00000000
00100000
00000000
01000000
00000000
,  // measure 41
10000000
00000000
00000000
00010000
00000000
00000000
01000000
00000000
00000000
00000000
00001000
00000000
00010000
00000000
00000100
00000000
,  // measure 42
00000010
00000000
00000000
00000001
00000000
00000000
00001000
00000000
00000000
00000000
00000010
00000000
00010000
00000000
00001000
00000000
,  // measure 43
00100000
00000000
00000000
01000000
00000000
00000000
10010000
00000000
00000000
00000000
01000000
00000000
00001000
00000000
00010000
00000000
,  // measure 44
00000100
00000000
00000000
00000010
00000000
00000000
00001001
00000000
00000000
00000000
00000010
00000000
00000100
00000000
00000001
00000000
,  // measure 45
00001000
00000000
00000000
00000100
00000000
00000000
00010010
00000000
00000000
00000000
00001000
00000000
00000100
00000000
00010000
00000000
,  // measure 46
00001000
00000000
00000000
00100000
00000000
00000000
10010000
00000000
00000000
00000000
01000000
00000000
00100000
00000000
00001000
00000000
,  // measure 47
00010000
00000000
00000000
00000100
00000000
00000000
00001001
00000000
00000000
00000000
00000100
00000000
00000010
00000000
00001000
00000000
,  // measure 48
00000100
00000000
00000000
00010000
00000000
00000000
00101000
00000000
00000000
00000000
00010000
00000000
10000000
00000000
00100000
00000000
,  // measure 49
01000000
00000000
00000000
00001000
00000000
00000000
00010010
00000000
00000000
00000000
00001000
00000000
00000001
00000000
00000010
00000000
,  // measure 50
00000100
00000000
00000000
00001000
00000000
00000000
00011000
00000000
00000000
00000000
00110000
00000000
11000000
00000000
00000000
00000000
;

//---------------dance-couple - ----------------
#NOTES:
     dance-couple:
     :
     Medium:
     6:
     0.644,1.000,1.000,0.000,0.210,250.000,98.000,0.000,0.000,35.000:  // measure 1
00000000
00000000
00000000
00000000
,  // measure 2
00000000
00000000
00000000
00000000
,  // measure 3
00000000
00000000
00000000
00000000
,  // measure 4
00000000
00000000
10010000
00000110
,  // measure 5
00100000
00100000
01000000
00100000
,  // measure 6
00001000
00001000
00000001
00001000
,  // measure 7
01000000
01000000
00100000
01000000
,  // measure 8
00000001
00000001
00001000
00000001
,  // measure 9
10010000
00000000
00000110
00000000
01000001
00101000
00010100
00000000
,  // measure 10
00000011
00000000
11000000
00000000
00100100
00011000
01000010
00000000
,  // measure 11
10100000
00000000
00000101
00000000
01000010
00011000
00100100
00000000
,  // measure 12
00000011
00000000
11000000
00000000
00011000
01000100
00100010
00000000
,  // measure 13
00000000
00000000
10000000
00000000
00000001
00100000
00000000
00000000
01000000
00000000
00000000
01000000
00000000
00000000
00010000
00000000
,  // measure 14
00000000
00000000
00100000
00000000
00000001
01000000
00000000
00000000
10000000
00000000
00000000
10000000
00000000
00000000
00010000
00000000
,  // measure 15
00000000
00000000
01000000
00000000
00000001
00100000
00000000
00000000
10000000
00000000
00000000
10000000
00000000
00000000
01000000
00000000
,  // measure 16
00000000
00000000
00000010
00000000
10000000
00000001
00000000
00000000
00000100
00000000
00000000
00000100
00000000
00000000
00000010
00000000
,  // measure 17
00000000
00000000
00001000
00000000
10000000
00000100
00000000
00000000
00000010
00000000
00000000
00000010
00000000
00000000
00000001
00000000
,  // measure 18
00000000
00000000
00000100
00000000
10000000
00000010
00000000
00000000
00001000
00000000
00000000
00001000
00000000
00000000
00000100
00000000
,  // measure 19
00000000
00000000
00100010
00000000
00000000
10000001
00000000
00000000
00011000
00000000
00000000
00011000
00000000
00000000
01000100
00000000
,  // measure 20
00000000
00000000
00100010
00000000
00000000
10000001
00000000
00000000
00011000
00000000
00000000
00000000
00000000
00000000
00000000
00000000
,  // measure 21
10000000
00000000
10000000
00000000
00000000
01000000
00000000
00000000
,  // measure 22
00100000
00000000
00100000
00000000
00000000
00010000
00000000
00000000
,  // measure 23
00000001
00000000
00000001
00000000
00000000
00000010
00000000
00000000
,  // measure 24
00000100
00000000
00000100
00000000
00000000
00001000
00000000
00000000
,  // measure 25
10000001
01000000
00100000
00000000
00010000
00000000
01000000
00000000
,  // measure 26
00100001
10000000
01000000
00000000
00100000
00000000
00010000
00000000
,  // measure 27
10001000
00000010
00000100
00000000
00000001
00000000
00000010
00000000
,  // measure 28
10000100
00001000
00000001
00000000
00000100
00000000
00000010
00000000
,  // measure 29
01000001
00000000
00100000
00000000
10000000
01000000
00000000
00000000
00100000
00000000
00000000
00010000
00000000
00000000
01000000
00000000
,  // measure 30
00100001
00000000
10000000
00000000
01000000
00100000
00000000
00000000
00010000
00000000
00000000
10000000
00000000
00000000
00100000
00000000
,  // measure 31
10000100
00000000
00000001
00000000
00000010
00000100
00000000
00000000
00001000
00000000
00000000
00000010
00000000
00000000
00000100
00000000
,  // measure 32
10000001
00000000
00001000
00000000
00000100
00000010
00000000
00000000
00000001
00000000
00000000
00000100
00000000
00000000
00000010
00000000
,  // measure 33
10001000
00000000
00010001
00000000
,  // measure 34
10001000
00000000
10010000
00000110
,  // measure 35
00010001
00000000
00000000
10000000
00000001
00000000
01000000
00000000
00000000
00000000
00100000
00000000
00010000
00000000
01000000
00000000
,  // measure 36
00100001
00000000
00000000
10000000
00000001
00000000
01000000
00000000
00000000
00000000
00100000
00000000
00010000
00000000
10000000
00000000
,  // measure 37
00100001
00000000
00000000
01000000
00000001
00000000
00010000
00000000
00000000
00000000
10000000
00000000
01000000
00000000
00100000
00000000
,  // measure 38
00010001
00000000
00000000
10000000
00000001
00000000
00100000
00000000
00000000
00000000
01000000
00000000
00010000
00000000
00100000
00000000
,  // measure 39
01000001
00000000
00000000
00001000
01000000
00000000
00000100
00000000
00000000
00000000
00000010
00000000
00000001
00000000
00000100
00000000
,  // measure 40
01000010
00000000
00000000
00001000
01000000
00000000
00000100
00000000
00000000
00000000
00000010
00000000
00000001
00000000
00001000
00000000
,  // measure 41
01000010
00000000
00000000
00000100
01000000
00000000
00000001
00000000
00000000
00000000
00001000
00000000
00000100
00000000
00000010
00000000
,  // measure 42
01000001
00000000
00000000
00001000
01000000
00000000
00000010
00000000
00000000
00000000
00000100
00000000
00000001
00000000
00000010
00000000
,  // measure 43
01100110
00000000
00000000
01100110
00000000
00000000
01100110
00000000
00000000
00000000
00010001
00000000
10001000
00000000
01000100
00000000
,  // measure 44
01100110
00000000
00000000
01100110
00000000
00000000
01100110
00000000
00000000
00000000
00010001
00000000
01000100
00000000
00100010
00000000
,  // measure 45
10011001
00000000
00000000
10011001
00000000
00000000
10011001
00000000
00000000
00000000
01000100
00000000
00100010
00000000
00010001
00000000
,  // measure 46
01010101
00000000
00000000
01010101
00000000
00000000
01010101
00000000
00000000
00000000
00100010
00000000
10001000
00000000
01000100
00000000
,  // measure 47
01100110
00000000
00000000
11001100
00000000
00000000
01010101
00000000
00000000
00000000
10101010
00000000
10101010
00000000
10101010
00000000
,  // measure 48
01100110
00000000
00000000
01010101
00000000
00000000
11001100
00000000
00000000
00000000
00110011
00000000
00110011
00000000
00110011
00000000
,  // measure 49
11001100
00000000
00000000
10011001
00000000
00000000
01100110
00000000
00000000
00000000
10011001
00000000
10011001
00000000
10011001
00000000
,  // measure 50
01100110
00000000
00000000
01010101
00000000
00000000
00110011
00000000
00000000
00000000
11001100
00000000
01010101
00000000
00000000
00000000
;

//---------------dance-solo - ----------------
#NOTES:
     dance-solo:
     :
     Easy:
     3:
     0.265,0.376,0.259,0.000,0.000,148.000,24.000,0.000,0.000,0.000:  // measure 1
000000
000000
000000
000000
,  // measure 2
000000
000000
000000
000000
,  // measure 3
000000
000000
000000
000000
,  // measure 4
000000
000000
010010
000000
,  // measure 5
100000
001000
000100
000100
,  // measure 6
000001
001000
000100
000100
,  // measure 7
100000
000010
001000
001000
,  // measure 8
000001
010000
001000
001000
,  // measure 9
000100
000001
010000
000100
,  // measure 10
100000
001000
000100
000001
,  // measure 11
001000
000010
010000
001000
,  // measure 12
000100
000001
100000
001000
,  // measure 13
000000
010000
000000
000001
,  // measure 14
000000
100000
000000
000010
,  // measure 15
000000
001000
000000
000100
,  // measure 16
000000
100000
000000
001000
,  // measure 17
000000
000100
000000
000001
,  // measure 18
000000
010000
000000
000010
,  // measure 19
000000
001000
000000
000100
,  // measure 20
000000
100000
000000
000001
,  // measure 21
001100
000000
000000
000000
,  // measure 22
100001
000000
000000
000000
,  // measure 23
000100
001000
000000
000000
,  // measure 24
100001
000000
000000
000000
,  // measure 25
000100
001000
000010
000010
,  // measure 26
000100
001000
010000
010000
,  // measure 27
000001
001000
000100
000100
,  // measure 28
100000
001000
000100
000001
,  // measure 29
100000
001000
000100
000100
,  // measure 30
000001
001000
000010
000010
,  // measure 31
100000
000100
001000
001000
,  // measure 32
000010
100000
000001
010000
,  // measure 33
001000
001000
001000
000000
,  // measure 34
000100
000100
000100
000000
,  // measure 35
010001
000000
100010
000000
,  // measure 36
001000
000001
100000
001000
,  // measure 37
010001
000000
000110
000000
,  // measure 38
001000
000100
100000
001000
,  // measure 39
010001
000000
100010
000000
,  // measure 40
001000
000001
000100
001000
,  // measure 41
100001
000000
010100
000000
,  // measure 42
100000
001000
000100
000001
,  // measure 43
010010
010100
100000
001000
,  // measure 44
000100
000001
010000
000100
,  // measure 45
100001
000110
000001
001000
,  // measure 46
000100
100000
001000
010000
,  // measure 47
100001
001100
000001
001000
,  // measure 48
000010
100000
001000
000100
,  // measure 49
010001
100010
001000
000100
,  // measure 50
100010
010001
000110
100001
;

//---------------dance-solo - ----------------
#NOTES:
     dance-solo:
     :
     Medium:
     6:
     0.378,0.376,0.043,0.000,0.000,241.000,4.000,0.000,0.000,0.000:  // measure 1
000000
000000
000000
000000
,  // measure 2
000000
000000
000000
000000
,  // measure 3
000000
000000
000000
000000
,  // measure 4
000000
000000
010100
000110
,  // measure 5
000001
000000
001000
000010
000000
100000
001000
000000
,  // measure 6
010000
000000
000001
000100
000000
001000
100000
000000
,  // measure 7
000100
000000
001000
000010
000000
100000
001000
000000
,  // measure 8
000100
000000
000001
010000
000000
000010
100000
000000
,  // measure 9
001000
000000
000100
000001
000000
001000
000010
000000
,  // measure 10
100000
000000
001000
010000
000000
000001
000100
000000
,  // measure 11
001000
000000
100000
000100
000000
001000
000010
000000
,  // measure 12
000100
000000
000001
010000
000000
001000
100000
000000
,  // measure 13
000000
000001
001000
000100
100000
000010
010000
000000
,  // measure 14
000000
001000
000100
000001
010000
000010
100000
000000
,  // measure 15
000000
000100
001000
000001
100000
000100
010000
000000
,  // measure 16
000000
001000
000100
000001
010000
001000
000100
000000
,  // measure 17
000000
000001
001000
000100
100000
001000
010000
000000
,  // measure 18
000000
000100
100000
000010
001000
000001
100000
000000
,  // measure 19
000000
001000
000100
000001
010000
000010
100000
000000
,  // measure 20
000000
000100
010000
001000
000100
000001
001000
000000
,  // measure 21
000010
000000
000010
000000
000000
100000
000000
000000
,  // measure 22
000100
000000
000100
000000
000000
001000
000000
000000
,  // measure 23
000001
000000
000001
000000
000000
000010
000000
000000
,  // measure 24
001000
000000
001000
000000
000000
010000
000000
000000
,  // measure 25
000001
001000
000000
000000
000010
100000
001000
000000
,  // measure 26
010000
000001
000000
000000
000100
001000
100000
000000
,  // measure 27
000001
001000
000000
000000
000100
100000
000010
000000
,  // measure 28
010000
001000
000000
000000
000100
000001
001000
000000
,  // measure 29
000100
100000
000000
000000
001000
010000
000001
000000
,  // measure 30
000100
001000
000000
000000
010000
000001
100000
000000
,  // measure 31
000010
001000
000000
000000
000100
100000
001000
000000
,  // measure 32
000100
000001
000000
000000
001000
000010
100000
000000
,  // measure 33
000001
000100
000001
000000
010000
000100
010000
000000
,  // measure 34
000010
000100
000010
000000
100001
000000
001100
000000
,  // measure 35
010000
000000
000001
100000
000000
000100
001000
000000
,  // measure 36
000010
000000
100000
000001
000000
000100
001000
000000
,  // measure 37
100000
000000
000001
001000
000000
000100
100000
000000
,  // measure 38
000010
000000
010000
000001
000000
000100
001000
000000
,  // measure 39
010000
000000
000001
100000
000000
000010
001000
000000
,  // measure 40
000100
000000
100000
001000
000000
000100
000001
000000
,  // measure 41
010000
000000
000010
001000
000000
000100
100000
000000
,  // measure 42
001000
000000
000100
000001
000000
010000
000010
000000
,  // measure 43
100000
000100
001000
000001
000000
000100
000010
000000
,  // measure 44
010000
000100
100000
001000
000000
000100
000001
000000
,  // measure 45
010000
000010
001000
000100
000000
100000
000001
000000
,  // measure 46
010000
001000
000100
000001
000000
001000
000100
000000
,  // measure 47
100000
001000
000100
000001
000000
010000
000010
000000
,  // measure 48
001000
000100
100000
001000
000000
010000
000001
000000
,  // measure 49
001000
000010
100000
000100
000000
010000
001000
000000
,  // measure 50
000100
000001
100000
000100
000000
010000
000010
000000
;

//---------------dance-solo - ----------------
#NOTES:
     dance-solo:
     :
     Hard:
     7:
     0.438,0.429,0.151,0.000,0.297,270.000,14.000,0.000,0.000,0.000:  // measure 1
000000
000000
000000
000000
,  // measure 2
000000
000000
000000
000000
,  // measure 3
000000
000000
000000
000000
,  // measure 4
000000
000000
000000
000000
010000
000001
001000
000000
,  // measure 5
001000
000000
000000
001000
000000
000000
001000
000000
000000
000000
100000
000000
000001
000000
001000
000000
,  // measure 6
000100
000000
000000
000100
000000
000000
000100
000000
000000
000000
100000
000000
001000
000000
010000
000000
,  // measure 7
000001
000000
000000
000001
000000
000000
000001
000000
000000
000000
000100
000000
001000
000000
100000
000000
,  // measure 8
000100
000000
000000
000100
000000
000000
000100
000000
000000
000000
001000
000000
000001
000000
000100
000000
,  // measure 9
001000
000000
000000
010000
000000
000000
000001
000000
000000
000000
001000
000000
000100
000000
100000
000000
,  // measure 10
001000
000000
000000
000100
000000
000000
000001
000000
000000
000000
010000
000000
000010
000000
001000
000000
,  // measure 11
000100
000000
000000
100000
000000
000000
001000
000000
000000
000000
010000
000000
000001
000000
100000
000000
,  // measure 12
000100
000000
000000
001000
000000
000000
000010
000000
000000
000000
100000
000000
001000
000000
000000
000000
,  // measure 13
000000
000000
000100
000000
000000
000001
000000
000000
010000
000000
000000
010000
000000
000000
000010
000000
,  // measure 14
000000
000000
100000
000000
000000
000100
000000
000000
001000
000000
000000
001000
000000
000000
000010
000000
,  // measure 15
000000
000000
100000
000000
000000
001000
000000
000000
000100
000000
000000
000100
000000
000000
000001
000000
,  // measure 16
000000
000000
010000
000000
000000
000010
000000
000000
000100
000000
000000
000100
000000
000000
001000
000000
,  // measure 17
000000
000000
100000
000000
000000
000100
000000
000000
001000
000000
000000
001000
000000
000000
000010
000000
,  // measure 18
000000
000000
100000
000000
000000
001000
000000
000000
010000
000000
000000
010000
000000
000000
000001
000000
,  // measure 19
000000
000000
000100
000000
000000
001000
000000
000000
100000
000000
000000
100000
000000
000000
000100
000000
,  // measure 20
000000
000000
001000
000000
000000
000010
000000
000000
000100
000000
000000
000000
000000
000000
000000
000000
,  // measure 21
000001
001000
000100
000000
000000
100010
000000
000000
,  // measure 22
010000
000001
000100
000000
000000
010010
000000
000000
,  // measure 23
000100
100000
001000
000000
000000
000101
000000
000000
,  // measure 24
010000
000010
000100
000000
000000
100001
000000
000000
,  // measure 25
000100
000000
001000
000000
000010
001000
000000
000000
000001
000000
000000
100000
000000
000000
001000
000000
,  // measure 26
010000
000000
000001
000000
000100
000001
000000
000000
001000
000000
000000
000100
000000
000000
100000
000000
,  // measure 27
001000
000000
010000
000000
000001
010000
000000
000000
000100
000000
000000
001000
000000
000000
000010
000000
,  // measure 28
100000
000000
001000
000000
010000
001000
000000
000000
000100
000000
000000
000001
000000
000000
001000
000000
,  // measure 29
000100
000000
100000
000000
001000
010000
000000
000000
000001
000000
000000
001000
000000
000000
000100
000000
,  // measure 30
100000
000000
001000
000000
000100
000001
000000
000000
010000
000000
000000
000010
000000
000000
000100
000000
,  // measure 31
001000
000000
100000
000000
000100
001000
000000
000000
000010
000000
000000
100000
000000
000000
000001
000000
,  // measure 32
000100
000000
001000
000000
010000
000001
000000
000000
001000
000000
000000
000100
000000
000000
100000
000000
,  // measure 33
001000
010000
000001
100000
000100
001000
000001
100000
,  // measure 34
001000
010000
000001
000100
000010
001000
000100
000000
,  // measure 35
100000
000000
000000
001000
000000
000000
010000
000000
000000
000000
000001
000000
000100
000000
000010
000000
,  // measure 36
001000
000000
000000
000100
000000
000000
100000
000000
000000
000000
001000
000000
010000
000000
000001
000000
,  // measure 37
000100
000000
000000
001000
000000
000000
100000
000000
000000
000000
000001
000000
001000
000000
000100
000000
,  // measure 38
100000
000000
000000
001000
000000
000000
000100
000000
000000
000000
000001
000000
010000
000000
000010
000000
,  // measure 39
001000
000000
000000
000100
000000
000000
100000
000000
000000
000000
001000
000000
000100
000000
000001
000000
,  // measure 40
010000
000000
000000
000010
000000
000000
100000
000000
000000
000000
000100
000000
001000
000000
000001
000000
,  // measure 41
100000
000000
000000
001000
000000
000000
010000
000000
000000
000000
000001
000000
000100
000000
001000
000000
,  // measure 42
100000
000000
000000
000010
000000
000000
001000
000000
000000
000000
000100
000000
100000
000000
001000
000000
,  // measure 43
010000
000000
000000
000001
000000
000000
000110
000000
000000
000000
001000
000000
000100
000000
100000
000000
,  // measure 44
001000
000000
000000
010000
000000
000000
000101
000000
000000
000000
001000
000000
000010
000000
100000
000000
,  // measure 45
001000
000000
000000
000100
000000
000000
010001
000000
000000
000000
000010
000000
100000
000000
000100
000000
,  // measure 46
001000
000000
000000
000010
000000
000000
100001
000000
000000
000000
001000
000000
000100
000000
000001
000000
,  // measure 47
010000
000000
000000
000010
000000
000000
100100
000000
000000
000000
001000
000000
000001
000000
000100
000000
,  // measure 48
001000
000000
000000
010000
000000
000000
100001
000000
000000
000000
000100
000000
001000
000000
000010
000000
,  // measure 49
100000
000000
000000
001000
000000
000000
010001
000000
000000
000000
000100
000000
000010
000000
010000
000000
,  // measure 50
000001
000000
000000
100000
000000
000000
001100
000000
000000
000000
100010
000000
010001
000000
000000
000000
;
