#TITLE:BLOCK ROCKIN' BEATS;
#SUBTITLE:;
#ARTIST:THE CHEMICAL BROTHERS;
#TITLETRANSLIT:;
#SUBTITLETRANSLIT:;
#ARTISTTRANSLIT:;
#CREDIT:;
#BANNER:blockRockinBeats.png;
#BACKGROUND:blockRockinBeats-bg.png;
#LYRICSPATH:;
#CDTITLE:!udderTitle.png;
#MUSIC:blockRockinBeats.mp3;
#OFFSET:-0.207;
#SAMPLESTART:6.780;
#SAMPLELENGTH:15.500;
#SELECTABLE:YES;
#BPMS:0.000=109.430;
#STOPS:;
#BGCHANGES:;
// cache tags:
#FIRSTBEAT:16.000;
#LASTBEAT:166.000;
#SONGFILENAME:Songs/DDI/blockRockinBeats/blockRockinBeats.sm;
#HASMUSIC:1;
#HASBANNER:1;
#MUSICLENGTH:92.619;
// end cache tags

//---------------dance-single - ----------------
#NOTES:
     dance-single:
     :
     Easy:
     4:
     0.327,0.403,0.453,0.497,0.000,124.000,42.000,46.000,0.000,0.000:  // measure 1
0000
0000
0000
0000
,  // measure 2
0000
0000
0000
0000
,  // measure 3
0000
0000
0000
0000
,  // measure 4
0000
0000
0000
0000
,  // measure 5
1000
1000
0100
0010
,  // measure 6
0001
0001
0100
0010
,  // measure 7
1000
0010
1000
0010
,  // measure 8
0001
0010
0001
0010
,  // measure 9
1000
0010
0100
0001
,  // measure 10
1000
0100
0010
0001
,  // measure 11
1000
1000
0100
0010
,  // measure 12
1000
1000
0010
0100
,  // measure 13
2200
0000
3300
2020
0000
3030
0000
0000
,  // measure 14
0202
0000
0303
0022
0000
0033
0000
0000
,  // measure 15
2002
0000
3003
0220
0000
0330
0000
0000
,  // measure 16
1000
0001
0100
0010
,  // measure 17
1000
0001
0010
0100
,  // measure 18
0001
1000
0010
0100
,  // measure 19
0001
1000
0100
0010
,  // measure 20
2002
0000
0000
3003
,  // measure 21
2002
0000
0000
0000
0000
3003
0000
0000
1010
0000
0000
0000
1000
0000
0000
0000
,  // measure 22
2002
0000
0000
0000
0000
3003
0000
0000
0011
0000
0000
0000
0001
0000
0000
0000
,  // measure 23
2002
0000
0000
0000
0000
3003
0000
0000
0101
0000
0000
0000
0001
0000
0000
0000
,  // measure 24
2002
0000
0000
0000
0000
3003
0000
0000
1100
0000
0000
0000
1000
0000
0000
0000
,  // measure 25
0202
0000
0000
0000
0000
0303
0000
0000
1001
0000
0000
0000
1000
0000
0000
0000
,  // measure 26
0022
0000
0000
0000
0000
0033
0000
0000
1001
0000
0000
0000
1000
0000
0000
0000
,  // measure 27
2200
0000
0000
0000
0000
3300
0000
0000
1001
0000
0000
0000
0001
0000
0000
0000
,  // measure 28
2020
0000
0000
0000
0000
3030
0000
0000
1001
0000
0000
0000
0001
0000
0000
0000
,  // measure 29
1000
0100
0010
0001
,  // measure 30
0001
0010
0100
1000
,  // measure 31
1000
0100
0010
0001
,  // measure 32
2002
0000
0000
3003
,  // measure 33
0220
0000
0000
0000
0000
0330
0000
0000
1100
0000
0000
0000
0100
0000
0000
0000
,  // measure 34
0220
0000
0000
0000
0000
0330
0000
0000
0101
0000
0000
0000
0100
0000
0000
0000
,  // measure 35
0220
0000
0000
0000
0000
0330
0000
0000
1010
0000
0000
0000
0010
0000
0000
0000
,  // measure 36
0100
0000
0001
0001
0001
0000
1001
0000
,  // measure 37
2002
0000
0000
0000
0000
3003
0000
0000
0110
0000
0000
0000
0100
0000
0000
0000
,  // measure 38
2002
0000
0000
0000
0000
3003
0000
0000
0110
0000
0000
0000
0100
0000
0000
0000
,  // measure 39
2002
0000
0000
0000
0000
3003
0000
0000
0110
0000
0000
0000
0100
0000
0000
0000
,  // measure 40
0010
0000
1000
1000
1000
0000
1001
0000
,  // measure 41
2002
0000
0000
3003
,  // measure 42
0011
1100
0011
0000
;

//---------------dance-single - ----------------
#NOTES:
     dance-single:
     :
     Medium:
     6:
     0.407,0.403,0.453,0.497,0.119,176.000,42.000,46.000,0.000,0.000:  // measure 1
0000
0000
0000
0000
,  // measure 2
0000
0000
0000
0000
,  // measure 3
0000
0000
0000
0000
,  // measure 4
0000
0000
0000
0000
,  // measure 5
1000
0000
0000
1000
0000
0000
1000
0000
0000
0100
0000
0000
0010
0000
0010
0000
,  // measure 6
0001
0000
0000
0001
0000
0000
0001
0000
0000
0100
0000
0000
0010
0000
0010
0000
,  // measure 7
1000
0000
0000
0010
0000
0000
1000
0000
0000
0010
0000
0000
1000
0000
1000
0000
,  // measure 8
0001
0000
0000
0010
0000
0000
0001
0000
0000
0010
0000
0000
0001
0000
0001
0000
,  // measure 9
1000
0000
0000
0010
0000
0000
0100
0000
0000
0001
0000
0000
0100
0000
0100
0000
,  // measure 10
1000
0000
0000
0100
0000
0000
0010
0000
0000
0001
0000
0000
0010
0000
0010
0000
,  // measure 11
1000
0000
0000
1000
0000
0000
0100
0000
0000
0010
0000
0000
1000
0000
1000
0000
,  // measure 12
1000
0000
0000
1000
0000
0000
0010
0000
0000
0100
0000
0000
1000
0000
1000
0000
,  // measure 13
2200
0000
3300
2020
0000
3030
0000
0000
,  // measure 14
0202
0000
0303
0022
0000
0033
0000
0000
,  // measure 15
2002
0000
3003
0220
0000
0330
0000
0000
,  // measure 16
1000
0100
0001
0100
1000
0000
0001
0000
,  // measure 17
0001
0100
1000
0100
0001
0000
1000
0000
,  // measure 18
0001
0010
1000
0010
0001
0000
1000
0000
,  // measure 19
1000
0010
0001
0010
1000
0000
0001
0000
,  // measure 20
2002
0000
0000
3003
,  // measure 21
2002
0000
0000
0000
0000
3003
0000
0000
1010
0000
1000
0000
0000
0000
0100
0000
,  // measure 22
2002
0000
0000
0000
0000
3003
0000
0000
0011
0000
0001
0000
0000
0000
0100
0000
,  // measure 23
2002
0000
0000
0000
0000
3003
0000
0000
0101
0000
0001
0000
0000
0000
0010
0000
,  // measure 24
2002
0000
0000
0000
0000
3003
0000
0000
1100
0000
1000
0000
0000
0000
0010
0000
,  // measure 25
0202
0000
0000
0000
0000
0303
0000
0000
1001
0000
1000
0000
0000
0000
0010
0000
,  // measure 26
0022
0000
0000
0000
0000
0033
0000
0000
1001
0000
1000
0000
0000
0000
0100
0000
,  // measure 27
2200
0000
0000
0000
0000
3300
0000
0000
1001
0000
0001
0000
0000
0000
0010
0000
,  // measure 28
2020
0000
0000
0000
0000
3030
0000
0000
1001
0000
0001
0000
0000
0000
0100
0000
,  // measure 29
0010
0100
0100
0001
1000
1000
1000
1000
,  // measure 30
1000
0001
0001
0100
0010
0010
0010
0010
,  // measure 31
0001
0100
0100
0001
0010
0010
0010
0010
,  // measure 32
2002
0000
0000
3003
,  // measure 33
0220
0000
0000
0000
0000
0330
0000
1100
0000
0000
0000
0000
0100
0000
0100
0000
,  // measure 34
0220
0000
0000
0000
0000
0330
0000
0101
0000
0000
0000
0000
0100
0000
0100
0000
,  // measure 35
0220
0000
0000
0000
0000
0330
0000
1010
0000
0000
0000
0000
0010
0000
0010
0000
,  // measure 36
0100
0001
0001
1000
0100
0000
1001
0000
,  // measure 37
2002
0000
0000
0000
0000
3003
0000
0110
0000
0000
0000
0000
0100
0000
0001
0000
,  // measure 38
2002
0000
0000
0000
0000
3003
0000
0110
0000
0000
0000
0000
0100
0000
1000
0000
,  // measure 39
2002
0000
0000
0000
0000
3003
0000
0110
0000
0000
0000
0000
0100
0000
0001
0000
,  // measure 40
0010
0100
0100
0001
0100
0000
1001
0000
,  // measure 41
2002
0000
0000
3003
,  // measure 42
0011
1100
0011
0000
;

//---------------dance-single - ----------------
#NOTES:
     dance-single:
     :
     Hard:
     9:
     0.605,0.605,0.453,0.497,0.594,304.000,42.000,46.000,0.000,0.000:  // measure 1
0000
0000
0000
0000
,  // measure 2
0000
0000
0000
0000
,  // measure 3
0000
0000
0000
0000
,  // measure 4
0000
0000
0000
0000
,  // measure 5
1000
0100
0000
1000
0010
0000
1000
0001
0000
0100
0001
0000
0010
0001
0010
0000
,  // measure 6
0001
0100
0000
0001
0010
0000
0001
1000
0000
0100
1000
0000
0010
1000
0010
0000
,  // measure 7
1000
0100
0000
0010
0001
0000
1000
0100
0000
0010
0001
0000
1000
0010
1000
0000
,  // measure 8
0001
0100
0000
0010
1000
0000
0001
0100
0000
0010
1000
0000
0001
0010
0001
0000
,  // measure 9
1000
0100
0000
0010
0001
0000
0100
0010
0000
1000
0001
0000
0100
0010
0100
0000
,  // measure 10
1000
0010
0000
0100
0001
0000
0010
0100
0000
1000
0001
0000
0010
0100
0010
0000
,  // measure 11
1000
0100
0000
1000
0001
0000
0100
0001
0000
0010
0001
0000
1000
0001
1000
0000
,  // measure 12
1000
0010
0000
1000
0001
0000
0010
0001
0000
0100
0001
0000
1000
0001
1000
0000
,  // measure 13
2200
0000
0000
0000
3300
0000
2020
0000
0000
0000
3030
0000
1000
0001
1000
0000
,  // measure 14
0202
0000
0000
0000
0303
0000
0022
0000
0000
0000
0033
0000
0001
1000
0001
0000
,  // measure 15
2002
0000
0000
0000
3003
0000
0220
0000
0000
0000
0330
0000
1000
0001
1000
0000
,  // measure 16
1000
0000
0100
0000
0001
0000
0100
0000
1000
0010
1000
0000
0001
0010
0001
0000
,  // measure 17
0001
0000
0100
0000
1000
0000
0100
0000
0001
0010
0001
1000
0010
0100
0001
0000
,  // measure 18
0001
0000
0010
0000
1000
0000
0010
0000
0001
0100
0001
0000
1000
0100
1000
0000
,  // measure 19
1000
0000
0010
0000
0001
0000
0010
0000
1000
0100
1000
0001
0100
0010
1000
0000
,  // measure 20
2002
0000
0000
3003
,  // measure 21
2002
0000
0000
0000
0000
3003
0000
0000
1010
0000
1000
0100
0000
1000
0100
0000
,  // measure 22
2002
0000
0000
0000
0000
3003
0000
0000
0011
0000
0001
0100
0000
0001
0100
0000
,  // measure 23
2002
0000
0000
0000
0000
3003
0000
0000
0101
0000
0001
0010
0000
0001
0010
0000
,  // measure 24
2002
0000
0000
0000
0000
3003
0000
0000
1100
0000
1000
0010
0000
1000
0010
0000
,  // measure 25
0202
0000
0000
0000
0000
0303
0000
0000
1001
0000
1000
0100
0000
0010
0001
0000
,  // measure 26
0022
0000
0000
0000
0000
0033
0000
0000
1001
0000
1000
0010
0000
0100
0001
0000
,  // measure 27
2200
0000
0000
0000
0000
3300
0000
0000
1001
0000
0001
0100
0000
0010
1000
0000
,  // measure 28
2020
0000
0000
0000
0000
3030
0000
0000
1001
0000
0001
0010
0000
0100
1000
0000
,  // measure 29
0010
0000
0100
0010
0100
0000
0001
0000
1000
0100
0010
0001
0100
0000
0010
0000
,  // measure 30
1000
0000
0001
1000
0001
0000
0100
0000
0010
1000
0001
0010
0100
0000
1000
0000
,  // measure 31
0001
0000
0100
0001
0100
0000
0001
0000
0010
0100
1000
0010
1000
0000
0001
0000
,  // measure 32
2002
0000
0000
3003
,  // measure 33
0220
0000
0000
0000
0000
0330
0000
1100
0000
1000
0001
0100
0010
1000
0100
0000
,  // measure 34
0220
0000
0000
0000
0000
0330
0000
0101
0000
0001
1000
0100
0010
0001
0100
0000
,  // measure 35
0220
0000
0000
0000
0000
0330
0000
1010
0000
1000
0001
0010
0100
1000
0010
0000
,  // measure 36
0100
0000
0001
0100
0001
0000
1000
0100
1000
0010
1000
0001
0010
0000
0011
0000
,  // measure 37
2002
0000
0000
0000
0000
3003
0000
0110
0000
0001
0100
0010
1000
0010
1000
0000
,  // measure 38
2002
0000
0000
0000
0000
3003
0000
0110
0000
1000
0100
0010
0001
0010
0001
0000
,  // measure 39
2002
0000
0000
0000
0000
3003
0000
0110
0000
0001
0010
0100
1000
0100
1000
0000
,  // measure 40
0010
0000
0100
0001
0100
0000
0001
0010
0100
1000
0010
1000
0010
0000
0101
0000
,  // measure 41
2002
0000
0000
3003
,  // measure 42
0011
1100
0011
0000
;
