#TITLE:The Future is Ours;
#SUBTITLE:;
#ARTIST:Men Of Steel;
#TITLETRANSLIT:;
#SUBTITLETRANSLIT:;
#ARTISTTRANSLIT:;
#CREDIT:;
#BANNER:The Future Is Ours-bn.png;
#BACKGROUND:The Future Is Ours-bg.png;
#LYRICSPATH:;
#CDTITLE:kimonos4.png;
#MUSIC:The Future Is Ours.mp3;
#OFFSET:-0.660;
#SAMPLESTART:53.400;
#SAMPLELENGTH:11.820;
#SELECTABLE:YES;
#BPMS:0.000=177.140;
#STOPS:280.000=1.000
;
#BGCHANGES:;
// cache tags:
#FIRSTBEAT:28.000;
#LASTBEAT:345.000;
#SONGFILENAME:Songs/Encore/The Future is Ours/The Future is Ours.sm;
#HASMUSIC:1;
#HASBANNER:1;
#MUSICLENGTH:119.353;
// end cache tags

//---------------dance-single - ----------------
#NOTES:
     dance-single:
     :
     Hard:
     8:
     0.484,0.650,0.494,0.075,0.364,336.000,59.000,9.000,0.000,0.000:
0000
0000
0000
0000
,
0000
0000
0000
0000
,
0000
0000
0000
0000
,
0000
0000
0000
0000
,
0000
0000
0000
0000
,
0000
0000
0000
0000
,
0000
0000
0000
0000
,
1001
0000
0000
1000
0000
0000
0100
0000
0000
0010
0000
0001
,
1000
0000
1000
0001
0000
0000
0101
0000
0000
1100
0000
0000
,
1001
0000
0000
1000
0000
0000
0001
0000
0000
0010
0000
0100
,
0010
0000
0010
0100
0000
0000
1000
0000
0000
0010
0000
0000
,
1001
0000
0000
0001
0000
0000
0010
0000
0000
0100
0000
1000
,
0100
0000
0100
1000
0000
0000
1010
0000
0000
0101
0000
0000
,
1001
0000
0000
0001
0000
0000
0100
0000
1000
0000
0100
0000
,
0010
0000
0000
1000
0001
1000
0100
0000
0000
0010
0000
0000
,
0021
0000
0000
0001
0000
0000
0100
0000
0000
0031
0000
1000
,
0001
0000
0001
0100
0000
0000
0010
0000
0000
1000
0000
0001
,
2000
0000
0000
0100
0000
0000
0001
0000
0000
3100
0000
1000
,
0001
0000
0001
0100
0000
0000
0001
0000
0000
1000
0000
1000
,
0002
0000
0000
0010
0000
0000
1000
0000
0000
0013
0000
0001
,
1000
0000
1000
0001
0000
0000
0100
0000
0000
0010
0000
1000
,
0200
0000
0000
0010
0000
0000
1000
0000
0000
0310
0000
0010
,
0002
0000
0000
0000
,
0003
0000
0000
0000
,
0000
0000
0000
0000
,
1100
0000
0000
0000
,
0101
0000
0000
0000
,
0011
0000
0000
0000
,
0000
0000
0000
0000
,
1100
0000
0000
0000
,
0101
0000
0000
0000
,
0011
0000
0000
0000
,
0000
0000
0000
0000
,
0001
1000
0100
0000
,
0100
0000
0100
0000
,
0000
0000
0100
0000
,
0000
0000
0100
0000
,
0200
0000
0000
0000
,
0320
0000
0000
0000
,
0031
0100
0010
1000
,
0001
0000
0000
0001
,
1000
0000
0100
0010
0000
0000
0001
0000
0000
1000
0000
0000
,
0001
0000
0000
0000
,
0001
0000
0010
0000
0000
0000
0000
0000
0000
0000
0000
0000
,
0010
0000
1000
0000
0000
0000
0000
0000
0000
1000
0000
0000
,
0100
0000
0001
0010
0000
0000
0001
0000
0000
0100
0000
0000
,
1000
0000
0010
1000
0000
0000
0100
0000
0000
0001
0000
0000
,
1000
0100
0010
0100
,
1000
0001
1000
0010
,
1000
0000
0000
0001
0000
0000
0001
0000
0000
0100
0000
0001
,
1000
0000
0000
1000
0000
0000
0100
0000
0000
0100
0000
1000
,
0001
0000
0000
0101
0000
0000
0101
0000
0000
1000
0000
0100
,
1000
0000
0000
1100
0000
0000
1100
0000
0000
0001
1000
0001
,
1000
0010
0100
0001
,
0100
0000
0000
0010
0000
0000
2000
0000
0002
0000
0000
3003
,
1001
0000
0000
1000
0000
0000
0100
0000
0000
1000
0000
0001
,
1000
0000
0000
0010
0000
0000
0100
0000
0000
0001
1000
0001
,
0010
0000
0000
1100
0000
0000
0101
0000
0000
0010
0000
0100
,
0001
0000
0000
0010
0000
0000
0110
0000
0000
1100
0000
0001
,
1000
0000
0000
0010
0000
0000
0100
0000
0000
0001
0000
1000
,
0100
0000
0000
1000
0000
0000
0001
0000
0000
1000
0010
1000
,
0100
0000
0000
0101
0000
0000
1100
0000
0000
1000
0000
0010
,
0100
0000
0000
0110
0000
0000
0101
0000
0000
1000
0000
0001
,
1000
0000
0000
0100
1000
0100
1000
0000
0000
0001
0000
0100
,
0001
0000
0010
0000
0100
0000
1000
0000
0000
0100
1000
0001
,
0100
0000
0010
0000
1000
0000
0001
0000
0001
1000
0000
1000
,
0100
0000
0010
0000
0001
0000
1000
0000
1000
0010
0000
0010
,
0100
0000
0000
0001
0000
0000
1000
0000
0000
0100
0000
1000
,
0001
0000
1000
0000
0010
0000
0100
0000
0000
0010
0100
0010
,
1000
0000
0001
0000
1000
0000
0100
0000
0000
0010
0000
0001
,
1000
1001
1001
0101
,
0001
0000
0100
1000
0000
0000
1100
0000
0000
0110
0000
0000
,
1000
0100
0010
0001
0000
0000
0011
0000
0000
0110
0000
0000
,
0010
0000
0100
0001
0000
0000
0101
0000
0000
0110
0000
0000
,
1000
0000
1000
0010
0000
0000
0110
0000
0000
0110
0000
0000
,
0100
0000
0010
1000
0000
0000
1010
0000
0000
1001
0000
0000
,
0001
0010
1000
0010
0000
0000
1010
0000
0000
0110
0000
0000
,
1000
0000
0001
1000
0000
0000
0001
1000
0001
1000
0100
0010
,
0100
0000
0100
1000
0000
0000
1100
0000
0000
1100
0000
0000
,
1000
0000
0100
0001
0000
0000
0101
0000
0000
0110
0000
0000
,
1000
0001
0100
1000
0000
0000
1100
0000
0000
0110
0000
0000
,
0100
0000
0001
1000
0000
0000
1001
0000
0000
1001
0000
0000
,
0100
0000
0010
1000
0000
0000
1100
0000
0000
1100
0000
0000
,
0010
0000
0001
0100
0000
0000
0101
0000
0000
0101
0000
0000
,
0001
1000
0010
0001
0000
0000
0011
0000
0100
0001
0000
0000
,
1100
1100
0100
0010
,
0001
1001
0000
0000
;

//---------------dance-single - ----------------
#NOTES:
     dance-single:
     :
     Beginner:
     2:
     0.194,0.289,0.151,0.000,0.000,144.000,18.000,0.000,0.000,0.000:
0000
0000
0000
0000
,
0000
0000
0000
0000
,
0000
0000
0000
0000
,
0000
0000
0000
0000
,
0000
0000
0000
0000
,
0000
0000
0000
0000
,
0000
0000
0000
0000
,
1000
0000
1000
0000
,
0001
0000
0001
0000
,
1000
0000
1000
0000
,
0001
0000
0001
0000
,
0100
0000
0100
0000
,
0010
0000
0010
0000
,
0100
0000
0100
0000
,
0010
0000
0010
0000
,
1001
0000
1000
0000
,
0001
0000
0000
0000
,
1001
0000
0001
0000
,
1000
0000
0000
0000
,
0110
0000
0010
0000
,
0100
0000
0000
0000
,
0110
0000
0100
0000
,
0010
0000
0000
0000
,
0000
0000
0000
0000
,
0000
0000
0000
0000
,
1000
0000
0000
0000
,
0100
0000
0000
0000
,
0010
0000
0000
0000
,
0000
0000
0000
0000
,
1000
0000
0000
0000
,
0100
0000
0000
0000
,
0010
0000
0000
0000
,
0000
0000
0000
0000
,
1000
0000
0000
0000
,
0100
0000
0000
0000
,
0010
0000
0000
0000
,
0000
0000
0000
0000
,
1000
0000
0000
0000
,
0100
0000
0000
0000
,
0010
0000
0000
0000
,
0001
0000
0000
0000
,
1000
0000
0000
0000
,
0100
0000
0000
0000
,
0010
0000
0000
0000
,
0001
0000
0000
0000
,
1000
0000
0000
0000
,
0100
0000
0000
0000
,
0010
0000
0100
0000
,
1000
0000
0000
0000
,
0010
0000
0100
0000
,
0001
0000
0000
0000
,
0010
0000
0010
0000
,
0010
0000
0010
0000
,
0100
0000
0100
0000
,
1001
0000
0000
0000
,
1001
0000
1001
0000
,
0001
0001
0001
0000
,
1000
1000
1000
0000
,
0001
0001
0001
0000
,
1001
0000
1001
0000
,
0010
0010
0010
0000
,
0100
0100
0100
0000
,
0010
0010
0010
0000
,
1001
0000
1001
0000
,
1000
1000
1000
0000
,
0001
0001
0001
0000
,
1000
1000
1000
0000
,
1001
0000
1001
0000
,
0100
0100
0100
0000
,
0010
0010
0010
0000
,
0000
1001
0000
1000
,
0000
0100
0100
0100
,
0000
0010
0010
0010
,
0000
0001
0001
0001
,
0000
1001
0000
0001
,
0000
0100
0100
0100
,
0000
0010
0010
0010
,
0000
1000
1000
1000
,
0000
1001
0000
1000
,
0000
0100
0100
0100
,
0000
0010
0010
0010
,
0000
0001
0001
0001
,
0000
1001
0000
0001
,
0000
0100
0100
0100
,
0000
0010
0000
0010
,
0000
1000
0000
1000
,
0000
1001
0000
0000
;

//---------------dance-single - ----------------
#NOTES:
     dance-single:
     :
     Easy:
     3:
     0.232,0.325,0.126,0.000,0.000,179.000,15.000,0.000,0.000,0.000:
0000
0000
0000
0000
,
0000
0000
0000
0000
,
0000
0000
0000
0000
,
0000
0000
0000
0000
,
0000
0000
0000
0000
,
0000
0000
0000
0000
,
0000
0000
0000
0000
,
1001
0000
1000
1000
,
0100
0000
0010
0000
,
0001
0000
0001
0001
,
0100
0000
0010
0000
,
1000
0000
1000
1000
,
0100
0000
0010
0000
,
0001
0000
0001
0001
,
0100
0000
0000
0000
,
1001
0000
1000
1000
,
1000
0100
0010
0000
,
0001
0000
0001
0001
,
0001
0100
0010
0000
,
1000
0000
1000
1000
,
1000
0100
0010
0000
,
0001
0000
0001
0000
,
0001
0000
0000
0000
,
0000
0000
0000
0000
,
0000
0000
0000
0000
,
1000
0000
0000
0000
,
0100
0000
0000
0000
,
0010
0000
0000
0000
,
0000
0000
0000
0000
,
1000
0000
0000
0000
,
0100
0000
0000
0000
,
0010
0000
0000
0000
,
0000
0000
0000
0000
,
1000
0000
0000
0000
,
0100
0000
0000
0000
,
0010
0000
0000
0000
,
0000
0000
0000
0000
,
1000
0000
0000
0000
,
0100
0000
0000
0000
,
0010
0000
0001
0000
,
0100
0000
0000
0000
,
0010
0000
1000
0000
,
0100
0000
0000
0000
,
1001
0000
0000
0000
,
0110
0000
0000
0000
,
1001
0000
0000
0000
,
0010
0000
1000
0000
,
0100
0000
0100
0000
,
0010
0001
0010
0000
,
0001
1000
0001
0000
,
1000
0100
1000
0000
,
0001
0000
0001
0000
,
1000
0000
1000
0000
,
0100
0000
0100
0000
,
1001
0000
0000
0000
,
1000
0001
0100
0000
,
0001
0001
0001
0000
,
1000
0100
0010
0000
,
0001
0001
0001
0000
,
0001
0100
0010
0000
,
1000
1000
1000
0000
,
0010
1000
0100
0000
,
1000
1000
1000
0000
,
0100
0010
0001
0000
,
0001
1000
0000
0100
,
0010
0000
0010
0000
,
0001
0000
0100
0000
,
0010
1000
0001
0000
,
1000
1000
1000
0000
,
0001
0010
0100
1000
,
0001
1001
0000
1001
,
0000
1000
0100
0010
,
0001
0010
0100
1000
,
0100
0010
0001
0010
,
0000
1001
0000
1001
,
0000
1000
0100
0010
,
0001
0010
0100
1000
,
0100
0010
0001
0010
,
0000
1001
0000
1001
,
0000
1000
0100
0010
,
0010
0001
0010
0100
,
0100
1000
0100
0010
,
0000
1001
0000
1001
,
0000
1000
0100
0010
,
0010
0001
0010
0100
,
0100
1000
0001
1000
,
0001
1001
0000
0000
;

//---------------dance-single - ----------------
#NOTES:
     dance-single:
     :
     Medium:
     6:
     0.367,0.434,0.344,0.101,0.088,254.000,41.000,12.000,0.000,0.000:
0000
0000
0000
0000
,
0000
0000
0000
0000
,
0000
0000
0000
0000
,
0000
0000
0000
0000
,
0000
0000
0000
0000
,
0000
0000
0000
0000
,
0000
0000
0000
0000
,
1001
1000
0100
1000
,
0001
0001
0001
0001
,
1001
0100
1000
0010
,
1000
1000
1000
1000
,
1001
1000
0100
0010
,
0100
0100
0100
0100
,
1001
0001
1000
0001
,
0100
0100
0100
0100
,
1001
1000
0100
0010
,
0001
0001
0001
0001
,
1000
0100
0010
0001
,
1000
1000
1000
1000
,
0001
0100
0010
1000
,
0010
0010
0010
0010
,
1000
0100
0010
0002
,
2000
0000
0000
0000
,
3003
0000
0000
0000
,
0000
0000
0000
0000
,
1100
0000
0000
0000
,
0101
0000
0000
0000
,
0011
0000
0000
0000
,
0000
0000
0000
0000
,
1100
0000
0000
0000
,
0101
0000
0000
0000
,
0011
0000
0000
0000
,
0000
0000
0000
0000
,
1100
0100
0010
0000
,
0101
0000
1100
0000
,
0000
0000
0101
0000
,
0000
0000
0101
0000
,
1100
0000
0000
0000
,
0101
0000
0000
0000
,
0011
0001
1000
0100
,
0010
0000
0000
0000
,
0001
1000
0010
0100
,
0010
0000
0000
0000
,
1100
0000
0000
0000
,
0101
0000
0000
0011
,
1010
0000
0000
0001
,
1000
0010
0100
0001
,
1000
0000
0000
0000
,
0100
0010
0001
0000
,
1000
0010
0100
0000
,
0001
0010
0100
1000
,
1001
0000
0000
1000
0000
0000
1000
0000
0000
0001
0000
0100
,
0001
0000
0000
0001
0000
0000
0001
0000
0000
0001
0000
1000
,
0100
0100
0100
0100
,
1001
0000
0000
0000
,
1001
0000
0000
0001
0000
0000
0100
0000
0000
0010
0000
1000
,
0100
0000
0000
0010
0000
0000
0001
0000
0000
0010
0000
0100
,
1000
0000
0000
0001
0000
0000
1000
0000
0000
0010
0000
0100
,
0001
1000
0001
0010
,
0011
0000
0000
0001
0000
0000
0010
0000
0000
0100
0000
1000
,
0001
0000
0000
1000
0000
0000
0010
0000
0000
0100
0000
0001
,
1000
0000
0000
0001
0000
0000
0010
0000
0000
0100
0000
0010
,
0001
0100
0010
1000
,
1001
0000
0000
0001
0000
0000
0100
0000
0000
0010
0000
1000
,
0200
0000
0000
0000
0000
0000
0320
0000
0000
0000
0030
0001
,
0200
0000
0000
0000
0000
0000
0320
0000
0000
0000
0030
1000
,
0002
0000
0000
0000
0000
0000
2003
0000
0000
0000
0000
3000
,
0010
0000
0000
0100
0000
0000
0001
0000
0000
1000
0000
0100
,
0020
0000
0000
0000
0000
0000
0032
0000
0000
0000
0003
1000
,
0200
0000
0000
0000
0000
0000
2300
0000
0000
0000
3000
0000
,
0001
1001
1000
0100
,
1000
0000
0010
0100
0000
0000
0001
0000
0000
1000
0000
0000
,
1100
1100
0010
0001
,
0100
0000
0001
0100
0000
0000
0001
0000
0000
1000
0000
0000
,
0001
1001
1000
0100
,
1000
0000
0010
0100
0000
0000
0001
0000
0000
1000
0000
0000
,
1010
1010
0100
0001
,
0010
0000
0100
0010
0000
0000
0100
0000
0000
1000
0000
0000
,
0001
1001
0001
0100
,
0010
0000
0100
0001
0000
0000
0010
0000
0000
0001
0000
0000
,
0011
0011
1000
0100
,
0010
0000
0100
1000
0000
0000
0001
0000
0000
1000
0000
0000
,
0010
0110
0010
1000
,
0100
0000
0010
0100
0000
0000
1000
0000
0000
0001
0000
0000
,
0101
0101
1000
0001
,
0010
0000
0001
0100
0000
0000
0000
0000
0000
0010
0000
0000
,
0000
1001
0000
0000
;

//---------------dance-double - ----------------
#NOTES:
     dance-double:
     :
     Hard:
     9:
     0.554,0.687,0.595,0.251,0.415,362.000,71.000,30.000,0.000,0.000:
00000000
00000000
00000000
00000000
,
00000000
00000000
00000000
00000000
,
00000000
00000000
00000000
00000000
,
00000000
00000000
00000000
00000000
,
00000000
00000000
00000000
00000000
,
00000000
00000000
00000000
00000000
,
00000000
00000000
00000000
00000000
,
10010000
00000000
00000000
10000000
00000000
00000000
11000000
00000000
00000000
01000000
00000000
00100000
,
00010000
00000000
00100000
00001000
00000000
00000000
00011000
00000000
00000000
00010100
00000000
00000000
,
00001001
00000000
00000000
00000001
00000000
00000000
00000101
00000000
00000000
00000010
00000000
00001000
,
00000100
00000000
00010000
00001000
00000000
00000000
00011000
00000000
00000000
00001010
00000000
00000000
,
00001001
00000000
00000000
00000001
00000000
00000000
00001100
00000000
00000000
00010000
00000000
00001000
,
00100000
00000000
00100000
00010000
00000000
00000000
01000000
00000000
00010000
00000000
10000000
00000000
,
11000000
00000000
00000000
00100000
00000000
00000000
00110000
00000000
00000000
00001000
00000000
00010000
,
00000100
00000000
00000100
00001000
00000010
00001000
00000001
00000000
00000001
00000100
00000000
00000000
,
00001001
00000000
00000000
00000100
00000000
00010000
00001000
00000000
00000000
00011000
00000000
00001000
,
00010000
00000000
00010000
00100000
00000000
10000000
01000000
00100000
00010000
10000000
00000000
10000000
,
00010000
00000000
00000000
00100000
00000000
00001000
00010000
00000000
00000000
00011000
00000000
00010000
,
00001000
00000000
00000000
00000010
00000000
00000000
00000001
00000000
00000000
00000100
00000000
00000100
,
00000010
00002000
00000100
00010000
,
00003100
00000000
00010000
00001000
00000000
00000000
01000000
00000000
00000000
00010000
00000000
00100000
,
00020000
00000000
00000000
01000000
00000000
00000000
00001000
00000000
00000000
01030000
00000000
00010000
,
20000000
00000000
00000000
00000000
,
30000000
00000000
00000000
00000000
,
00001000
00010000
00000000
00010000
00001000
00000000
00001000
00010000
,
01000000
22000000
00000000
00000000
00000000
00000000
33000000
00000000
,
00022000
00000000
00000000
00033000
,
00000022
00000000
00000000
00000033
,
00000001
00000100
00001000
00000000
00010000
01000000
00000000
00000000
,
22000000
00000000
00000000
33000000
,
00022000
00000000
00000000
00033000
,
00000022
00000000
00000000
00000000
00000000
00000033
00000001
00000010
,
00002000
00000000
00000000
00000000
00000000
00000000
00013000
00100000
,
10000000
11000000
00011000
00000000
,
00000011
00000000
00011000
00000000
,
00000000
00000000
00001000
00000000
,
00000000
00000000
00001000
00000000
,
22000000
00000000
00000000
33000000
,
02020000
00000000
00000000
03030000
,
10010000
10000000
00100000
10000000
,
00010000
00000000
00000000
00010000
,
00100000
00000000
00001000
00010000
00000000
00000000
00001000
00000000
00000000
00010000
00000000
00000000
,
00000100
00000000
00000000
00000000
,
00001100
00000000
00001100
00000000
00000000
00000000
00000000
00000000
00000000
00000000
00000000
00000000
,
00000101
00000000
00000101
00000000
00000000
00000000
00000000
00000000
00000000
00002000
00000000
00003000
,
00000101
00000000
00000010
00001000
00000000
00000000
00000100
00000000
00000000
00010000
00000000
00000000
,
00001000
00000000
00010000
00001000
00000000
00000000
00010000
00000000
00000000
00100000
00000000
00000000
,
10000000
00000000
00000000
00000000
00000000
00000000
00000000
00000000
00000000
00010000
00000000
10000000
,
01000000
00000000
00000000
01000000
00000000
00000000
01000000
00000000
00000000
00100000
00000000
00001000
,
00010000
00000000
00000000
00010000
00000000
00000000
00010000
00000000
00000000
00001000
00000000
00000100
,
00000001
00000000
00000000
00000001
00000000
00000000
00000001
00000000
00000000
00001000
00000000
00000001
,
00000100
00000000
00000000
00000001
00000100
00000001
00000100
00000000
00000000
00000010
00000000
00001000
,
00000010
00000000
00000000
00000100
00000000
00000000
00000001
00000000
00000000
00001000
00000010
00001000
,
00000010
00010000
00001000
00010000
,
00001000
00010000
00001000
00010000
,
00011000
00000000
00000000
00001000
00000000
00000000
01000000
00000000
00000000
00010000
00000000
10000000
,
00020000
00000000
00000000
00100000
00000000
00000000
00130000
00000000
00000000
01000000
00001000
00010000
,
00002000
00000000
00000000
00010000
00000000
00000000
00013000
00000000
00000000
00001000
00000000
00010000
,
00000200
00000000
00000000
00001000
00000000
00000000
00001300
00000000
00000000
00010000
00000000
00001000
,
00000100
00000000
00000000
00000001
00000000
00000000
00001000
00000000
00000000
00000001
00000000
00000010
,
00000002
00000000
00000000
00001000
00000000
00000000
00001003
00000000
00000000
00000100
00010000
00001000
,
00020000
00000000
00000000
00001000
00000000
00000000
00031000
00000000
00000000
00001000
00000000
00010000
,
02000000
00000000
00000000
00100000
00000000
00000000
03100000
00000000
00000000
00010000
00000000
10000000
,
00020000
00000000
00000000
01000000
00000000
00000000
01030000
00000000
00100000
10000000
00000000
00100000
,
01000000
00000000
00001000
00000000
00100000
00000000
00101000
00000000
00000000
00010000
00001000
00010000
,
00000100
00000000
00001000
00000000
00000100
00000000
00001100
00000000
00000100
00000010
00000000
00000010
,
00000001
00000000
00000100
00000000
00000010
00000000
00001010
00000000
00001000
00000001
00000000
00000001
,
00001000
00000000
00000000
00000100
00000000
00000000
00001000
00000000
00000000
00000010
00000000
00010000
,
00001000
00000000
00100000
00000000
00001000
00000000
00101000
00000000
00000000
00001000
01000000
00010000
,
01000000
00000000
00100000
00000000
10000000
00000000
10100000
00000000
00000000
01000000
00000000
00010000
,
10000000
11000000
01100000
00110000
,
00100000
00000000
00001000
00010000
00000000
00000000
00001010
00000000
00000000
00000110
00000000
00000000
,
00000001
00000100
00001000
00010000
00000000
00000000
00011000
00000000
00000000
00001010
00000000
00000000
,
00000011
00000000
00000001
00000010
00000000
00000000
00001010
00000000
00000000
00011000
00000000
00000000
,
00010000
00000000
00001000
00010000
00000000
00000000
10100000
00000000
00000000
11000000
00000000
00000000
,
00010000
00000000
10000000
01000000
00000000
00000000
00100000
00000000
00000000
00001000
00000000
00000000
,
00010000
00001000
00000100
00000010
00000000
00000000
00001010
00000000
00000000
00011000
00000000
00000000
,
00110000
00000000
00001000
00010000
00000000
00000000
00001000
00000100
00001000
00000010
00001000
00000010
,
00000100
00000001
00000100
00000001
00000000
00000000
00001001
00000000
00000000
00000101
00000000
00000000
,
00001100
00000000
00001000
00000100
00000000
00000000
00001100
00000000
00000000
00011000
00000000
00000000
,
00001000
00010000
00100000
01000000
00000000
00000000
01010000
00000000
00000000
10010000
00000000
00000000
,
00010000
00000000
00100000
01000000
00000000
00000000
11000000
00000000
00000000
10010000
00000000
00000000
,
01010000
00000000
01000000
00001000
00000000
00000000
00011000
00000000
00000000
00010010
00000000
00000000
,
00001010
00000000
00000010
00000100
00000000
00000000
00000101
00000000
00000000
00000011
00000000
00000000
,
00000001
00000010
00000100
00001000
00000000
00000100
00000000
00000000
00001000
00000010
00000000
00000000
,
00001000
00000000
00000000
00000100
00000000
00010000
00000000
00000000
00010000
00001000
00000000
00000000
,
00022000
00000000
00033000
00011000
00000000
00000000
00000000
00000000
00000000
00000000
00000000
00000000
;

//---------------dance-double - ----------------
#NOTES:
     dance-double:
     :
     Easy:
     4:
     0.288,0.361,0.134,0.042,0.000,220.000,16.000,5.000,0.000,0.000:
00000000
00000000
00000000
00000000
,
00000000
00000000
00000000
00000000
,
00000000
00000000
00000000
00000000
,
00000000
00000000
00000000
00000000
,
00000000
00000000
00000000
00000000
,
00000000
00000000
00000000
00000000
,
00000000
00000000
00000000
00000000
,
10010000
10000000
01000000
00100000
,
00010000
00010000
00010000
00000000
,
00100000
00001000
00010000
00000100
,
00001000
00001000
00001000
00000000
,
00000100
00000010
00000001
00001000
,
00000001
00000001
00000001
00000000
,
00000100
00000010
00001000
00000100
,
00010000
00000000
00010000
00000000
,
00001000
00001000
00010000
00010000
,
00001000
00100000
00010000
01000000
,
00010000
00010000
10000000
10000000
,
01000000
00100000
00010000
01000000
,
00001000
00001000
00010000
00010000
,
00000100
00001000
00000100
00000010
,
00000100
00000100
00000010
00000001
,
00001000
00000000
00000000
00000000
,
00000000
00000000
00000000
00000000
,
00000000
00000000
00000000
00000000
,
00110000
00000000
00000000
00000000
,
00011000
00000000
00000000
00000000
,
00001100
00000000
00000000
00000000
,
00000000
00000000
00000000
00000000
,
00110000
00000000
00000000
00000000
,
00011000
00000000
00000000
00000000
,
00001100
00000000
00000000
00000000
,
00000000
00000000
00000000
00000000
,
00110000
00000000
00000000
00000000
,
00011000
00000000
00000000
00000000
,
00001100
00000000
00000000
00000000
,
00000000
00000000
00000000
00000000
,
00110000
00000000
00000000
00000000
,
00011000
00000000
00000000
00000000
,
00001100
00000000
00000000
00001000
,
00001000
00000000
00000000
00000100
,
00000100
00000010
00000001
00000100
,
00000010
00000000
00000010
00000000
,
00001000
00000000
00000000
00010000
,
00010000
00000000
00000000
00100000
,
00100000
00010000
01000000
00100000
,
10000000
00000000
10000000
00000000
,
01000000
00000000
00000000
00100000
,
00100000
00000000
00000000
01000000
,
01000000
00100000
00001000
00010000
,
00001000
00000000
00001000
00000000
,
00010000
00000000
00010000
00000000
,
00000100
00000000
00000100
00000000
,
00000010
00000000
00000010
00000000
,
00000001
00000001
00000001
00000000
,
00001001
00000001
00000100
00000001
,
00001000
00001000
00001000
00000100
,
00010000
00010000
00010000
00000100
,
00001000
00001000
00001000
00000010
,
00010000
00001000
00100000
00010000
,
00100000
00100000
00100000
00001000
,
00010000
00010000
00010000
00001000
,
00100000
00100000
00100000
00010000
,
10000000
01000000
10000000
00100000
,
01000000
00000000
02000000
00000000
,
03010000
00000000
00020000
00000000
,
01030000
00000000
02000000
00000000
,
03010000
00100000
00001000
00010000
,
00001000
00000000
00002000
00000000
,
00013000
00000000
00020000
00000000
,
00031000
00011000
00010000
00000100
,
00001000
00000010
00000010
00000010
,
00001000
00000100
00000100
00000100
,
00000010
00000001
00001000
00000010
,
00000100
00000001
00001000
00000100
,
00010000
00001000
00001000
00001000
,
00010000
00000100
00000100
00000100
,
00010000
00001000
00001000
00001000
,
00010000
00001000
01000000
00010000
,
01000000
00100000
00100000
00100000
,
10000000
01000000
01000000
01000000
,
10000000
00100000
00100000
00100000
,
01000000
00010000
00100000
00010000
,
00100000
00001000
00001000
00001000
,
00010000
00000010
00000000
00000010
,
00010000
00001000
00000000
00001000
,
00010000
00011000
00000000
00000000
;

//---------------dance-double - ----------------
#NOTES:
     dance-double:
     :
     Medium:
     6:
     0.329,0.397,0.293,0.042,0.096,235.000,35.000,5.000,0.000,0.000:
00000000
00000000
00000000
00000000
,
00000000
00000000
00000000
00000000
,
00000000
00000000
00000000
00000000
,
00000000
00000000
00000000
00000000
,
00000000
00000000
00000000
00000000
,
00000000
00000000
00000000
00000000
,
00000000
00000000
00000000
00000000
,
10010000
10000000
01000000
00100000
,
00110000
00000000
10010000
00000000
,
01010000
01000000
00001000
00010000
,
00011000
00000000
00010000
00000100
,
00001100
00001000
00000100
00000010
,
00000011
00000000
00001001
00000000
,
00000101
00000001
00000100
00000010
,
00001020
00000000
00000130
00000000
,
00000010
00001000
00000100
00010000
,
00001000
01000000
00010000
00000000
,
10010000
10000000
01000000
00100000
,
00001000
00010000
00010000
00010000
,
00000100
00001000
00000010
00000100
,
00000001
00001000
00001000
00001000
,
00000100
00000010
00000001
00000100
,
00000020
00000000
00000000
00000000
,
00000030
00000000
00000000
00000000
,
00000000
00000000
00000000
00000000
,
00110000
00000000
00000000
00000000
,
00011000
00000000
00000000
00000000
,
00000101
00000000
00000000
00000000
,
00000000
00000000
00000000
00000000
,
00110000
00000000
00000000
00000000
,
00011000
00000000
00000000
00000000
,
00000101
00000000
00000000
00000000
,
00000000
00000000
00000000
00000000
,
00110000
00000000
00000000
00000000
,
00011000
00000000
00000000
00000000
,
00000101
00000000
00000000
00000000
,
00000000
00000000
00000000
00000000
,
00110000
00000000
00000000
00000000
,
00011000
00000000
00000000
00000000
,
00000101
00000001
00000100
00001000
,
00000100
00000000
00000000
00000000
,
00010000
01000000
10000000
01000000
,
00010000
00000000
00000000
00000000
,
00101000
00000000
00000000
00000000
,
00010010
00000000
00000000
00000000
,
00001010
00000000
00000000
00000000
,
00000101
00000001
00000010
00001000
,
00000010
00000000
00000000
00000000
00000000
00000000
00000000
00000000
00000000
00000000
00000000
00000100
,
00001000
00000000
00000000
00000100
00000000
00000000
00010000
00000000
00000000
00000000
00000000
00001000
,
00010000
00000000
00000000
00001000
00000000
00000000
01000000
00000000
00000000
00000000
00000000
00010000
,
10000000
00000000
00000000
00010000
00000000
00000000
00100000
00000000
00000000
00000000
00000000
01000000
,
10000000
00000000
00010000
00000000
,
01000000
00000000
00001000
00000000
,
00010000
00000000
00000100
00000000
,
00002000
00000000
00000002
00003003
,
00001001
00000000
00000000
00000001
00000000
00000000
00000100
00000000
00000000
00000001
00000000
00001000
,
00000001
00000000
00000000
00000010
00000000
00000000
00000100
00000000
00000000
00010000
00000000
00001000
,
00010000
00000000
00000000
00001000
00000000
00000000
00100000
00000000
00000000
00010000
00000000
10000000
,
00010000
01000000
00100000
10000000
,
11000000
00000000
00000000
00100000
00000000
00000000
00010000
00000000
00000000
10000000
00000000
00010000
,
10000000
00000000
00000000
00010000
00000000
00000000
00100000
00000000
00000000
00001000
00000000
00010000
,
00001000
00000000
00000000
00010000
00000000
00000000
00000100
00000000
00000000
00001000
00000000
00000010
,
00001000
00000010
00000100
00000001
,
00001000
00000000
00000000
00000100
00000000
00000000
00001000
00000000
00000000
00000001
00000000
00001000
,
00000001
00000000
00000100
00000000
,
00001000
00000000
00010000
00000000
,
01000000
00000000
10000000
00000000
,
10010000
00000000
00000000
01000000
00000000
00000000
00100000
00000000
00000000
01000000
00000000
00010000
,
10000000
00000000
01000000
00000000
,
00100000
00000000
00002000
00000000
,
00013000
00011000
00000100
00001000
,
00000001
00000000
00000100
00000001
00000000
00000000
00001000
00000000
00000000
00000100
00000000
00000000
,
00010000
00000000
00001000
00010000
00000000
00000000
00001000
00000000
00000000
01000000
00000000
00000000
,
00010000
00000000
01000000
00010000
00000000
00000000
00100000
00000000
00000000
01000000
00000000
00000000
,
00100000
10010000
10000000
00100000
,
10000000
00000000
01000000
10000000
00000000
00000000
01000000
00000000
00000000
00100000
00000000
00000000
,
00001000
00000000
00010000
00001000
00000000
00000000
00010000
00000000
00000000
00000100
00000000
00000000
,
00001000
00000000
00000001
00001000
00000000
00000000
00000010
00000000
00000000
00001000
00000000
00000000
,
00000001
00000011
00000100
00001000
,
00000001
00000000
00000100
00000001
00000000
00000000
00000010
00000000
00000000
00000100
00000000
00000000
,
00010000
00000000
00001000
00010000
00000000
00000000
00001000
00000000
00000000
00100000
00000000
00000000
,
00010000
00000000
01000000
00010000
00000000
00000000
10000000
00000000
00000000
00100000
00000000
00000000
,
01000000
10010000
00010000
01000000
,
00001000
00000000
00010000
00001000
00000000
00000000
00010000
00000000
00000000
00000100
00000000
00000000
,
00001000
00000000
00000100
00001000
00000000
00000000
00000000
00000000
00000000
00000001
00000000
00000000
,
00000000
00000100
00000000
00000010
,
00001000
00001100
00000000
00000000
;
