#TITLE:Broadbanded;
#SUBTITLE:;
#ARTIST:SADA;
#TITLETRANSLIT:Broadbanded;
#SUBTITLETRANSLIT:;
#ARTISTTRANSLIT:SADA;
#CREDIT:djKEN.;
#BANNER:Broadbanded-bn.png;
#BACKGROUND:Broadbanded-bg.png;
#LYRICSPATH:;
#CDTITLE:ddrencores2.png;
#MUSIC:Broadbanded.mp3;
#OFFSET:1.193;
#SAMPLESTART:43.370;
#SAMPLELENGTH:16.000;
#SELECTABLE:YES;
#BPMS:0.000=140.000;
#STOPS:;
#BGCHANGES:2.000=Broadbanded.mpg=1.000=1=0=1,
99999=-nosongbg-=1.000=0=0=0 // don't automatically add -songbackground-
;
// cache tags:
#FIRSTBEAT:8.000;
#LASTBEAT:280.000;
#SONGFILENAME:Songs/Encore/Broadbanded/Broadbanded.sm;
#HASMUSIC:1;
#HASBANNER:1;
#MUSICLENGTH:123.715;
// end cache tags

//---------------dance-single - ----------------
#NOTES:
     dance-single:
     :
     Hard:
     9:
     0.627,0.651,0.170,0.024,0.247,519.000,21.000,3.000,0.000,0.000:
0000
0000
0000
0000
,
0000
0000
0000
0000
,
1000
0000
0001
0000
0010
0100
1000
0000
,
0001
0000
1000
0000
0010
0100
0001
0000
,
0100
0000
1000
0000
0100
0001
0010
0000
,
0100
0000
0001
0000
0100
1000
0010
0000
,
0100
0000
0010
1000
0001
0000
0010
0001
,
1000
0000
0001
0100
1000
0000
1000
0100
,
0001
0010
0100
1000
0100
0010
0001
0100
,
2010
0001
0100
3001
,
0010
1001
0100
0011
,
1000
0110
0001
1100
,
0010
0101
1000
0011
,
0100
1001
0010
1001
,
0101
0010
0100
0000
0001
0100
1000
0000
,
1010
0100
0001
0000
1000
0100
0010
0000
,
1001
0100
0001
0010
0101
0010
0100
1000
,
1010
0000
0110
0000
1000
0100
0001
0100
,
1000
0001
0100
0010
1000
0100
1000
0100
,
0001
0100
0010
0001
1000
0010
1000
0001
,
0100
0010
0100
0010
1000
0001
0100
1000
,
0100
0010
1000
0100
0010
1000
0010
0001
,
0100
1000
0100
1000
0100
0001
0010
0100
,
1000
0100
0010
0001
0100
0010
1000
0010
,
1000
0100
1000
0100
0001
0100
0001
0100
,
1000
0010
1000
0010
0001
0010
0001
0010
,
1000
0100
0010
0001
0100
0010
0100
0010
,
1000
0001
1000
0010
0100
0001
0100
0001
,
0010
0001
1000
0100
1000
0001
0010
1000
,
0010
0001
0100
1000
0100
0001
0100
0010
,
0100
0001
1000
0100
1000
0001
0010
0001
,
1000
0010
1000
0001
0100
0001
1000
0010
,
1000
1000
0001
0001
0100
0100
0010
0010
,
1000
1000
0100
0100
0010
0010
0001
0001
,
1000
0000
0100
0000
1000
0000
0001
0100
0000
0010
0000
0100
0000
0001
1000
0000
,
0100
1000
0000
0001
1000
0000
0100
0010
0000
0100
1000
0000
0001
0010
0000
0100
,
0010
0000
0001
0000
0100
0000
0010
1000
0000
0100
0000
0010
0000
0100
1000
0000
,
0001
0100
0000
0010
0100
0000
0001
1000
0000
0100
0010
0000
0100
1000
0000
0001
,
0100
0000
0001
0000
1000
0000
0010
0100
0000
0010
0000
1000
0000
0100
0001
0000
,
0100
1000
0000
0001
1000
0000
0010
0100
0000
0001
1000
0000
0100
0010
0000
0001
,
0100
0000
1000
0000
0100
0000
0001
0010
0000
0100
0000
0001
0000
0100
1000
0000
,
0001
0100
0000
0001
1000
0000
0001
0100
0000
0010
0100
0000
0001
1000
0000
0010
,
0100
0001
0100
0001
0100
0000
0100
0001
0000
0001
0100
0000
0101
0000
0000
0000
,
1000
0100
0010
0001
0100
1000
0100
0000
,
0010
1000
0010
1000
0010
0000
0010
1000
0000
1000
0010
0000
1010
0000
0000
0000
,
0001
0000
0100
0000
0010
0000
0100
0010
0100
0010
0100
0010
1000
0000
0100
0000
,
0010
0001
0010
0001
0010
0000
0010
0001
0000
0001
0010
0000
0011
0000
0000
0000
,
1000
0010
0100
0001
0010
1000
0010
0000
,
0100
1000
0100
1000
0100
0000
0100
1000
0000
1000
0100
0000
1100
0000
0000
0000
,
0001
0100
1000
0001
0010
1000
0100
0010
,
1001
0000
0000
0000
0000
0000
0000
0000
0010
0001
0010
0000
0100
0010
0100
0000
,
1000
0010
1000
0010
0100
1000
0100
0001
,
0010
0100
1000
0001
0100
0010
0001
0010
,
0100
0010
0100
0010
1000
0100
0001
0100
,
1000
0010
1000
0001
0100
0001
1000
0001
,
0010
0100
1000
0010
0100
0001
0100
0010
,
1000
0100
0010
0001
1000
0010
1000
0100
,
1000
0010
1000
0010
0100
0001
0100
0001
,
0010
0001
0100
0001
0010
0001
1000
0001
,
0010
0100
0010
0100
1000
0010
0100
0001
,
1000
0100
1000
0100
0010
0001
0100
1000
,
0100
0010
1000
0100
0010
1000
0010
0001
,
0100
0010
1000
0001
0010
0100
1000
0001
,
0100
0010
0001
0010
1000
0001
0100
1000
,
0100
0001
0010
0100
1000
0010
1000
0100
,
1000
0001
1000
0100
0010
0100
1000
0100
,
1000
0001
0010
0001
1000
0010
1000
0001
,
1000
1000
0001
0001
0010
0010
0100
0100
,
1000
1000
0010
0010
0100
0100
0001
0001
,
2002
0000
0000
0000
,
3003
0000
0000
0000
;

//---------------dance-single - ----------------
#NOTES:
     dance-single:
     :
     Medium:
     6:
     0.372,0.453,0.323,0.032,0.000,278.000,40.000,4.000,0.000,0.000:
0000
0000
0000
0000
,
0000
0000
0000
0000
,
0001
0010
0100
0010
,
0001
1000
0010
0100
,
0010
1000
0100
1000
,
0001
0100
0001
0010
,
0100
0100
0010
0010
,
0001
0100
0010
1000
,
0001
0100
0001
0100
,
0010
1000
0010
1000
,
0100
0110
0000
0001
,
1000
1100
0000
0010
,
0100
0101
0000
0001
,
0010
0110
0000
0100
,
0010
0010
0100
0100
,
1000
0001
1000
0001
,
1001
0100
1001
0010
,
1001
0110
1001
0110
,
1000
0001
0100
0000
0010
0000
0100
0000
,
0001
0010
0100
1000
,
0001
0100
0010
0000
1000
0000
0100
0000
,
1000
0010
0100
0001
,
0100
0010
0100
0000
0100
0001
0100
0000
,
0001
0010
0100
0010
,
0100
1000
0001
0000
0101
0000
0100
0000
,
0010
1000
0001
0000
1001
0000
0010
0000
,
0001
0010
0001
0000
0100
0000
0010
0000
,
1000
0100
1000
0010
,
0100
0001
1000
0000
0100
0000
0010
0000
,
0100
1000
0010
1000
,
0100
0010
0100
0000
0100
1000
0100
0000
,
0010
0001
0100
1000
,
0100
0010
1000
0000
1100
0000
0010
0000
,
0011
0101
1010
1100
,
0001
0101
0100
0000
,
0010
0011
0001
0000
,
1000
1010
0010
0000
,
0100
0110
0010
1010
,
1000
1001
0001
0000
,
0010
0110
0100
0000
,
1000
0001
1001
1000
,
1010
0010
0110
0000
,
0100
0001
0100
0001
0100
0000
0101
0000
,
0000
0000
0000
0000
,
0010
1000
0010
1000
0010
0000
1010
0000
,
0000
0000
0000
1000
0001
1000
0001
0000
,
0010
0100
0010
0100
0010
0000
0110
0000
,
0000
0000
0000
0000
,
0100
1000
0100
1000
0100
0000
1100
0000
,
0000
0000
0000
0000
,
2002
0000
3003
0000
,
0001
1000
0100
0000
0010
0000
0100
0000
,
1000
0010
0100
0001
,
0100
0010
1000
0000
0001
0000
0010
0000
,
0001
0100
0010
1000
,
0001
0010
0001
0000
0001
0100
0001
0000
,
1000
0100
0010
0100
,
0010
0001
0100
0000
1010
0000
0010
0000
,
0100
0001
0010
0000
0110
0000
0100
0000
,
1000
0100
1000
0000
0010
0000
0100
0000
,
0001
0010
0001
0100
,
0010
1000
0100
0000
0010
0000
1000
0000
,
0010
0100
0001
0010
,
0100
1000
0100
0000
0100
0010
0100
0000
,
1000
0010
0100
0001
,
0010
0100
1000
0000
1010
0000
0010
0000
,
0101
0011
1100
1010
,
1000
0001
1000
0000
0100
0010
0100
0010
,
0001
0000
0100
0000
0010
0000
1000
0001
,
2002
0000
0000
0000
,
3003
0000
0000
0000
;

//---------------dance-single - ----------------
#NOTES:
     dance-single:
     :
     Easy:
     4:
     0.261,0.368,0.242,0.065,0.000,188.000,30.000,8.000,0.000,0.000:
0000
0000
0000
0000
,
0000
0000
0000
0000
,
0001
0000
0100
0010
,
0100
0000
0001
0000
,
1000
0000
0100
0010
,
0100
0000
1000
0000
,
0010
0000
0100
0010
,
1000
0000
0100
0010
,
0011
0000
0001
0100
,
0010
1000
0010
1000
,
1001
0000
0100
0010
,
0100
0000
0010
0000
,
0001
0000
0100
0010
,
0100
0000
0010
0000
,
1000
0000
0100
0010
,
0001
0100
0010
1000
,
1100
0000
0011
0000
,
1001
1001
1001
0000
,
1000
0000
0010
0100
,
0001
0000
0100
0000
,
0001
0000
0010
0100
,
1000
0000
0001
0000
,
1000
0000
0100
1000
,
0001
0000
0010
0001
,
0011
0000
0100
0010
,
1000
0001
1000
0001
,
1001
0000
0100
0010
,
0100
0000
0001
0000
,
0010
0000
0100
0001
,
0100
0000
1000
0000
,
0010
0100
1000
0100
,
0010
0100
1000
0001
,
0101
0000
1010
0000
,
1001
1001
1001
0000
,
0001
0001
0001
0000
,
1000
1000
1000
0000
,
0010
0010
0010
0000
,
0100
0100
0100
0000
,
0001
1000
0001
0000
,
0010
0100
0010
0000
,
0001
0100
0010
0000
,
1000
0001
0010
0000
,
0200
1000
1300
1001
,
0000
0000
0000
0000
,
0020
1000
1030
1001
,
0000
0000
0100
0010
,
0020
0100
0130
0110
,
0000
0000
0000
0000
,
0002
1000
1003
0110
,
0000
0000
0000
0000
,
2002
0000
3003
0000
,
0001
0000
0010
0100
,
0010
0000
0001
0000
,
0100
0000
0010
1000
,
0010
0000
0100
0000
,
0001
0000
0010
0100
,
1000
0001
1000
0010
,
0110
0000
0101
0000
,
1001
1001
1001
0000
,
0001
0000
0100
0010
,
1000
0000
0100
0000
,
1000
0000
0010
0100
,
0001
0000
1000
0000
,
0100
0000
0010
0001
,
1000
0000
0100
1000
,
1100
0000
0010
0100
,
0001
0010
0001
0100
,
0110
0110
0110
0110
,
0010
1000
0010
0100
,
2002
0000
0000
0000
,
3003
0000
0000
0000
;

//---------------dance-single - ----------------
#NOTES:
     dance-single:
     :
     Beginner:
     2:
     0.163,0.226,0.170,0.097,0.000,108.000,21.000,12.000,0.000,0.000:
0000
0000
0000
0000
,
0000
0000
0000
0000
,
0001
0000
1000
0000
,
0001
0000
0000
0000
,
0100
0000
0010
0000
,
0100
0000
0000
0000
,
1000
0000
0010
0000
,
0100
0000
0000
0000
,
0001
0000
0010
0000
,
0100
0000
0010
0000
,
0001
0000
0010
0000
,
0001
0000
0000
0000
,
1000
0000
0010
0000
,
1000
0000
0000
0000
,
0001
0000
0001
0000
,
1000
0000
1000
0000
,
1001
0000
1001
0000
,
1001
0000
0000
0000
,
0010
0000
0100
0000
,
0010
0000
0000
0000
,
0001
0000
1000
0000
,
0001
0000
0000
0000
,
0100
0000
1000
0000
,
0001
0000
0000
0000
,
0010
0000
1000
0000
,
0001
0000
1000
0000
,
0010
0000
1000
0000
,
0010
0000
0000
0000
,
0100
0000
1000
0000
,
0100
0000
0000
0000
,
0010
0000
0010
0000
,
0100
0000
0100
0000
,
1001
0000
1001
0000
,
1001
0000
0000
0000
,
1000
0000
1000
0000
,
0001
0000
0001
0000
,
0100
0000
0100
0000
,
0010
0000
0010
0000
,
1000
0000
0010
0000
,
1000
0000
0100
0000
,
0001
0000
0100
0000
,
0001
0000
0010
0000
,
2002
0000
3003
1001
,
0000
0000
0000
0000
,
0220
0000
0330
0110
,
0000
0000
0000
0000
,
2002
0000
3003
1001
,
0000
0000
0000
0000
,
2002
0000
3003
1001
,
0000
0000
0000
0000
,
0220
0000
0330
0000
,
0100
0000
0010
0000
,
0100
0000
0000
0000
,
1000
0000
0001
0000
,
1000
0000
0000
0000
,
0010
0000
0001
0000
,
1000
0000
0000
0000
,
0100
0000
0001
0000
,
1000
0000
0001
0000
,
0100
0000
0001
0000
,
0100
0000
0000
0000
,
0010
0000
0001
0000
,
0010
0000
0000
0000
,
0100
0000
0100
0000
,
0010
0000
0010
0000
,
0110
0000
0110
0000
,
0110
0000
0000
0000
,
1000
0000
0001
0000
,
0110
0000
0110
0000
,
2002
0000
0000
0000
,
3003
0000
0000
0000
;

//---------------dance-double - ----------------
#NOTES:
     dance-double:
     :
     Hard:
     9:
     0.611,0.651,0.137,0.024,0.247,509.000,17.000,3.000,0.000,0.000:
00000000
00000000
00000000
00000000
,
00000000
00000000
00000000
00000000
,
10000000
01000000
00100000
01000000
,
00010000
00001000
00000010
00000001
,
00000100
00000010
00000100
00001000
,
00010000
00100000
10000000
01000000
,
00100000
01000000
10000000
00100000
,
01000000
00010000
00100000
00001000
,
00010000
00001000
00010000
00000000
01000000
00100000
01000000
00000000
,
00210000
00001000
00010000
00301000
,
00010000
00010100
00001000
00001010
,
00000100
00000101
00000010
00000110
,
00001000
00001100
00010000
00011000
,
01000000
01010000
00100000
01100000
,
10000000
01000000
00010000
00000000
00010000
01000000
00100000
00000000
,
00010000
01000000
10000000
00000000
10000000
01000000
00010000
00000000
,
00100000
00001000
00010000
00001000
01000000
00010000
01000000
00001000
,
00011000
00000000
00011000
00000000
00010000
00001000
00000100
00000001
,
00000010
00000100
00000010
00000100
00001000
00000010
00000100
00000001
,
00000100
00000010
00000100
00000010
00010000
00000100
00010000
00001000
,
00100000
00010000
00100000
00010000
01000000
00100000
10000000
01000000
,
00100000
00010000
00100000
00010000
01000000
00001000
00010000
00001000
,
00100000
00010000
10000000
01000000
00100000
00010000
00100000
01000000
,
10000000
00100000
00010000
00001000
00010000
00001000
00000010
00000001
,
00000100
00000010
00000100
00000010
00001000
00000100
00001000
00000100
,
00000010
00000001
00000010
00000001
00000100
00001000
00000100
00001000
,
00010000
00100000
01000000
00100000
10000000
00010000
00100000
01000000
,
10000000
00010000
10000000
00010000
00100000
01000000
00100000
01000000
,
10000000
01000000
00010000
01000000
00100000
00001000
00100000
00010000
,
01000000
00100000
01000000
00100000
10000000
01000000
10000000
01000000
,
00100000
01000000
00010000
00001000
00010000
00100000
00010000
00001000
,
01000000
00001000
00010000
00000100
00001000
00000001
00000100
00000010
,
00001000
00001000
00000100
00000100
00001000
00001000
00000001
00000001
,
00000100
00000100
00000010
00000010
00001000
00001000
00000001
00000001
,
00000010
00000000
00000100
00000000
00000010
00000000
00000001
00001000
00000000
00000010
00000000
00000100
00000000
00000010
00010000
00000000
,
00001000
00010000
00000000
01000000
10000000
00000000
01000000
00100000
00000000
00010000
00100000
00000000
01000000
10000000
00000000
00010000
,
01000000
00000000
00100000
00000000
10000000
00000000
00010000
01000000
00000000
00100000
00000000
01000000
00000000
00010000
01000000
00000000
,
00001000
00010000
00000000
00001000
00010000
00000000
00001000
00000010
00000000
00000100
00001000
00000000
00000010
00000100
00000000
00000010
,
00001000
00000000
00000001
00000000
00000010
00000000
00000100
00001000
00000000
00000100
00000000
00010000
00000000
00001000
00000010
00000000
,
00000100
00001000
00000000
00000001
00000100
00000000
00000010
00001000
00000000
00000100
00010000
00000000
00001000
00100000
00000000
00010000
,
01000000
00000000
00100000
00000000
00010000
00000000
00100000
10000000
00000000
01000000
00000000
00100000
00000000
01000000
10000000
00000000
,
00010000
01000000
00000000
00010000
00100000
00000000
01000000
00100000
00000000
00001000
00010000
00000000
00001000
00010000
00000000
00000100
,
00010000
00001000
00010000
00001000
00010000
00000000
00010000
00001000
00000000
00001000
00010000
00000000
00011000
00000000
00000000
00000000
,
00010000
00001000
00000100
00000001
00000010
00001000
00010000
00000000
,
00001000
00010000
00001000
00010000
00001000
00000000
00001000
00010000
00000000
00010000
00001000
00000000
00011000
00000000
00000000
00000000
,
00001000
00000000
00010000
00000000
00100000
00000000
10000000
00100000
10000000
00100000
10000000
00100000
10000000
00000000
01000000
00000000
,
00100000
01000000
00100000
01000000
00100000
00000000
00100000
01000000
00000000
01000000
00100000
00000000
01100000
00000000
00000000
00000000
,
10000000
01000000
10000000
01000000
00100000
00010000
00100000
00000000
,
00001000
00010000
00001000
00010000
00001000
00000000
00001000
00010000
00000000
00010000
00001000
00000000
00011000
00000000
00000000
00000000
,
00001000
00010000
00100000
10000000
01000000
00010000
00001000
00010000
,
00011000
00000000
00000000
00000000
00000000
00000000
00000000
00000000
00000100
00000010
00000100
00000000
00000010
00001000
00000010
00000000
,
00001000
00000100
00001000
00000010
00000100
00000001
00000100
00000010
,
00010000
00000100
00010000
00000100
00010000
00001000
00010000
00001000
,
01000000
00100000
01000000
00010000
00100000
01000000
10000000
00010000
,
01000000
00100000
01000000
00100000
10000000
01000000
10000000
01000000
,
00100000
00010000
01000000
00010000
00100000
01000000
00010000
00001000
,
00000010
00000001
00000010
00000100
00001000
00000010
00000100
00000010
,
00001000
00000001
00001000
00000001
00000100
00000010
00000100
00000010
,
00010000
00001000
00010000
00001000
00000010
00000100
00000010
00000100
,
00001000
00000010
00000100
00001000
00010000
00100000
01000000
00010000
,
10000000
01000000
10000000
01000000
00100000
00010000
00100000
00010000
,
01000000
00100000
10000000
00010000
10000000
01000000
00100000
00010000
,
01000000
00100000
01000000
00100000
00010000
00100000
00010000
00100000
,
10000000
01000000
00010000
00001000
00000010
00001000
00010000
00001000
,
00000100
00000001
00000010
00000100
00001000
00000010
00000100
00000001
,
00001000
00000100
00001000
00000100
00001000
00000001
00001000
00000001
,
00000100
00000010
00000100
00000010
00010000
00000010
00010000
00000010
,
00010000
00010000
00001000
00001000
01000000
01000000
00010000
00010000
,
00100000
00100000
01000000
01000000
10000000
10000000
00010000
00010000
,
20020000
00000000
00000000
00000000
,
30030000
00000000
00000000
00000000
;

//---------------dance-double - ----------------
#NOTES:
     dance-double:
     :
     Medium:
     6:
     0.353,0.424,0.396,0.032,0.000,253.000,49.000,4.000,0.000,0.000:
00000000
00000000
00000000
00000000
,
00000000
00000000
00000000
00000000
,
10000000
01000000
00010000
01000000
,
11000000
00000000
00110000
00000000
,
00100000
00001000
00010000
00001000
,
00011000
00000000
00010100
00000000
,
00001000
00010000
00001000
00000010
,
00000001
00000100
00000001
00000010
,
00000110
00000000
00001001
00000010
,
00001010
00000000
00000010
00000100
,
00001000
00011000
00000000
00010000
,
01000000
11000000
00000000
00100000
,
00010000
10010000
00000000
01000000
,
00001000
00011000
00000000
00010000
,
00000010
00001010
00000100
00000001
,
00000010
00000110
00000100
00001000
,
00000010
00010010
00010000
00011000
,
00001000
01001000
01010000
01100000
,
00010000
00100000
01000000
00000000
10000000
00000000
01000000
00000000
,
00010000
01000000
00100000
00010000
,
01000000
00001000
00010000
00000000
00001000
00000000
00000100
00000000
,
00001000
00010000
00001000
00000010
,
00000001
00000100
00000001
00000000
00000001
00000010
00000001
00000000
,
00001000
00000010
00000100
00001000
,
00010000
00001000
00010000
00000000
00011000
00000000
00010000
00000000
,
00100000
10000000
00010000
00000000
00110000
00000000
00100000
00000000
,
01000000
00100000
01000000
00000000
10000000
00000000
01000000
00000000
,
00010000
01000000
00100000
00010000
,
01000000
00010000
00100000
00000000
00001000
00000000
00010000
00000000
,
00000100
00000010
00000001
00001000
,
00000010
00000100
00000010
00000000
00000010
00001000
00000010
00000000
,
00000100
00000001
00000010
00000100
,
00010000
00000100
00001000
00000000
00001010
00000000
00000100
00000000
,
00001001
00001010
00010010
00011000
,
00010000
00001000
01000000
00000000
,
00100000
01000000
00010000
00000000
,
00100000
00010000
00100000
00000000
,
01000000
10000000
00010000
01000000
,
00001000
00010000
00001000
00000000
,
00000100
00000001
00000010
00000000
,
00000100
00000010
00000001
00000100
,
00001000
00010000
00100000
00000000
,
10000000
00010000
10000000
00010000
10000000
00000000
10010000
00000000
,
00000000
00000000
00000000
00000000
,
01000000
00010000
01000000
00010000
01000000
00000000
01010000
00000000
,
00000000
00000000
00000000
00010000
00001000
00010000
00001000
00000000
,
00000100
00001000
00000100
00001000
00000100
00000000
00001100
00000000
,
00000000
00000000
00000000
00000000
,
00000001
00001000
00000001
00001000
00000001
00000000
00001001
00000000
,
00000000
00000000
00000000
00000000
,
00002002
00000000
00003003
00000000
,
00000001
00000010
00001000
00000010
,
00000011
00000000
00001100
00000000
,
00000100
00010000
00001000
00010000
,
00011000
00000000
00101000
00000000
,
00010000
00001000
00010000
01000000
,
10000000
00100000
10000000
01000000
,
01100000
00000000
10010000
01000000
,
01010000
00000000
01000000
00100000
,
00010000
00011000
00000000
00001000
,
00000010
00000011
00000000
00000100
,
00001000
00001001
00000000
00000010
,
00010000
00011000
00000000
00001000
,
01000000
01010000
00100000
10000000
,
01000000
01100000
00100000
00010000
,
01000000
01001000
00001000
00011000
,
00010000
00010010
00001010
00000110
,
00001000
00000100
00000010
00000000
00000001
00000100
00000010
00000000
,
00010000
00001000
00010000
00001000
01000000
00100000
01000000
00100000
,
20020000
00000000
00000000
00000000
,
30030000
00000000
00000000
00000000
;

//---------------dance-double - ----------------
#NOTES:
     dance-double:
     :
     Easy:
     4:
     0.256,0.368,0.202,0.065,0.000,189.000,25.000,8.000,0.000,0.000:
00000000
00000000
00000000
00000000
,
00000000
00000000
00000000
00000000
,
00010000
00000000
00001000
00100000
,
00001000
00000000
00010000
00000000
,
01000000
00000000
00100000
01000000
,
00100000
00000000
00010000
00000000
,
01000000
00000000
00100000
10000000
,
00010000
00000000
01000000
00010000
,
00110000
00000000
00001000
00010000
,
00001000
01000000
00010000
00100000
,
00001000
00000000
00010000
00001000
,
00010000
00000000
00000100
00000000
,
00001000
00000000
00000100
00000010
,
00000100
00000000
00001000
00000000
,
00000001
00000000
00000100
00000010
,
00001000
00000100
00000010
00000100
,
00000110
00000000
00000011
00000000
,
00001010
00001010
00001010
00000000
,
00001000
00000000
00000010
00000100
,
00001000
00000000
00010000
00000000
,
00001000
00000000
00010000
00100000
,
01000000
00000000
00010000
00000000
,
00100000
00000000
01000000
10000000
,
00010000
00000000
01000000
00100000
,
10100000
00000000
01000000
00010000
,
00100000
00001000
00010000
00001000
,
00010000
00000000
00001000
00000010
,
00000001
00000000
00000100
00000000
,
00000010
00000000
00001000
00000100
,
00001000
00000000
00000001
00000000
,
00001000
00000100
00000010
00000001
,
00000100
00001000
00010000
00001000
,
00011000
00000000
00110000
00000000
,
10010000
10010000
10010000
00000000
,
01000000
01000000
01000000
00000000
,
00010000
00010000
00010000
00000000
,
10000000
10000000
10000000
00000000
,
01000000
01000000
01000000
00000000
,
00010000
00001000
00010000
00000000
,
00001000
00000010
00001000
00000000
,
00010000
00000100
00010000
00000000
,
00000010
00001000
00000001
00000000
,
00000020
00000100
00000130
00000110
,
00000000
00000000
00000000
00000000
,
00002000
00000001
00003001
00001001
,
00000000
00000000
00000010
00010000
,
00002000
00010000
00013000
00011000
,
00000000
00000000
00000000
00000000
,
00020000
00100000
00130000
00110000
,
00000000
00000000
00000000
00000000
,
20020000
00000000
30030000
00000000
,
01000000
00000000
00100000
00001000
,
00100000
00000000
00001000
00000000
,
00010000
00000000
00000010
00001000
,
00000010
00000000
00000100
00000000
,
00000001
00000000
00000010
00000001
,
00001000
00000000
00000010
00001000
,
00001100
00000000
00010000
00001000
,
00010000
00000010
00001000
00000100
,
00010000
00000000
00001000
00010000
,
00001000
00000000
00100000
00000000
,
00010000
00000000
00100000
01000000
,
00100000
00000000
00010000
00000000
,
10000000
00000000
00100000
01000000
,
00010000
00100000
01000000
00100000
,
01100000
00000000
11000000
00000000
,
01010000
01010000
01010000
01010000
,
00010000
00100000
01000000
00010000
,
00001000
00010000
00001000
00010000
,
00022000
00000000
00000000
00000000
,
00033000
00000000
00000000
00000000
;
