#TITLE:symbolic;
#SUBTITLE:;
#ARTIST:TaQ;
#TITLETRANSLIT:;
#SUBTITLETRANSLIT:;
#ARTISTTRANSLIT:;
#CREDIT:;
#BANNER:symbolic.png;
#BACKGROUND:symbolic-bg.png;
#LYRICSPATH:;
#CDTITLE:dmashuras2.png;
#MUSIC:symbolic.mp3;
#OFFSET:-0.391;
#SAMPLESTART:92.750;
#SAMPLELENGTH:12.000;
#SELECTABLE:NO;
#BPMS:0.000=155.000;
#STOPS:;
#BGCHANGES:;
// cache tags:
#FIRSTBEAT:16.000;
#LASTBEAT:302.000;
#SONGFILENAME:Songs/DDI/symbolic/Symbolic.sm;
#HASMUSIC:1;
#HASBANNER:1;
#MUSICLENGTH:119.936;
// end cache tags

//---------------dance-single - ----------------
#NOTES:
     dance-single:
     :
     Hard:
     9:
     0.753,0.913,0.475,0.192,0.225,552.000,57.000,23.000,0.000,0.000:
0000
0000
0000
0000
,
0000
0000
0000
0000
,
0000
0000
0000
0000
,
0000
0000
0000
0000
,
0010
0000
0101
0000
0100
0010
1010
0000
,
0101
0000
0100
1000
0001
0010
1010
0000
,
0010
0000
1100
0000
0100
0010
0011
0000
,
1100
0000
0100
1000
0010
0000
0100
0110
,
0000
1000
1001
0000
1000
0010
0101
0000
,
0001
0010
0100
1000
0010
0100
0001
0000
,
0010
0010
0110
0000
0010
0100
1001
0000
,
0220
0000
0000
0000
0330
0000
1000
0000
0001
0000
0010
0000
0100
1000
0100
0000
,
1000
0001
1001
0000
0100
0010
1000
0001
,
0000
0000
1000
0000
0100
0000
0010
0000
0001
0000
1000
0000
0010
0100
0010
0000
,
1000
0100
0110
0000
0001
0010
0100
1000
,
0000
0010
1000
0001
0100
0010
0100
1001
,
0000
0010
1001
0000
0010
1000
0100
1000
,
0000
0000
0010
0000
0000
0000
0100
0000
0001
0000
0010
0000
0001
0100
0001
0000
,
1000
0100
0011
0000
0001
0100
1010
0000
,
1000
0001
0010
0100
1000
0010
0100
0001
,
1000
0000
1000
0000
0011
0000
0000
0000
1100
0000
0010
0000
0100
0000
1000
0001
,
2000
0001
3001
1001
,
0001
0000
0001
0000
1010
0000
0000
0000
0101
0000
0010
0000
0100
0000
0001
1000
,
0002
0000
1000
0000
1003
0000
1001
0110
,
0000
0000
0110
0000
1001
0000
0000
0000
0001
0000
1000
0000
0001
0000
0100
0010
,
0200
0010
0310
0110
,
0010
0000
0010
0000
1001
0000
0000
0000
1000
0000
0001
0000
1000
0000
0100
0010
,
0200
0000
0000
0010
0010
0010
0310
0000
,
1000
0100
1000
0100
0010
0001
0010
0001
,
1000
0010
1000
0010
0100
0001
0100
0001
,
1000
0001
1000
0001
0010
0100
0010
0100
,
1000
0001
1000
0001
0100
0010
0100
0010
,
1000
0100
0001
0100
1000
0010
0001
0010
,
0100
0001
1000
0100
0010
1000
0010
0100
,
1000
0001
0100
0010
0001
0010
0100
1000
,
2002
0000
0000
0000
3003
0000
1000
0000
0001
0000
0100
0000
0010
1000
0010
0000
,
0000
0100
0001
1000
0100
0010
0001
0010
,
1000
0000
0010
0000
0001
0000
0100
0000
0010
0000
1000
0000
0001
0100
0001
0000
,
0010
0100
1000
0010
0001
0010
0100
0001
,
1000
0000
0100
0000
0010
0000
1000
0000
0010
0000
0001
0000
0100
0010
0100
0000
,
0001
0100
1000
0001
0010
1000
0001
0100
,
1000
0000
0001
0000
0010
0000
1000
0000
0001
0000
0010
0000
0100
1000
0100
0000
,
1000
0100
0001
1000
0010
0001
1000
0100
,
0001
0000
1000
0000
0010
0000
0001
0000
1000
0000
0010
0000
0100
0001
0100
0000
,
0001
0010
1001
0000
1000
0010
1001
0000
,
1000
0000
0010
0000
0100
0000
0001
0000
1000
0100
1000
0000
0001
0100
0001
0000
,
1000
0010
0101
0000
0001
0010
1100
0000
,
0001
0000
1000
0000
0010
0000
0100
0000
0001
0100
0001
0000
1000
0010
1000
0000
,
0010
0100
0101
0001
0010
0100
1100
1000
,
0010
0000
0100
0000
0001
0000
0010
0000
0100
1000
0100
0000
0010
0001
0010
0000
,
0100
1000
1010
0010
0100
0001
0011
0001
,
0010
0000
0100
0000
1000
0000
0010
0000
1000
0010
1000
0010
0100
0001
0100
0001
,
2000
0000
0010
0000
0001
0001
0002
0000
,
0003
0000
0100
0000
0001
0001
3001
0110
,
1002
0000
0010
0000
1000
1000
2000
0000
,
3000
0000
0100
0000
1000
1000
1003
0110
,
1001
1000
1000
2000
0100
0100
0100
3200
,
0010
0010
0010
0320
0001
0001
0001
0032
,
1003
2000
3100
0200
0310
0020
0031
0002
,
1003
0100
1000
0100
0010
0001
0010
0001
0100
0010
0100
0010
1000
0001
1000
0001
,
2000
0000
3010
0000
0100
0001
0101
0000
,
0001
0000
0010
0000
0100
0000
1000
0000
0010
0000
0100
0000
0001
1000
0001
1000
,
0002
0000
1003
0000
0100
0001
0101
0000
,
1000
0000
0100
0000
0010
0000
0001
0000
0010
0000
0100
0000
1000
0010
1000
0010
,
2000
0000
3100
0000
0001
1000
1001
0000
,
0010
0000
0100
0000
0001
0000
1000
0000
0100
0000
1000
0000
0001
0100
0001
0100
,
0001
1000
0010
1000
0100
0010
0001
0010
,
0001
0100
0001
0100
0010
1000
0010
1000
0001
0010
0001
0010
0100
1000
0100
1000
,
0001
0100
1010
0010
1000
0100
0011
0001
,
0010
0000
0100
0000
1001
0000
0001
0000
0010
0000
0100
0000
1000
0001
1000
0001
,
1000
0100
1100
0001
0100
0001
0101
1000
,
0010
0000
0100
0000
0110
0000
0100
0000
0001
0000
0010
0000
0001
1000
0001
1000
,
0001
0010
1100
0100
1000
0010
0101
0001
,
0010
0000
0100
0000
1100
0000
0100
0000
0010
0000
0001
0000
1000
0001
1000
0001
,
1000
0010
1001
0010
0001
0010
1001
1000
,
0001
0010
0100
1000
0010
0100
0001
1000
0010
0000
0000
0000
0000
0000
0000
0000
;

//---------------dance-double - ----------------
#NOTES:
     dance-double:
     :
     Hard:
     9:
     0.653,0.661,0.300,0.092,0.121,501.000,36.000,11.000,0.000,0.000:
00000000
00000000
00000000
00000000
,
00000000
00000000
00000000
00000000
,
00000000
00000000
00000000
00000000
,
00000000
00000000
00000000
00000000
,
10000000
00000000
01100000
00000000
00010000
01000000
01100000
00000000
,
10000000
00000000
10000000
01000000
00010000
00001000
00000010
00000000
,
00000001
00000000
00000110
00000000
00000001
00000100
00000110
00000000
,
00000010
00001000
00000001
00000010
00001000
00010000
00100000
10100000
,
00000000
10000000
10010000
00000000
10000000
00010000
00100000
00000000
,
01000000
10000000
00010000
01000000
00001000
00010000
00000100
00000000
,
00000010
00000010
00000001
00000000
00000100
00000100
00000001
00000000
,
00002001
00000000
00000000
00000010
00000010
00000010
00003010
00000000
,
00000010
00001000
00000001
00000000
00000010
00000001
00001000
00000000
,
00000001
00000100
00001000
00010000
00100000
10000000
00010000
00000000
,
00100000
10000000
00010000
00000000
00100000
00010000
10000000
00000000
,
00100000
10000000
01000000
00010000
00001000
00000010
00000001
00001001
,
00000000
00001000
00001001
00000000
00001000
00000010
00001000
00000000
,
00000001
00000100
00001000
00010000
00001000
00000010
00000001
00000000
,
00000100
00001000
00000100
00000000
00001000
00010000
00001000
00000000
,
00010000
00100000
10000000
01000000
00010000
00001000
00010000
01000000
,
10000000
10000000
00010000
00000000
01000000
01000000
00001000
00010000
,
02000000
10000000
13000000
10010000
,
00010000
00010000
00100000
00000000
00001000
00001000
00010000
00000100
,
00000020
00000000
00000001
00000000
00000031
00000000
00000001
00001100
,
00000000
00001000
00000101
00000000
00000001
00000001
00000100
00000010
,
00002000
00000100
00003100
00010100
,
00010000
00010000
00001000
00000000
00010000
00010000
00100000
10000000
,
02000000
00000000
00000000
00010000
00010000
00010000
03010000
00000000
,
01000000
10000000
01000000
10000000
00100000
01000000
00100000
01000000
,
00010000
00100000
00010000
00100000
00001000
00010000
00001000
00010000
,
00000100
00001000
00000100
00001000
00000010
00000100
00000010
00000100
,
00000001
00000010
00000001
00000010
00000100
00001000
00000010
00000100
,
00000001
00000010
00000100
00001000
00000010
00000100
00001000
00010000
,
00100000
01000000
00010000
00100000
01000000
10000000
00100000
01000000
,
00010000
10000000
01000000
00010000
01000000
10000000
00100000
01000000
,
00002000
00000000
00000000
00010000
00010000
00010000
00013000
00000000
,
00010000
00100000
10000000
01000000
00100000
01000000
10000000
00010000
,
01000000
00000000
00100000
00000000
10000000
00000000
01000000
00000000
00010000
00000000
00001000
00000000
00010000
00001000
00010000
00000000
,
00001000
00000010
00000001
00000100
00000010
00000100
00000001
00001000
,
00000100
00000000
00000010
00000000
00000001
00000000
00000100
00000000
00001000
00000000
00010000
00000000
00001000
00010000
00001000
00000000
,
00010000
00100000
10000000
01000000
00100000
00010000
10000000
00100000
,
01000000
00000000
00010000
00000000
00100000
00000000
00010000
00000000
01000000
00000000
00001000
00000000
00010000
00001000
00010000
00000000
,
00001000
00000010
00000001
00000100
00000010
00001000
00000001
00000010
,
00000100
00000000
00001000
00000000
00000010
00000000
00001000
00000000
00000100
00000000
00010000
00000000
00001000
00010000
00001000
00000000
,
00010000
00100000
10000000
00000000
10000000
00100000
00010000
00000000
,
00010000
00100000
10000000
01000000
00010000
00001000
00011000
00000000
,
00001000
00000010
00000001
00000000
00000001
00000010
00001000
00000000
,
00001000
00000010
00000001
00000100
00001000
00010000
00011000
00000000
,
00001000
01000000
00010000
10000000
01000000
00100000
00010000
01000000
,
00001000
00010000
00000100
00001000
00000010
00000100
00000101
00000000
,
00000100
00000001
00000010
00000100
00001000
00000010
00010000
00001000
,
00100000
00010000
01000000
00100000
10000000
01000000
00010000
00001000
,
00021000
00000000
00001000
00000000
00000010
00000010
00000010
00000000
,
00000000
00000000
00000000
00000100
00000100
00000100
00030100
00000000
,
00012000
00000000
00010000
00000000
00100000
00100000
00100000
00000000
,
00000000
00000000
00000000
01000000
01000000
01000000
01003000
00000000
,
00100000
10000000
00100000
10000000
00010000
01000000
00010000
01000000
,
00001000
00010000
00001000
00010000
00000100
00001000
00000100
00001000
,
00000001
00000010
00000001
00000010
00000100
00010000
00000100
00010000
,
00001000
00000000
00010000
00000000
00001000
00000000
00010000
00000000
00001000
00010000
00001000
00010000
00001000
00010000
00001000
00010000
,
00002000
00000000
00013000
00000000
00010000
00100000
10000000
00000000
,
10000000
00000000
01000000
00000000
10000000
00000000
01000000
00000000
00010000
00000000
00001000
00000000
00010000
00001000
00010000
00001000
,
00020000
00000000
00031000
00000000
00001000
00000010
00000001
00000000
,
00000001
00000000
00000100
00000000
00001000
00000000
00010000
00000000
00100000
00000000
10000000
00000000
00010000
10000000
00010000
10000000
,
00020000
00000000
10030000
00000000
00100000
10000000
00100000
00000000
,
10000000
00000000
01000000
00000000
00010000
00000000
00001000
00000000
00000100
00000000
00000001
00000000
00001000
00000001
00001000
00000001
,
00001000
00000010
00000100
00000001
00000100
00000010
00001000
00000100
,
00010000
00000000
00001000
00000000
00010000
00000000
00001000
00000000
00010000
00001000
00010000
00001000
00010000
00001000
00010000
00001000
,
00010000
00110000
10100000
11000000
,
01010000
00000000
00000000
00000000
00110000
00000000
00000000
00000000
00011000
00000000
00000000
00000000
00001000
00010000
00001000
00010000
,
00001000
00001010
00000011
00000101
,
00001100
00000000
00000000
00000000
00001010
00000000
00000000
00000000
00011000
00000000
00000000
00000000
00001000
00010000
00001000
00010000
,
00001000
00101000
01010000
10100000
,
11000000
00000000
00000000
00000000
01100000
00000000
00000000
00000000
00101000
00000000
00000000
00000000
00010000
00001000
00010000
00001000
,
00010000
00000000
00001000
00000000
00000010
00000000
00000001
00000000
00000100
00000000
00001000
00000000
00010000
00000000
00100000
01000000
,
00100000
01000000
00100000
01000000
00100000
01000000
00100000
10000000
00010000
00000000
00000000
00000000
00000000
00000000
00000000
00000000
;

//---------------dance-double - ----------------
#NOTES:
     dance-double:
     :
     Easy:
     5:
     0.400,0.567,0.509,0.125,0.000,260.000,61.000,15.000,0.000,0.000:
00000000
00000000
00000000
00000000
,
00000000
00000000
00000000
00000000
,
00000000
00000000
00000000
00000000
,
00000000
00000000
00000000
00000000
,
10000000
10000000
00010000
00010000
,
10000000
01000000
00010000
00001000
,
00010000
00010000
00001000
00001000
,
00010000
00001000
00000100
00001001
,
00000000
00001001
00000001
00000100
,
00000001
00000010
00000100
00001000
,
00000001
00000101
00000100
00001000
,
00020000
00000000
00000000
00031000
,
00010000
01001000
00001000
00010100
,
00000100
00000010
00000001
00000100
,
00001000
00010010
00010000
00101000
,
00100000
00010000
01000000
10010000
,
00000000
10010000
10000000
00100000
,
01000000
00010000
10000000
10000000
,
01000000
00110000
00100000
00001000
,
00010000
00000100
00000010
00000010
,
00000001
00001001
00000001
00000100
,
00000010
00000010
00000010
00000010
,
00000100
00001010
00001000
00000100
,
00010000
00010000
00010000
00011000
,
00000000
00011000
00010000
00100000
,
10000000
10000000
10000000
10000000
,
01000000
01100000
00100000
00001000
,
00002000
00000000
00000000
00013000
,
00020000
00100000
00100000
00100000
,
00230000
10000000
10000000
10000000
,
20300000
01000000
01000000
01000000
,
32000000
00010000
00010000
00010000
,
03020000
00001000
00001000
00001000
,
00032000
00000010
00000010
00000010
,
00003020
00000001
00000001
00000031
,
00000000
00000000
00001010
00000101
,
00000000
00000001
00000100
00001000
,
00010000
01000000
10000000
10000000
,
00100000
10000000
01000000
00010000
,
00001000
00000100
00000001
00000001
,
00000100
00000001
00000010
00001000
,
00010000
00100000
10000000
10000000
,
01000000
10000000
00100000
00010000
,
00001000
00000010
00000001
00000001
,
00000100
00001001
00000010
00001001
,
00000001
00000010
00000100
00001000
,
00000010
00011000
00100000
00011000
,
00001000
00010000
00100000
10000000
,
00100000
10010000
01000000
10010000
,
10000000
01000000
00100000
00010000
,
01000000
00011000
00000100
00011000
,
00010000
00001000
00000100
00000001
,
00002002
00000000
00000000
00000000
,
00000000
00000000
00000000
00003003
,
00022000
00000000
00000000
00000000
,
00000000
00000000
00000000
00033000
,
20020000
00000000
00000000
30000000
,
10000000
10000000
10000000
10030000
,
10000000
01000000
00010000
00001000
,
00000100
00000001
00000010
00000010
,
00001001
00001001
00000001
00000100
,
00001000
00010000
00100000
10000000
,
10010000
10010000
10000000
01000000
,
00010000
00001000
00000010
00000001
,
00000101
00000101
00000010
00000100
,
00001000
00010000
00100000
01000000
,
11000000
11000000
00100000
01000000
,
00010000
00001000
00000010
00000100
,
00000101
00000101
00000110
00000110
,
00001010
00001010
00001100
00001100
,
00010100
00010100
00011000
00011000
,
01001000
01001000
01010000
01010000
,
00110000
00110000
01100000
01100000
,
11000000
11000000
10010000
10010000
,
10000000
00100000
01000000
00010000
,
00100000
00001000
00011000
00000000
;

//---------------dance-single - ----------------
#NOTES:
     dance-single:
     :
     Medium:
     7:
     0.512,0.535,0.267,0.167,0.000,378.000,32.000,20.000,0.000,0.000:
0000
0000
0000
0000
,
0000
0000
0000
0000
,
0000
0000
0000
0000
,
0000
0000
0000
0000
,
0010
0101
0010
1100
,
0001
0000
1000
0000
0001
0010
0100
0000
,
0010
1100
0010
0101
,
1000
0000
0001
0000
0100
0010
1000
0001
,
0000
1000
0001
0000
1000
0001
0010
0000
,
0100
0000
1000
0000
0001
0010
0001
0000
,
1000
1000
0100
0000
0001
0001
0100
0000
,
0010
0000
0000
1000
0001
1000
0001
0000
,
1000
0000
1010
0000
1000
0001
1000
0000
,
0001
0000
0010
0000
0100
1000
0100
0000
,
0001
0000
0101
0000
0001
1000
0001
0000
,
1000
0000
0100
0000
0010
0001
0100
0010
,
0000
0100
0010
0000
1000
0001
1000
0000
,
0001
0000
1000
0000
0100
0010
0001
0000
,
0100
0000
0100
0000
0010
1000
0010
0000
,
1000
0000
1000
0000
0001
0010
0001
0000
,
0100
0100
0010
0000
0100
0010
0100
0000
,
0002
1000
1000
1003
,
0100
0100
0010
0000
0100
0010
0100
0000
,
2000
0000
0001
0000
3001
0000
0001
1000
,
0000
0001
1000
0000
0010
1000
0001
0000
,
0020
0100
0100
0130
,
0010
0010
0001
0000
1000
0010
1000
0000
,
0010
0000
0000
0100
0001
1000
0010
0000
,
2000
0100
0010
0100
,
3002
0100
0010
0100
,
2003
0100
0001
0010
,
3002
0100
1000
0010
,
2003
0100
3002
0100
,
2003
0010
3002
0010
,
2003
3002
2003
3002
,
0003
0000
0000
0100
0010
0100
0010
0000
,
0000
1100
0001
0101
,
1000
0000
0100
0000
0010
0001
0100
0000
,
0001
0101
1000
1100
,
0001
0000
0010
0000
0100
1000
0010
0000
,
0100
1001
0010
1001
,
1000
0000
0001
0000
0100
0010
0100
0000
,
0010
1001
0100
1001
,
0001
0000
1000
0000
0100
0010
0100
0000
,
1000
1000
0100
0000
0001
0100
0001
0000
,
1000
0000
0100
0000
0010
0001
1000
0000
,
0001
0001
0100
0000
0010
1000
0010
0000
,
1000
0000
0001
0000
0100
0010
1000
0000
,
0001
0001
1000
0000
1000
1000
0001
0000
,
1000
0000
0010
0000
0100
0010
0100
0000
,
1000
1000
0001
0000
0001
0001
1000
0000
,
0001
1000
0001
1000
0100
0010
0100
0010
,
0002
0000
0100
0000
0100
0100
0100
0000
,
0000
0000
0000
0010
0010
0010
0013
0000
,
2000
0000
0100
0000
0100
0100
0100
0000
,
0000
0000
0000
0010
0010
0010
3010
0000
,
0100
1000
0100
1000
0010
1000
0010
1000
,
0010
0100
0010
0100
0001
0100
0001
0100
,
0001
0010
0100
1000
0001
0010
0100
1000
,
0001
1000
0001
1000
0001
1000
0001
0001
,
0002
0000
1003
0000
0010
1000
0010
0000
,
1000
0100
0001
0100
1000
0000
1000
1000
,
2000
0000
3001
0000
0010
0001
0010
0000
,
0001
0100
1000
0100
0001
0000
1000
1000
,
2000
0000
3001
0000
0100
0010
1000
0000
,
1000
0100
0010
0001
1000
0000
0001
0001
,
0001
0100
0010
1000
0001
0100
0010
1000
,
0010
0100
0010
0100
0010
0100
0010
0100
,
0010
1100
1001
0101
,
0110
0000
1010
0000
0101
0000
1000
1000
,
1000
0101
1001
1100
,
0110
0000
0011
0000
1100
0000
0001
0001
,
0001
0110
1010
0101
,
0011
0000
1100
0000
1001
0000
1000
1000
,
1000
0100
0010
0001
1000
0100
0010
0001
,
1000
0001
1000
0001
1000
0000
0000
0000
;

//---------------dance-single - ----------------
#NOTES:
     dance-single:
     :
     Beginner:
     2:
     0.216,0.283,0.242,0.000,0.000,152.000,29.000,0.000,0.000,0.000:
0000
0000
0000
0000
,
0000
0000
0000
0000
,
0000
0000
0000
0000
,
0000
0000
0000
0000
,
0100
0000
0000
0000
,
0010
0000
0000
0000
,
0100
0000
0000
0000
,
0010
0000
0000
1001
,
0000
1001
0000
0000
,
0001
0000
0000
0000
,
1000
0000
0000
0000
,
0110
0000
0000
0000
,
1000
0000
1000
0000
,
0001
0000
0001
0000
,
0100
0000
0100
0000
,
0010
0000
0000
1001
,
0000
1001
0000
0000
,
0100
0000
0100
0000
,
0010
0000
0010
0000
,
1000
0000
1000
0000
,
0001
0001
0001
0001
,
0001
0000
0001
0000
,
1000
1000
1000
1000
,
1000
0000
0000
0110
,
0000
0110
0000
0000
,
0001
0000
0001
0000
,
0100
0100
0100
0000
,
0010
0000
0000
0110
,
0000
1000
0000
1000
,
0000
0100
0000
0100
,
0000
0010
0000
0010
,
0000
0001
0000
0001
,
0000
0100
0000
0100
,
0000
0010
0000
0010
,
0000
1000
0000
1000
,
0000
0000
1001
1001
,
0000
1000
1000
1000
,
1000
1000
1000
1000
,
0000
0001
0001
0001
,
0001
0001
0001
0001
,
0000
0010
0010
0010
,
0010
0010
0010
0010
,
0000
0100
0100
0100
,
0100
0100
0100
0100
,
0000
1001
0000
1001
,
0000
0000
0110
0110
,
0000
0110
0000
0110
,
0000
0000
1001
1001
,
0000
1000
1000
1000
,
0000
0001
0001
0001
,
0000
0010
0010
0010
,
0000
0100
0100
0000
,
1001
0000
0000
0000
,
0000
0000
0000
0000
,
0110
0000
0000
0000
,
0000
0000
0000
0000
,
1001
0000
0000
0000
,
0000
0000
0000
0000
,
0100
0100
0100
0100
,
0100
0100
0100
0000
,
1001
0000
1000
0000
,
0100
0000
0010
0000
,
1001
0000
0001
0000
,
0100
0000
0010
0000
,
1001
0000
1000
0000
,
0001
0000
0100
0000
,
0010
0010
0010
0010
,
0010
0010
0010
0000
,
1001
0000
1000
0000
,
1000
0000
1000
0000
,
1001
0000
0001
0000
,
0001
0000
0001
0000
,
0110
0000
0100
0000
,
0100
0000
0100
0000
,
0110
0000
0010
0000
,
0010
0000
1001
0000
;

//---------------dance-single - ----------------
#NOTES:
     dance-single:
     :
     Easy:
     5:
     0.404,0.567,0.584,0.050,0.000,263.000,70.000,6.000,0.000,0.000:
0000
0000
0000
0000
,
0000
0000
0000
0000
,
0000
0000
0000
0000
,
0000
0000
0000
0000
,
1000
0100
0001
0100
,
1000
0100
0010
0001
,
0001
0100
1000
0100
,
0001
0100
0010
1001
,
0000
1001
0010
1000
,
0100
0010
0001
1000
,
0010
1001
1000
0001
,
0020
0000
0000
0130
,
0001
1001
1000
1000
,
0010
0100
0001
1000
,
0010
1001
0001
0001
,
1000
0100
0010
1001
,
0000
1001
0010
0010
,
1000
0001
1000
0001
,
0010
1001
0100
0100
,
0001
1000
0001
1000
,
1000
0011
0001
0010
,
0100
1000
1000
1000
,
0001
1010
1000
0010
,
0100
0001
0001
0110
,
0000
0110
0001
1000
,
0100
0100
0100
0100
,
0010
0110
1000
0001
,
0200
0000
0000
0310
,
1000
1000
0001
0001
,
1000
1000
0001
0001
,
0100
0100
0010
0010
,
0100
0100
0010
0010
,
1000
0100
0001
0010
,
1000
0100
0001
0010
,
1000
0100
0001
0010
,
0000
0000
0100
0110
,
0000
1001
0010
1000
,
0001
0100
0010
1010
,
1000
0100
0010
0001
,
1000
0100
0010
0011
,
0001
0100
0010
1000
,
0100
0010
0001
1100
,
1000
0100
0010
0001
,
0100
0010
1000
0101
,
1000
1100
0001
0101
,
0100
0100
1100
0101
,
0001
0011
1000
1010
,
0010
0010
0011
1010
,
1000
0101
0001
1100
,
0010
0010
0101
1100
,
0100
0011
0100
1010
,
0100
0100
0011
1010
,
2002
0000
0000
0000
,
0000
0000
0000
3003
,
0220
0000
0000
0000
,
0000
0000
0000
0330
,
1001
1000
0100
0100
,
0010
0010
0001
0001
,
1000
0100
0010
0001
,
0100
0100
0100
0100
,
1001
1100
0001
0001
,
1000
0100
0010
0010
,
1001
0101
1000
1000
,
0001
0100
0010
0010
,
1010
0101
1000
0101
,
1000
0100
0010
0010
,
0001
0010
0100
1000
,
0001
1000
0001
1000
,
1100
1100
1010
1010
,
0110
0110
0101
0101
,
0011
0011
0110
0110
,
1100
1100
1001
1001
,
1100
0101
1100
0101
,
1010
0011
1010
0011
,
0001
0010
0100
1000
,
0010
0100
1001
0000
;

//---------------dance-double - ----------------
#NOTES:
     dance-double:
     :
     Medium:
     7:
     0.496,0.535,0.325,0.125,0.000,362.000,39.000,15.000,0.000,0.000:
00000000
00000000
00000000
00000000
,
00000000
00000000
00000000
00000000
,
00000000
00000000
00000000
00000000
,
00000000
00000000
00000000
00000000
,
10000000
01010000
00010000
11000000
,
00010000
00000000
10000000
00000000
00010000
00100000
00010000
00000000
,
01000000
01001000
00001000
00110000
,
00001000
00000000
00010000
00000000
00000100
00001000
00000001
00001000
,
00000000
00000001
00001000
00000000
00000001
00001000
00000010
00000000
,
00000100
00000000
00000001
00000000
00000010
00000100
00001000
00000000
,
00000001
00000001
00000010
00000000
00001000
00001000
00000010
00000000
,
00010000
00000000
00000000
00010000
00001000
00010000
00001000
00000000
,
00001010
00000000
00011000
00000000
00001000
00010000
00001000
00000000
,
00010000
00000000
00100000
00000000
10000000
00100000
10000000
00000000
,
01010000
00000000
10100000
00000000
10000000
00010000
10000000
00000000
,
01000000
00000000
00010000
00000000
00001000
00000100
00000001
00001000
,
00000000
00000001
00001000
00000000
00000010
00000100
00000010
00000000
,
00000100
00000000
00000001
00000000
00000100
00000010
00001000
00000000
,
00000100
00000000
00000100
00000000
00000010
00001000
00000010
00000000
,
00000100
00000000
00000100
00000000
00001000
00010000
00001000
00000000
,
00100000
00100000
00010000
00000000
01000000
00010000
01000000
00010000
,
00200000
01000000
01000000
01300000
,
01000000
01000000
10000000
00000000
00010000
10000000
00010000
10000000
,
00020000
00000000
10000000
00000000
10030000
00000000
10000000
00010000
,
00000000
10000000
00010000
00000000
00100000
00001000
00100000
00001000
,
00020000
00001000
00001000
00031000
,
00001000
00001000
00000010
00000000
00000001
00000100
00000001
00000000
,
00000100
00000000
00000000
00000100
00000010
00000100
00000010
00000000
,
00000002
00000100
00000010
00000103
,
00000020
00000100
00001000
00000100
,
00002030
00010000
00000100
00013000
,
00020000
00001000
01000000
00031000
,
00200000
01000000
00010000
01300000
,
20000000
01000000
00100000
31000000
,
02000000
00010000
10000000
03010000
,
00000000
00000000
00000000
01000000
00100000
01000000
00100000
00000000
,
00000000
11000000
00010000
01010000
,
10000000
00000000
01000000
00000000
00010000
00001000
00000100
00000000
,
00000001
00000101
00001000
00001100
,
00000001
00000000
00000100
00000000
00001000
00010000
01000000
00000000
,
10000000
01010000
00100000
00011000
,
00000100
00000000
00000011
00000000
00000100
00000010
00000100
00000000
,
00000001
00001010
00000100
00011000
,
01000000
00000000
00110000
00000000
10000000
00100000
01000000
00000000
,
01000000
01000000
00010000
00000000
00100000
00100000
00001000
00000000
,
00010000
00000000
00011000
00000000
00001000
00000010
00000100
00000000
,
00001000
00001000
00000100
00000000
00000001
00000010
00000001
00000000
,
00000100
00000000
00001010
00000000
00001000
00000001
00000100
00000000
,
00000001
00000001
00000100
00000000
00000010
00000010
00001000
00000000
,
00000100
00000000
00011000
00000000
00010000
00001000
00010000
00000000
,
00001000
00001000
01000000
00000000
00010000
00010000
10000000
00000000
,
00010000
10000000
00010000
10000000
01000000
00010000
01000000
00010000
,
00002000
01000000
01000000
01000000
,
00000000
00100000
00100000
00103000
,
00020000
00000100
00000100
00000100
,
00000000
00000010
00000010
00030010
,
00000010
00000100
00000001
00000100
,
00001000
00000100
00000001
00000010
,
00001000
00010000
01000000
10000000
,
00100000
00000000
00010000
00000000
00100000
00000000
10000000
10000000
,
20000000
00000000
30010000
00000000
10000000
01000000
10000000
00000000
,
10000000
01000000
00010000
01000000
10000000
00000000
00100000
00100000
,
00200000
00000000
00310000
00000000
00010000
00001000
00010000
00000000
,
00001000
00000100
00000001
00000100
00001000
00000000
00000001
00000001
,
00000002
00000000
00001003
00000000
00000100
00000010
00000100
00000000
,
00000010
00000001
00000100
00001000
00010000
00000000
00010000
00010000
,
00010000
00001000
00100000
00010000
01000000
00100000
10000000
01000000
,
00100000
01000000
00100000
01000000
00100000
01000000
00100000
01000000
,
00100000
11000000
10010000
01010000
,
00011000
00000000
00001100
00000000
00000101
00000000
00000010
00000010
,
00000010
00000101
00001001
00001100
,
00011000
00000000
01010000
00000000
11000000
00000000
10000000
10000000
,
10000000
01010000
01001000
00011000
,
00010100
00000000
00001100
00000000
00001001
00000000
00000001
00000001
,
00000001
00000100
00000010
00001000
00010000
01000000
00100000
10000000
,
00100000
10000000
01000000
10000000
00010000
00000000
00000000
00000000
;
