#TITLE:TUBTHUMPING;
#SUBTITLE:;
#ARTIST:CHUMBAWAMBA;
#TITLETRANSLIT:;
#SUBTITLETRANSLIT:;
#ARTISTTRANSLIT:;
#CREDIT:;
#BANNER:TUBTHUMPING.png;
#BACKGROUND:TUBTHUMPING-bg.png;
#LYRICSPATH:;
#CDTITLE:./CDTITLES/DANCE MANIA EXTRA.PNG;
#MUSIC:TUBTHUMPING.mp3;
#OFFSET:-0.036;
#SAMPLESTART:8.380;
#SAMPLELENGTH:12.000;
#SELECTABLE:YES;
#BPMS:0.000=103.800;
#STOPS:;
#BGCHANGES:;
// cache tags:
#FIRSTBEAT:14.500;
#LASTBEAT:128.000;
#SONGFILENAME:Songs/Pop/TUBTHUMPING/TUBTHUMPING.sm;
#HASMUSIC:1;
#HASBANNER:1;
#MUSICLENGTH:74.844;
// end cache tags

//---------------dance-single - ----------------
#NOTES:
     dance-single:
     :
     Easy:
     4:
     0.221,0.321,0.080,0.000,0.000,110.000,6.000,0.000,0.000,0.000:  // measure 1
0000
0000
0000
0000
,  // measure 2
0000
0000
0000
0000
,  // measure 3
0000
0000
0000
0000
,  // measure 4
0000
0000
0000
0000
,  // measure 5
1001
0100
0001
0001
,  // measure 6
1000
0010
0001
0001
,  // measure 7
0100
0001
1000
1000
,  // measure 8
0001
0100
1000
1000
,  // measure 9
0001
1000
0001
0001
,  // measure 10
1000
0001
1000
1000
,  // measure 11
0001
1000
0001
0001
,  // measure 12
0010
1000
0100
1001
,  // measure 13
0001
0100
1000
0100
,  // measure 14
1000
0100
0001
0100
,  // measure 15
1000
0100
0010
0100
,  // measure 16
0001
0100
0010
0100
,  // measure 17
0010
0000
0010
0000
,  // measure 18
0100
0000
0100
0000
,  // measure 19
1000
0000
0000
0000
1000
0001
0100
0000
,  // measure 20
0001
0000
0000
0000
0001
1000
0100
0000
,  // measure 21
1000
0000
0001
0000
,  // measure 22
1000
0000
0001
0000
,  // measure 23
0010
0000
0100
0000
,  // measure 24
0010
0000
0000
0000
0100
0100
0100
0000
,  // measure 25
1001
0100
0001
0001
,  // measure 26
0001
0100
1000
1000
,  // measure 27
1000
0000
0100
0000
0001
0001
0001
0000
,  // measure 28
0001
0000
0100
0000
1000
1000
1000
0000
,  // measure 29
0001
0000
1000
0000
0001
0001
0001
0000
,  // measure 30
1000
0000
0001
0000
1000
1000
0100
0000
,  // measure 31
0001
0000
1000
0000
0001
0001
0100
0000
,  // measure 32
1001
0000
1001
0000
0001
0100
0100
0100
,  // measure 33
1001
0000
0000
0000
;

//---------------dance-single - ----------------
#NOTES:
     dance-single:
     :
     Medium:
     5:
     0.263,0.321,0.120,0.000,0.000,129.000,9.000,0.000,0.000,0.000:  // measure 1
0000
0000
0000
0000
,  // measure 2
0000
0000
0000
0000
,  // measure 3
0000
0000
0000
0000
,  // measure 4
0000
0000
0000
0000
,  // measure 5
1001
0000
0100
0000
0001
0001
1000
0000
,  // measure 6
1000
0000
0010
0000
0001
0001
1000
0000
,  // measure 7
1001
0000
0100
0000
0001
0001
0100
0000
,  // measure 8
0001
0000
0100
0000
0001
0001
1000
0000
,  // measure 9
1001
0000
1000
0000
0001
0001
0010
0000
,  // measure 10
0001
0000
1000
0000
0001
0001
0100
0000
,  // measure 11
1001
0000
1000
0000
0001
0001
0100
0000
,  // measure 12
0010
0000
1000
0000
0100
0100
0101
0000
,  // measure 13
0001
0100
1000
0100
,  // measure 14
0001
0000
0100
0000
1000
1000
0100
0000
,  // measure 15
1000
0000
0100
0000
0001
0001
0100
0000
,  // measure 16
1000
0000
0100
0000
0001
0001
0100
0000
,  // measure 17
0010
0000
0000
0000
0010
0010
0100
0000
,  // measure 18
0100
0000
0000
0000
0100
0100
0010
0000
,  // measure 19
1000
0000
1000
0000
,  // measure 20
0001
0000
0000
0000
0001
0001
0100
0000
,  // measure 21
1000
0100
0001
0100
,  // measure 22
1000
0100
0001
0100
,  // measure 23
0010
0000
0100
0000
,  // measure 24
0010
0000
0000
0000
0100
0100
0001
0000
,  // measure 25
1001
0000
0100
0000
0001
0001
1000
0000
,  // measure 26
1000
0000
0010
0000
0001
0001
1000
0000
,  // measure 27
1000
0000
0100
0000
0001
0001
0100
0000
,  // measure 28
0001
0000
0100
0000
1000
1000
0010
0000
,  // measure 29
0001
0000
1000
0000
0010
0010
0001
0000
,  // measure 30
1000
0000
0001
0000
0100
0100
0010
0000
,  // measure 31
0001
0000
1000
0000
0010
0010
0100
0000
,  // measure 32
1001
0000
0100
0000
1001
0100
0100
0010
,  // measure 33
1001
0000
0000
0000
;

//---------------dance-single - ----------------
#NOTES:
     dance-single:
     :
     Hard:
     6:
     0.319,0.363,0.187,0.000,0.000,153.000,14.000,0.000,0.000,0.000:  // measure 1
0000
0000
0000
0000
,  // measure 2
0000
0000
0000
0000
,  // measure 3
0000
0000
0000
0000
,  // measure 4
0000
0000
0000
0000
0000
0010
0010
0010
,  // measure 5
1001
0000
0100
0000
0001
0001
1000
0000
,  // measure 6
1000
0000
0010
0000
0001
0001
1000
1000
,  // measure 7
1001
0000
0100
0000
0001
0001
0100
0000
,  // measure 8
0001
0000
0100
0000
0001
0001
1000
1000
,  // measure 9
1001
0000
1000
0000
0001
0001
0010
0000
,  // measure 10
0001
0000
1000
0000
0001
0001
0100
0100
,  // measure 11
1001
0000
1000
0000
0001
0001
0100
0000
,  // measure 12
0010
0000
1000
0000
0100
0100
0101
0000
,  // measure 13
0001
0100
1000
0010
,  // measure 14
0001
0000
0100
0000
1000
1000
0010
0000
,  // measure 15
0001
0000
0100
0000
0001
0001
0100
0000
,  // measure 16
1000
0000
0100
0000
0001
0001
0100
0000
,  // measure 17
0010
0000
0000
0000
0010
0010
0100
0000
,  // measure 18
0100
0000
0000
0000
0100
0100
1001
0000
,  // measure 19
1000
0100
0100
0001
0001
0100
0100
0000
,  // measure 20
0001
0001
0100
0100
1000
1000
0100
0000
,  // measure 21
1000
0000
0100
0000
0001
0001
0100
0000
,  // measure 22
1000
0000
0100
0000
0001
0001
0100
0000
,  // measure 23
0010
0000
1000
0000
0100
0100
0001
0000
,  // measure 24
0010
0000
0001
0000
0100
0100
1001
0100
,  // measure 25
1001
0000
0100
0000
0001
0001
1000
0000
,  // measure 26
1000
0000
0010
0000
0001
0001
1000
1000
,  // measure 27
0100
0000
0100
0000
0001
0001
0100
0000
,  // measure 28
0001
0000
0100
0000
1000
1000
0010
0010
,  // measure 29
1001
0000
1000
0000
0010
0010
0100
0000
,  // measure 30
0010
0000
0001
0000
0100
0100
0010
0001
,  // measure 31
1001
0000
1000
0000
0010
0010
0100
0000
,  // measure 32
1001
0000
0100
0000
1001
0100
0110
0010
,  // measure 33
1001
0000
0000
0000
;

//---------------dance-double - ----------------
#NOTES:
     dance-double:
     :
     Easy:
     4:
     0.239,0.299,0.120,0.000,0.000,116.000,9.000,0.000,0.000,0.000:  // measure 1
00000000
00000000
00000000
00000000
,  // measure 2
00000000
00000000
00000000
00000000
,  // measure 3
00000000
00000000
00000000
00000000
,  // measure 4
00000000
00000000
00000000
00000000
,  // measure 5
00011000
01000000
00010000
00010000
,  // measure 6
00001000
00000100
00001000
00001000
,  // measure 7
00001001
00000100
00000001
00000001
,  // measure 8
00001000
00010000
10000000
10000000
,  // measure 9
10010000
01000000
00010000
00010000
,  // measure 10
00001000
00010000
00000100
00000100
,  // measure 11
00001001
00000100
00000001
00000001
,  // measure 12
00000010
00001000
00010000
01000000
,  // measure 13
10000000
01000000
10000000
01000000
,  // measure 14
00010000
01000000
00001000
00010000
,  // measure 15
00001000
00000000
00000100
00000000
00000001
00000001
00000100
00000000
,  // measure 16
00001000
00000100
00000001
00000100
,  // measure 17
00010000
00000000
10000000
00000000
,  // measure 18
00001000
00000000
00000001
00000000
,  // measure 19
00000010
00000000
00000000
00000000
01000000
01000000
01000000
00000000
,  // measure 20
00100000
00000000
00000100
00000000
,  // measure 21
00000001
00000100
00010000
00001000
,  // measure 22
10000000
01000000
00001000
00010000
,  // measure 23
00000001
00000010
00010000
00001000
,  // measure 24
10000000
00000000
00100000
00000000
00010000
00010000
00010000
00000000
,  // measure 25
00011000
01000000
00010000
00010000
,  // measure 26
00001000
00000100
00001000
00001000
,  // measure 27
00001001
00000000
00000100
00000000
00000001
00000001
00000001
00000000
,  // measure 28
00001000
00000000
00010000
00000000
10000000
10000000
10000000
00000000
,  // measure 29
10010000
00000000
01000000
00000000
00010000
00010000
00010000
00000000
,  // measure 30
00001000
00000000
00010000
00000000
00000100
00000100
00000100
00000000
,  // measure 31
00001001
00000000
00000100
00000000
00000001
00000001
00000001
00000000
,  // measure 32
00000010
00000000
00001000
00000000
00010000
00000100
00000100
00000100
,  // measure 33
00001001
00000000
00000000
00000000
;

//---------------dance-double - ----------------
#NOTES:
     dance-double:
     :
     Medium:
     6:
     0.300,0.321,0.120,0.000,0.000,148.000,9.000,0.000,0.000,0.000:  // measure 1
00000000
00000000
00000000
00000000
,  // measure 2
00000000
00000000
00000000
00000000
,  // measure 3
00000000
00000000
00000000
00000000
,  // measure 4
00000000
00000000
00000000
00000000
00000000
00010000
00010000
00010000
,  // measure 5
00011000
00000000
01000000
00000000
00010000
00010000
00000100
00000000
,  // measure 6
00001000
00000000
00000100
00000000
00001000
00001000
00000001
00000001
,  // measure 7
00001001
00000000
00000100
00000000
00000001
00000001
00000100
00000000
,  // measure 8
00001000
00000000
00010000
00000000
10000000
10000000
10000000
01000000
,  // measure 9
10010000
00000000
01000000
00000000
00010000
00010000
00010000
00000000
,  // measure 10
00001000
00000000
00010000
00000000
00000100
00000100
00000100
00001000
,  // measure 11
00001001
00000000
00000100
00000000
00000001
00000001
00000001
00000000
,  // measure 12
00000010
00000000
00001000
00000000
00010000
01000000
01000000
00000000
,  // measure 13
10000000
01000000
01000000
10000000
,  // measure 14
00010000
00000000
01000000
00000000
00001000
00001000
00010000
00000000
,  // measure 15
00001000
00000000
00000100
00000000
00000001
00000001
00000100
00000000
,  // measure 16
00001000
00000000
00000100
00000000
00000001
00000001
00000100
00000000
,  // measure 17
00010000
00000000
00000000
00000000
10000000
00010000
00010000
00000000
,  // measure 18
00001000
00000000
00000000
00000000
00000001
00000100
00000100
00000000
,  // measure 19
00000010
00000000
00000000
00000000
01000000
01000000
01000000
00000000
,  // measure 20
00100000
00000000
00010000
00000000
00000100
00000100
00000100
00000000
,  // measure 21
00000001
00000000
00000100
00000000
00010000
00001000
00001000
00000000
,  // measure 22
10000000
00000000
01000000
00000000
00001000
00010000
00010000
00000000
,  // measure 23
00000001
00000010
00010000
00001000
,  // measure 24
10000000
00000000
00100000
00000000
00010000
00010000
00010000
00001000
,  // measure 25
00011000
00000000
01000000
00000000
00010000
00010000
00001000
00000000
,  // measure 26
00001000
00000000
00000100
00000000
00001000
00001000
00001000
00000001
,  // measure 27
00001001
00000000
00000100
00000000
00000001
00000001
00000010
00000000
,  // measure 28
00001000
00000000
00010000
00000000
10000000
10000000
10000000
01000000
,  // measure 29
10010000
00000000
01000000
00000000
00010000
00010000
00000010
00000000
,  // measure 30
00001000
00000000
00010000
00000000
00000100
00000100
00000100
00000001
,  // measure 31
00001001
00000000
00000100
00000000
00000001
00000001
00000100
00000000
,  // measure 32
00000010
00000000
00000001
00000001
00000010
00000100
00000100
00001000
,  // measure 33
00011000
00000000
00000000
00000000
;

//---------------dance-double - ----------------
#NOTES:
     dance-double:
     :
     Hard:
     6:
     0.355,0.363,0.401,0.000,0.000,156.000,30.000,0.000,0.000,0.000:  // measure 1
00000000
00000000
00000000
00000000
,  // measure 2
00000000
00000000
00000000
00000000
,  // measure 3
00000000
00000000
00000000
00000000
,  // measure 4
00000000
00000000
00000000
00000000
,  // measure 5
10000000
01000000
00100000
00010000
01000000
00001000
00010000
00000000
,  // measure 6
00001100
00000011
00001100
00000000
,  // measure 7
00010000
00001000
00100000
00010000
10000000
01000000
00100000
00000000
,  // measure 8
10010000
00011000
10010000
00000000
,  // measure 9
01000000
00100000
00001000
00010000
00000100
00000010
00000001
00000000
,  // measure 10
00001100
00001010
00000101
00000000
,  // measure 11
00001000
00000100
00010000
00001000
00100000
00010000
10000000
00000000
,  // measure 12
01100000
00011000
00001100
00000000
,  // measure 13
00000010
00000001
00000010
00000000
00000100
00001000
00000100
00000000
,  // measure 14
00010000
00001000
00010000
00000000
00000010
00001000
00000010
00000000
,  // measure 15
00010000
00001000
00100000
00000000
00010000
01000000
00100000
00000000
,  // measure 16
10000000
01000000
00100000
00000000
00001000
00010000
00000100
00000000
,  // measure 17
00001001
00000000
00000110
00000000
00001000
00000100
00010000
00000000
,  // measure 18
00011000
00000000
00110000
00000000
10000000
00100000
01000000
00000000
,  // measure 19
00011000
00000000
00001001
00000000
00000010
00000100
00001000
00000000
,  // measure 20
00000010
00010000
00001000
01000000
00100000
00000000
10010000
00000000
,  // measure 21
01000000
00100000
00001000
00000000
00010000
00000100
00000010
00000000
,  // measure 22
00000001
00000100
00000010
00000000
00001000
00000100
00010000
00000000
,  // measure 23
00001000
00100000
00010000
00000000
10000000
00100000
01000000
00000000
,  // measure 24
00001000
00010000
00000100
00001000
00000001
00000000
00000000
00000000
,  // measure 25
00000110
00000000
00001001
00000000
00000010
00000100
00010000
00000000
,  // measure 26
00001000
00100000
00010000
01000000
00001000
00000000
00011000
00000000
,  // measure 27
00001001
00000000
00000110
00000000
00010000
00001000
00100000
00000000
,  // measure 28
00010000
01000000
00001000
00010000
00000100
00000010
00000010
00000000
,  // measure 29
00001001
00000000
00011000
00000000
00100000
01000000
10000000
00000000
,  // measure 30
00010000
01000000
00001000
00010000
00000100
00000000
00001001
00000000
,  // measure 31
00000110
00000000
00011000
00000000
00000010
00001000
00000100
00000000
,  // measure 32
00010000
00001000
00100000
00010000
10000000
01000000
01000000
01000000
,  // measure 33
00110000
00000000
00000000
00000000
;

//---------------dance-couple - ----------------
#NOTES:
     dance-couple:
     :
     Easy:
     4:
     0.405,0.641,1.000,0.000,0.000,109.000,89.000,0.000,0.000,7.000:  // measure 1
00000000
00000000
00000000
00000000
,  // measure 2
00000000
00000000
00000000
00000000
,  // measure 3
00000000
00000000
00000000
00000000
,  // measure 4
00000000
00000000
00000000
00000000
,  // measure 5
10011001
01000100
00001000
00010000
,  // measure 6
10000001
00100010
00010000
00001000
,  // measure 7
01000100
00011000
10000001
10000001
,  // measure 8
00011000
01000100
10000001
10000001
,  // measure 9
00011000
10000001
00011000
00011000
,  // measure 10
10000001
00011000
10000001
10000001
,  // measure 11
00011000
10000001
00011000
00011000
,  // measure 12
00100010
10000001
01000100
10011001
,  // measure 13
00010000
01000000
10000000
01000000
,  // measure 14
00000001
00000100
00001000
00000100
,  // measure 15
10000000
01000000
00100000
01000000
,  // measure 16
00000001
00000100
00000010
00000100
,  // measure 17
01100000
00000000
00001001
00000000
,  // measure 18
10010000
00000000
00000110
00000000
,  // measure 19
10011001
00000000
00000000
00000000
10000001
00011000
01000100
00000000
,  // measure 20
00011000
00000000
00000000
00000000
00011000
10000001
01000100
00000000
,  // measure 21
10000001
00000000
00011000
00000000
,  // measure 22
10000001
00000000
00011000
00000000
,  // measure 23
00100100
00000000
01000010
00000000
,  // measure 24
00100100
00000000
00000000
00000000
01000010
01000010
01000010
00000000
,  // measure 25
10011001
01000100
00011000
00011000
,  // measure 26
10000001
00100010
00011000
00011000
,  // measure 27
10000001
00000000
01000100
00000000
00011000
00011000
00011000
00000000
,  // measure 28
00011000
00000000
01000100
00000000
10000001
10000001
10000001
00000000
,  // measure 29
00011000
10000001
00011000
00011000
,  // measure 30
10000001
00000000
00011000
00000000
10000001
10000001
01000100
00000000
,  // measure 31
00011000
00000000
10000001
00000000
00011000
00011000
01000100
00000000
,  // measure 32
10011001
00000000
10011001
00000000
00011000
01000100
01000100
01000100
,  // measure 33
10011001
00000000
00000000
00000000
;

//---------------dance-couple - ----------------
#NOTES:
     dance-couple:
     :
     Medium:
     5:
     0.496,0.641,1.000,0.000,0.000,127.000,115.000,0.000,0.000,10.000:  // measure 1
00000000
00000000
00000000
00000000
,  // measure 2
00000000
00000000
00000000
00000000
,  // measure 3
00000000
00000000
00000000
00000000
,  // measure 4
00000000
00000000
00000000
00000000
,  // measure 5
10011001
00000000
01000100
00000000
00011000
00011000
10000001
00000000
,  // measure 6
10000001
00000000
00100010
00000000
00011000
00011000
10000001
00000000
,  // measure 7
10011000
01000000
00011000
00010000
,  // measure 8
00011001
00000100
00011000
00001000
,  // measure 9
10011001
00000000
10000001
00000000
00011000
00011000
00100010
00000000
,  // measure 10
00011000
00000000
10000001
00000000
00011000
00011000
01000100
00000000
,  // measure 11
10011001
00000000
10000000
00000000
00010000
00010000
01000000
00000000
,  // measure 12
10011001
00000000
00000001
00000000
00001000
00001000
00000100
00000000
,  // measure 13
00011000
01000100
10000001
01000100
,  // measure 14
00011000
00000000
01000100
00000000
10000001
10000001
01000100
00000000
,  // measure 15
10000001
00000000
01000100
00000000
00011000
00011000
01000100
00000000
,  // measure 16
10000001
00000000
01000010
00000000
00011000
00011000
01000010
00000000
,  // measure 17
00100100
00000000
00000000
00000000
00100100
00100100
01000010
00000000
,  // measure 18
01000010
00000000
00000000
00000000
01000010
01000010
00100100
00000000
,  // measure 19
10000001
00000000
10000001
00000000
,  // measure 20
00011000
00000000
00000000
00000000
00011000
00011000
01000100
00000000
,  // measure 21
10000001
01000100
00011000
01000100
,  // measure 22
10000001
01000100
00011000
01000100
,  // measure 23
01000010
00000000
00100100
00000000
,  // measure 24
01000010
00000000
00000000
00000000
00100100
00100100
00011000
00000000
,  // measure 25
10011001
00000000
01000100
00000000
00011000
00011000
10000001
00000000
,  // measure 26
10000001
00000000
00100010
00000000
00011000
00011000
10000001
00000000
,  // measure 27
10000001
00000000
01000100
00000000
00011000
00011000
01000100
00000000
,  // measure 28
00011000
00000000
01000100
00000000
10000001
10000001
00100100
00000000
,  // measure 29
00011000
00000000
10000001
00000000
01000010
01000010
00011000
00000000
,  // measure 30
10000001
00000000
00011000
00000000
01000010
01000010
00100100
00000000
,  // measure 31
00011000
00000000
10000001
00000000
01000010
01000010
00100100
00000000
,  // measure 32
10011001
00000000
01000100
00000000
10011001
01000010
01000010
00100100
,  // measure 33
10011001
00000000
00000000
00000000
;

//---------------dance-couple - ----------------
#NOTES:
     dance-couple:
     :
     Hard:
     6:
     0.638,0.727,1.000,0.000,0.000,153.000,153.000,0.000,0.000,14.000:  // measure 1
00000000
00000000
00000000
00000000
,  // measure 2
00000000
00000000
00000000
00000000
,  // measure 3
00000000
00000000
00000000
00000000
,  // measure 4
00000000
00000000
00000000
00000000
00000000
00100010
00100010
00100010
,  // measure 5
10011001
00000000
01000100
00000000
00011000
00011000
10000001
00000000
,  // measure 6
10000001
00000000
00100010
00000000
00011000
00011000
10000001
10000001
,  // measure 7
10011001
00000000
01000100
00000000
00011000
00011000
01000100
00000000
,  // measure 8
00011000
00000000
01000100
00000000
00011000
00011000
10000001
10000001
,  // measure 9
10011001
00000000
10000001
00000000
00011000
00011000
00100010
00000000
,  // measure 10
00011000
00000000
10000001
00000000
00011000
00011000
01000100
01000100
,  // measure 11
10011001
00000000
10000001
00000000
00011000
00011000
01000100
00000000
,  // measure 12
00100010
00000000
10000001
00000000
01000100
01000100
01011100
00000000
,  // measure 13
00011000
01000100
10000001
00100010
,  // measure 14
00011000
00000000
01000100
00000000
10000001
10000001
00100010
00000000
,  // measure 15
00011000
00000000
01000100
00000000
00011000
00011000
01000100
00000000
,  // measure 16
10000001
00000000
01000100
00000000
00011000
00011000
01000100
00000000
,  // measure 17
00100010
00000000
00000000
00000000
00100010
00100010
01000100
00000000
,  // measure 18
01000100
00000000
00000000
00000000
01000100
01000100
10011001
00000000
,  // measure 19
10000001
01000100
01000100
00011000
00011000
01000100
01000100
00000000
,  // measure 20
00011000
00011000
01000100
01000100
10000001
10000001
01000100
00000000
,  // measure 21
10000001
00000000
01000100
00000000
00011000
00011000
01000100
00000000
,  // measure 22
10000001
00000000
01000100
00000000
00011000
00011000
01000100
00000000
,  // measure 23
00100010
00000000
10000001
00000000
01000100
01000100
00011000
00000000
,  // measure 24
00100010
00000000
00011000
00000000
01000100
01000100
10011001
01000100
,  // measure 25
10011001
00000000
01000100
00000000
00011000
00011000
10000001
00000000
,  // measure 26
10000001
00000000
00100010
00000000
00011000
00011000
10000001
10000001
,  // measure 27
01000100
00000000
01000100
00000000
00011000
00011000
01000100
00000000
,  // measure 28
00011000
00000000
01000100
00000000
10000001
10000001
00100010
00100010
,  // measure 29
10011001
00000000
10000001
00000000
00100010
00100010
01000100
00000000
,  // measure 30
00100010
00000000
00011000
00000000
01000100
01000100
00100010
00011000
,  // measure 31
10011001
00000000
10000001
00000000
00100010
00100010
01000100
00000000
,  // measure 32
10011001
00000000
01000100
00000000
10011001
01000100
01100110
00100010
,  // measure 33
10011001
00000000
00000000
00000000
;

//---------------dance-solo - ----------------
#NOTES:
     dance-solo:
     :
     Easy:
     4:
     0.216,0.299,0.080,0.000,0.000,107.000,6.000,0.000,0.000,0.000:  // measure 1
000000
000000
000000
000000
,  // measure 2
000000
000000
000000
000000
,  // measure 3
000000
000000
000000
000000
,  // measure 4
000000
000000
000000
000000
,  // measure 5
100001
001000
000001
000001
,  // measure 6
010000
000100
000001
000001
,  // measure 7
001000
000010
100000
100000
,  // measure 8
000001
001000
100000
100000
,  // measure 9
000010
010000
000001
000001
,  // measure 10
100000
000010
010000
010000
,  // measure 11
000001
100000
000010
000010
,  // measure 12
000100
010000
001000
100001
,  // measure 13
000001
001000
100000
001000
,  // measure 14
010000
001000
000010
001000
,  // measure 15
100000
001000
000100
001000
,  // measure 16
000001
001000
000100
001000
,  // measure 17
000100
000000
000100
000000
,  // measure 18
001000
000000
001000
000000
,  // measure 19
100000
000000
000000
000000
100000
000010
001000
000000
,  // measure 20
000001
000000
000000
000000
000001
100000
001000
000000
,  // measure 21
010000
000000
000001
000000
,  // measure 22
100000
000000
000001
000000
,  // measure 23
000100
000000
001000
000000
,  // measure 24
000100
000000
000000
000000
001000
001000
001000
000000
,  // measure 25
100001
001000
000010
000010
,  // measure 26
000001
001000
100000
100000
,  // measure 27
010000
000000
001000
000000
000001
000001
000001
000000
,  // measure 28
000010
000000
001000
000000
100000
100000
100000
000000
,  // measure 29
000001
100000
000010
000000
,  // measure 30
010000
000000
000001
000000
100000
100000
001000
000000
,  // measure 31
000001
100000
000010
001000
,  // measure 32
100001
000000
100001
000000
000010
001000
001000
001000
,  // measure 33
100001
000000
000000
000000
;

//---------------dance-solo - ----------------
#NOTES:
     dance-solo:
     :
     Medium:
     5:
     0.254,0.321,0.120,0.000,0.000,124.000,9.000,0.000,0.000,0.000:  // measure 1
000000
000000
000000
000000
,  // measure 2
000000
000000
000000
000000
,  // measure 3
000000
000000
000000
000000
,  // measure 4
000000
000000
000000
000000
,  // measure 5
100001
001000
000010
100000
,  // measure 6
100000
000000
000100
000000
000001
000001
010000
000000
,  // measure 7
100001
000000
001000
000000
000001
000001
001000
000000
,  // measure 8
000010
000000
001000
000000
000001
000001
100000
000000
,  // measure 9
010010
000000
100000
000000
000001
000001
000100
000000
,  // measure 10
000001
100000
000010
001000
,  // measure 11
100001
000000
010000
000000
000001
000001
001000
000000
,  // measure 12
000100
000000
100000
000000
001000
001000
001001
000000
,  // measure 13
000010
001000
100000
001000
,  // measure 14
000001
000000
001000
000000
100000
100000
001000
000000
,  // measure 15
010000
000000
001000
000000
000001
000001
001000
000000
,  // measure 16
100000
000000
001000
000000
000001
000001
001000
000000
,  // measure 17
000100
000000
000010
001000
,  // measure 18
001000
000000
000000
000000
001000
001000
000100
000000
,  // measure 19
100000
000000
010000
000000
,  // measure 20
000001
000000
000010
001000
,  // measure 21
100000
001000
000001
001000
,  // measure 22
100000
001000
000001
001000
,  // measure 23
000100
000000
001000
000000
,  // measure 24
000010
000000
000000
000000
001000
001000
000001
000000
,  // measure 25
100001
001000
000010
100000
,  // measure 26
010000
000000
000100
000000
000001
000001
100000
000000
,  // measure 27
010000
000000
001000
000000
000001
000001
001000
000000
,  // measure 28
000010
000000
001000
000000
100000
100000
000100
000000
,  // measure 29
000001
000000
010000
000000
000100
000100
000001
000000
,  // measure 30
100000
000000
000010
000000
001000
001000
000100
000000
,  // measure 31
000001
000000
100000
000000
000100
000100
001000
000000
,  // measure 32
100001
000000
000100
000000
010010
001000
001000
000100
,  // measure 33
100001
000000
000000
000000
;

//---------------dance-solo - ----------------
#NOTES:
     dance-solo:
     :
     Hard:
     6:
     0.303,0.363,0.187,0.000,0.000,145.000,14.000,0.000,0.000,0.000:  // measure 1
000000
000000
000000
000000
,  // measure 2
000000
000000
000000
000000
,  // measure 3
000000
000000
000000
000000
,  // measure 4
000000
000000
000000
000000
000000
000100
000100
000100
,  // measure 5
100001
001000
000010
010000
,  // measure 6
100000
000000
000100
000000
000001
000001
100000
100000
,  // measure 7
010010
000000
001000
000000
000001
000001
001000
000000
,  // measure 8
000010
000000
001000
000000
000001
000001
100000
100000
,  // measure 9
100001
010000
000010
000100
,  // measure 10
000001
000000
100000
000000
000010
000000
001000
001000
,  // measure 11
100001
010000
000010
001000
,  // measure 12
000100
000000
100000
000000
001000
001000
001001
000000
,  // measure 13
000010
001000
100000
000100
,  // measure 14
000001
000000
001000
000000
100000
100000
000100
000000
,  // measure 15
000010
000000
001000
000000
000001
000001
001000
000000
,  // measure 16
100000
000000
001000
000000
000001
000001
001000
000000
,  // measure 17
000010
000000
000000
000000
000100
000100
001000
000000
,  // measure 18
001000
000000
000000
000000
001000
001000
100001
000000
,  // measure 19
010000
001000
001000
000001
000001
001000
001000
000000
,  // measure 20
000010
000000
001000
001000
100000
100000
001000
000000
,  // measure 21
010000
000000
001000
000000
000001
000001
001000
000000
,  // measure 22
100000
000000
001000
000000
000001
000001
001000
000000
,  // measure 23
000010
000000
100000
000000
001000
001000
000001
000000
,  // measure 24
000100
000000
000010
000000
001000
001000
100001
001000
,  // measure 25
100001
000000
001000
000000
000001
000001
100000
000000
,  // measure 26
100000
000100
000010
010000
,  // measure 27
001000
000000
001000
000000
000001
000001
001000
000000
,  // measure 28
000010
000000
001000
000000
010000
000000
000100
000100
,  // measure 29
100001
000000
010000
000000
000100
000100
001000
000000
,  // measure 30
000100
000000
000001
000000
001000
001000
000100
000010
,  // measure 31
100001
000000
010000
000000
000100
000100
001000
000000
,  // measure 32
100001
000000
001000
000000
100001
001000
001100
000100
,  // measure 33
010010
000000
000000
000000
;
