#TITLE:Strange Injection;
#SUBTITLE:;
#ARTIST:Shatter;
#TITLETRANSLIT:;
#SUBTITLETRANSLIT:;
#ARTISTTRANSLIT:;
#CREDIT:;
#BANNER:strange injection-bn.png;
#BACKGROUND:strange injection-bg.png;
#LYRICSPATH:;
#CDTITLE:sporktitles2.png;
#MUSIC:Strange Injection.mp3;
#OFFSET:-0.023;
#SAMPLESTART:24.780;
#SAMPLELENGTH:12.620;
#SELECTABLE:YES;
#BPMS:0.000=155.000,32.000=310.000,288.000=77.500,296.000=155.000,328.000=310.000,520.000=77.500;
#STOPS:;
#BGCHANGES:;
// cache tags:
#FIRSTBEAT:16.000;
#LASTBEAT:524.000;
#SONGFILENAME:Songs/Encore/Strange Injection/Strange Injection.sm;
#HASMUSIC:1;
#HASBANNER:1;
#MUSICLENGTH:124.107;
// end cache tags

//---------------dance-single - ----------------
#NOTES:
     dance-single:
     :
     Hard:
     10:
     0.788,0.897,0.145,0.508,0.000,604.000,18.000,63.000,0.000,0.000:
0000
0000
0000
0000
,
0000
0000
0000
0000
,
0000
0000
0000
0000
,
0000
0000
0000
0000
,
1000
0000
0010
0100
1000
0000
0100
0000
,
0001
0010
0100
0000
1000
0000
0100
0000
,
0010
0000
1000
0010
0001
0000
0100
0000
,
0010
1000
0100
0000
0010
0000
0100
0000
,
2000
0000
3000
0001
0100
0001
0100
0000
,
0001
0000
0010
0000
0200
0000
2000
3300
,
0002
0000
0000
0103
0010
0100
0010
0000
,
1000
0000
0100
0000
0020
0000
0002
0033
,
0020
0000
0030
0100
1000
0001
1000
0000
,
0010
0000
0100
0000
0002
0000
2003
3000
,
0100
0000
1000
0100
1000
0100
0010
0000
,
0001
0100
0010
0100
2000
0000
0200
3300
,
0020
0000
0030
0100
0001
0010
0001
0000
,
0010
0000
0100
0000
2000
0000
0020
3030
,
0200
0000
0300
1000
0100
0001
0100
0000
,
0001
0000
1000
0000
0200
0000
0020
0330
,
2000
0000
3000
0010
0001
1000
0010
0000
,
0100
0000
0010
0000
0200
0000
0002
0303
,
0010
0000
0100
1000
0100
1000
0010
0000
,
0100
0010
0100
0001
0200
0000
0002
0303
,
1001
0000
0000
0001
0010
0000
0100
0000
,
0000
0000
0000
0000
0000
0000
0100
0010
,
0001
0000
1000
0001
1000
0001
1000
0000
,
0100
0000
0010
0000
2002
0000
0000
3003
,
0110
0000
0000
0010
1000
0000
0001
0000
,
0000
0000
0000
0000
0000
0000
1000
0100
,
0010
0000
0001
1000
0001
1000
0001
0000
,
0100
0000
0010
0000
2020
0000
0000
3030
,
1001
0000
0000
0100
0010
0000
1000
0000
,
0000
0000
0000
0000
0000
0000
0100
1000
,
0001
0000
0010
0100
0010
0100
0010
0000
,
0001
0000
0010
0000
2200
0000
0000
3300
,
0011
0000
0000
0100
1000
0000
0010
0000
,
0000
0000
0000
0000
0000
0000
0100
0001
,
1000
0000
0010
1000
0010
1000
0010
0000
,
0100
0000
0010
0000
0220
0000
0000
0330
,
1001
0001
0010
0100
,
1000
0100
0001
0100
,
1000
0010
1000
0100
,
1000
0001
0010
0100
,
1000
0001
1000
0001
,
0100
1000
0100
0001
,
0010
0001
0100
0010
,
0100
0000
0001
0000
1000
0100
0010
0000
,
0101
0001
0100
0010
,
0100
0001
0010
1000
,
0010
0001
0010
0100
,
1000
0010
0100
0010
,
1000
0100
0010
0001
,
1000
0010
0001
0010
,
1001
0000
0100
0010
0000
0100
0010
0000
,
1000
0001
0000
1000
0001
0000
0010
0000
,
0100
1000
0000
0001
0000
0000
0010
0000
,
0100
1000
0000
0001
0000
0000
0100
0000
,
0010
1000
0000
0001
0000
0000
0100
0000
,
1000
0100
0000
0001
0000
0010
0100
1000
,
0001
0100
0000
0010
0000
0000
1000
0000
,
0001
0100
0000
0010
0000
0000
0100
0000
,
0021
0000
0000
0130
0000
0000
0100
0000
,
2100
0000
0000
0010
0000
0000
3010
0000
,
1000
0010
0000
0100
0000
0000
0001
0000
,
1000
0010
0000
0100
0000
0000
1000
0000
,
0100
0001
0000
0010
0000
0000
0100
0000
,
0001
0100
0000
0010
0000
0001
1000
0010
,
0100
0010
0000
0001
0000
0000
0010
0000
,
0100
0010
0000
1000
0000
0000
0100
0000
,
0210
0000
0000
1000
0000
0000
1300
0000
,
2010
0000
0000
0001
0000
0000
3001
0000
,
1001
0000
0000
0000
,
0000
0000
0000
0000
,
0001
0100
0001
0010
,
0001
0100
0001
0010
,
0100
1000
0010
1000
,
0100
0000
1000
0000
0010
0000
1000
1000
,
1000
0000
0100
0000
0010
0001
1000
0000
,
0010
1000
0010
0000
0100
0000
0001
0000
,
0010
0000
0100
0000
1000
0100
0010
0000
,
0001
1000
0001
0000
0100
0000
0010
0000
,
2000
0000
3001
1000
0001
1000
0100
0000
,
0010
0100
0010
0001
0020
0000
0002
0033
,
0020
0000
0031
0100
0001
0100
0010
0000
,
0100
0010
1000
0001
2000
0000
0200
3300
,
0020
0000
0130
1000
0010
0100
0010
0000
,
0100
0001
1000
0001
2000
0000
0002
3003
,
0100
0000
1000
0100
0010
0100
0010
0000
,
0100
0001
0010
0001
0020
0000
2000
3030
,
0020
0000
0130
1000
0100
0010
0001
0000
,
1000
0001
1000
0010
0200
0000
0020
0330
,
2000
0000
3001
0100
1000
0100
1000
0000
,
0100
0001
1000
0100
2000
0000
0002
3003
,
0010
0000
0100
1000
0001
0100
0010
0000
,
0100
0010
1000
0001
0020
0000
0200
0330
,
0020
0000
0031
0100
0010
0100
0001
0000
,
0010
0100
1000
0100
0020
0000
0002
0033
,
1000
0000
0001
1000
0001
0000
0100
0000
,
0010
0100
0010
0000
1000
0000
0100
0000
,
0010
0000
0001
0010
0001
0000
0100
0000
,
0001
0100
0001
0100
0001
0020
0000
0030
,
0100
0000
1000
0100
1000
0000
0100
0000
,
0010
0100
0010
0000
0100
0000
1000
0000
,
0010
0000
0001
0010
0001
0000
0010
0000
,
1000
0100
1000
0100
1000
0020
0000
0030
,
0100
0000
0001
1000
0001
0000
1000
0000
,
0100
1000
0100
0000
1000
0000
0010
0000
,
1000
0000
0100
0001
0100
0000
0010
0000
,
0001
1000
0001
1000
0001
0200
0000
0300
,
0010
0000
0100
0010
0100
0000
0001
0000
,
0010
0100
0010
0000
0100
0000
1000
0000
,
0001
0000
0100
1000
0100
0000
0001
0000
,
0010
0100
0010
0100
0010
0002
0000
0003
,
1000
0100
0000
0010
0000
0000
0100
0000
,
1000
0100
0000
0010
0000
0000
0001
0000
,
0100
1000
0000
0100
0000
0000
0001
0000
,
0100
1000
0000
0100
0000
0010
1000
0001
,
0010
0100
0000
1000
0000
0000
0100
0000
,
0010
0100
0000
1000
0000
0000
0001
0000
,
0201
0000
0000
0010
0000
0000
0310
0000
,
1200
0000
0000
0010
0000
0000
0310
0000
,
0001
0010
0001
1000
0100
1000
0001
1000
,
0100
0010
0001
1000
0100
0010
0100
1000
,
0001
0100
0001
1000
0010
0100
0010
1000
,
0001
0100
0001
1000
0001
0100
0010
1000
,
0001
0010
0100
1000
0100
0010
0001
0100
,
0010
0100
0001
0010
0001
1000
0010
0100
,
0010
1000
0001
0100
0010
1000
0100
1000
,
0001
0010
0100
1000
0001
0100
0010
1000
,
0002
0000
0000
0000
,
0003
0000
0000
0000
;

//---------------dance-double - ----------------
#NOTES:
     dance-double:
     :
     Hard:
     10:
     0.764,0.896,0.306,0.137,0.000,609.000,38.000,17.000,0.000,0.000:
00000000
00000000
00000000
00000000
,
00000000
00000000
00000000
00000000
,
00000000
00000000
00000000
00000000
,
00000000
00000000
00000000
00000000
,
00100000
00000000
00010000
01000000
00010000
00000000
10000000
01000000
,
00000000
01000000
00100000
00000000
00001000
00010000
00001000
00000100
,
00000010
00000000
00001000
00000001
00001000
00000000
00000100
00000010
,
00000000
00000010
00000001
00000000
00000100
00001000
00010000
00001000
,
00020000
00000000
00030000
00001000
00010000
00001000
00010000
00000000
,
01000000
10000000
00100000
01000000
,
00002000
00000000
00003000
00010000
00001000
00010000
00001000
00000000
,
00010000
00000000
00000100
00000000
00000010
00000000
00000001
00000100
,
00000020
00000000
00000030
00000100
00000001
00000100
00000001
00000000
,
00001000
00000100
00010000
00001000
,
02000000
00000000
03010000
10000000
01000000
00000000
00100000
00001000
,
00010000
00000000
00000100
00001000
00000001
00000000
00000100
00000001
,
00000020
00000000
00000030
00000001
00000010
00000001
00000010
00000000
,
00000100
00001000
00000010
00010000
,
00002000
00000000
00003000
01000000
00010000
01000000
00010000
00000000
,
00100000
00000000
01000000
00000000
10000000
00000000
00100000
01000000
,
00020000
00000000
00030000
00100000
00001000
00100000
00001000
00000000
,
00010000
00000100
00001000
00000010
,
00000200
00000000
00000301
00000100
00000010
00000000
00001000
00000100
,
00010000
00000000
00001000
01000000
00010000
00000000
00100000
01000000
,
10000000
00000000
01010000
00000000
,
10000000
00000000
00000000
00000000
11000000
00000000
00010000
01000000
,
00010000
00000000
00100000
00001000
00100000
00001000
00010000
00000000
,
00001000
00010000
00000100
00000010
,
00000001
00000000
00000011
00000000
,
00001000
00000000
00000000
00000000
00001010
00000000
00010000
00001000
,
00010000
00000000
00000100
00010000
00001000
00010000
00001000
00000000
,
00100000
00010000
01000000
00100000
,
10000000
00000000
10010000
00000000
,
01000000
00000000
00000000
00000000
01001000
00000000
00010000
00001000
,
00010000
00000000
00000100
00001000
00000100
00001000
00000010
00000000
,
00000100
00000001
00000010
00000100
,
00010000
00000000
00011000
00000000
,
00000100
00000000
00000000
00000000
00001100
00000000
00000010
00000100
,
00000010
00000000
00000001
00001000
00000001
00001000
00000010
00000000
,
00010000
00001000
00100000
01000000
,
10000000
00000000
00000000
10100000
00000000
00000000
01100000
00000000
,
00000000
01010000
00000000
00000000
00010000
00000000
00100000
00000000
,
00001000
00000000
00000000
00011000
00000000
00000000
00001100
00000000
,
00000000
00000110
00000000
00000000
00000001
00000000
00000100
00000000
,
00000010
00000000
00000000
00000110
00000000
00000000
00010100
00000000
,
00000000
00011000
00000000
00000000
00000100
00000000
00001000
00000000
,
00000010
00000000
00000000
00010010
00000000
00000000
00011000
00000000
,
00000000
00101000
00000000
00000000
00010000
00100000
01000000
00000000
,
10000000
00000000
00000000
10010000
00000000
00000000
01010000
00000000
,
00000000
00110000
00000000
00000000
00001000
00000000
01000000
00000000
,
00010000
00000000
00000000
01010000
00000000
00000000
00011000
00000000
,
00000000
00001100
00000000
00000000
00000100
00000000
00001000
00000000
,
00000010
00000000
00000000
00000110
00000000
00000000
00001010
00000000
,
00000000
00001100
00000000
00000000
00010000
00000000
00001000
00000000
,
00010000
00000000
00000000
00110000
00000000
00000000
11000000
00000000
,
00000000
00110000
00000000
00000000
00100000
00001000
00010000
00000000
,
00000100
00001000
00000010
00001000
,
00000100
00001000
00000010
00010000
,
00001000
00010000
00000100
00010000
,
00001000
00000000
00100000
00000000
01000000
10000000
01000000
10000000
,
00100000
00010000
00100000
10000000
,
00100000
00010000
00001000
00010000
,
00000100
00001000
00000100
00001000
00000100
00001000
00000100
00001000
,
00000001
00001000
00000001
00001000
00000001
00001000
00000001
00001000
,
00000001
00000100
00000001
00000010
,
00000001
00000100
00000010
00010000
,
00001000
00100000
00010000
00100000
,
00001000
00000000
00100000
00000000
00010000
01000000
00010000
01000000
,
00100000
10000000
00100000
00010000
,
00001000
00010000
01000000
10000000
,
00010000
10000000
00010000
10000000
00010000
10000000
00010000
10000000
,
00010000
01000000
00010000
01000000
00010000
01000000
00010000
01000000
,
00010000
00000000
00000000
00000000
,
00000000
00000000
00000000
00000000
,
00000001
00000001
00000100
00000100
,
00001000
00001000
00010000
00010000
,
01000000
01000000
10000000
10000000
,
00010000
00000000
00010000
00000000
01000000
00000000
01000000
01000000
,
00010000
00000000
00110000
00000000
10000000
01000000
00100000
00000000
,
00010000
00000000
01001000
00000000
00001000
00010000
00000100
00000000
,
00001000
00000000
00001100
00000000
00000010
00000001
00000100
00000000
,
00000010
00000000
00001001
00000000
00000001
00000100
00001000
00000000
,
00010000
00000000
00001000
00010000
00001000
00000000
00100000
00000000
,
01000000
00000000
10000000
00000000
00010000
01000000
00100000
10000000
,
00010000
00000000
00100000
00010000
00100000
00000000
00001000
00000000
,
00010000
00000000
00000100
00000000
00001000
00000100
00010000
00001000
,
00100000
00000000
01000000
10000000
01000000
00000000
00100000
00000000
,
00001000
00000000
00010000
00000000
00001000
00010000
00000100
00001000
,
00000100
00000000
00000010
00000001
00000010
00000000
00000001
00000000
,
00000100
00000000
00000010
00000000
00001000
00000100
00000010
00000001
,
00001000
00000000
00000010
00001000
00000010
00000000
00010000
00000000
,
00001000
00000000
00010000
00000000
00100000
01000000
00010000
10000000
,
00010000
00000000
00100000
01000000
00100000
00000000
01000000
00000000
,
10000000
00000000
01000000
00000000
00100000
00010000
00100000
00001000
,
00010000
00000000
00001000
00010000
00001000
00000000
00000010
00000000
,
00000100
00000000
00001000
00000000
00000001
00000100
00000010
00001000
,
00000100
00000000
00001000
00000100
00001000
00000000
00000100
00000000
,
00010000
00000000
00001000
00000000
00010000
00001000
00010000
00001000
,
00010000
00000000
00001000
00010000
00001000
00000000
00100000
00000000
,
00010000
00100000
00010000
02000000
00000000
00000000
00010000
00000000
,
00001000
03000000
00010000
00001000
00010000
00000000
00000100
00000000
,
00001000
00000010
00001000
00000010
00001000
00000200
00000000
00000300
,
00000010
00000000
00000001
00000010
00000001
00000000
00000100
00000000
,
00000010
00001000
00000010
00020000
00000000
00000000
00001000
00000000
,
00000010
00030000
00001000
00000010
00001000
00000000
00000100
00000000
,
00010000
00001000
00010000
00001000
00100000
00020000
00000000
00030000
,
00010000
00000000
10000000
00100000
10000000
00000000
00010000
00000000
,
01000000
00010000
01000000
00002000
00000000
00000000
01000000
00000000
,
00010000
00003000
00000100
00001000
00000100
00000000
00001000
00000000
,
00000100
00000010
00000100
00000010
00000100
00002000
00000000
00003000
,
00000001
00000000
00000100
00000010
00000100
00000000
00000010
00000000
,
00001000
00000100
00010000
00002000
00000000
00000000
00010000
00000000
,
00100000
00003000
00010000
01000000
00010000
00000000
10000000
00000000
,
01000000
00100000
00010000
00100000
00010000
00200000
00000000
00300000
,
01000000
10000000
00100000
01000000
,
00010000
00100000
00001000
00010000
,
00000100
00001000
00000010
00000100
,
00000001
00000000
00000010
00000000
00000100
00001000
00000100
00001000
,
00000010
00010000
00001000
00100000
,
01000000
10000000
00010000
01000000
,
00001000
00000000
00000000
00011000
00000000
00000000
00001000
00000000
,
00010000
00000000
00000000
00011000
00000000
00000000
00000100
00000000
,
00001000
00000100
00001000
00000010
00000100
00000001
00001000
00000100
,
00000010
00000001
00001000
00000010
00001000
00000100
00000010
00001000
,
00010000
00001000
00010000
00000010
00001000
00000100
00010000
00001000
,
00100000
00010000
00100000
00001000
00010000
01000000
10000000
00010000
,
01000000
00100000
01000000
00010000
10000000
01000000
00100000
00010000
,
01000000
00100000
10000000
00010000
00100000
01000000
10000000
00100000
,
00010000
00001000
00010000
00000100
00001000
00000010
00010000
00001000
,
00010000
00001000
00100000
00010000
01000000
00010000
00100000
00001000
,
00020000
00000000
00000000
00000000
00000000
00000000
00000000
00030000
;

//---------------dance-single - ----------------
#NOTES:
     dance-single:
     :
     Beginner:
     3:
     0.215,0.314,0.064,0.000,0.000,179.000,8.000,0.000,0.000,0.000:
0000
0000
0000
0000
,
0000
0000
0000
0000
,
0000
0000
0000
0000
,
0000
0000
0000
0000
,
0100
0100
0100
0000
,
0010
0000
1000
0000
,
0001
0001
0001
0000
,
0010
0000
0100
0000
,
1000
0000
0000
0000
,
0001
0000
0000
0000
,
0010
0000
0000
0000
,
0001
0000
0001
0000
,
0100
0000
0000
0000
,
0010
0000
0000
0000
,
1000
0000
0000
0000
,
0100
0000
0100
0000
,
1000
0000
0000
0000
,
0001
0000
0000
0000
,
0010
0000
0000
0000
,
0100
0000
0100
0000
,
1000
0000
0000
0000
,
0010
0000
0000
0000
,
0100
0000
0000
0000
,
0001
0000
0001
0000
,
0010
0000
0000
0001
,
0000
0000
0100
0000
,
0010
0000
0000
1000
,
1000
0000
0001
0000
,
0010
0000
0000
0001
,
0000
0000
0100
0000
,
0010
0000
1000
0000
,
0001
0000
0010
0000
,
0100
0000
0000
0100
,
0000
0000
0010
0000
,
0001
0000
0000
1000
,
1000
0000
0001
0000
,
0100
0000
0000
0100
,
0000
0000
0010
0000
,
1000
0000
0001
0000
,
0010
0000
0100
0000
,
1001
0000
0000
0000
,
0000
0000
0000
0000
,
0110
0000
0000
0000
,
0000
0000
0000
0000
,
1001
0000
0000
0000
,
0000
0000
0000
0000
,
0010
0000
1000
0000
,
0001
0000
0010
0000
,
1001
0000
0000
0000
,
0000
0000
0000
0000
,
0110
0000
0000
0000
,
0000
0000
0000
0000
,
1001
0000
0000
0000
,
0000
0000
0000
0000
,
0100
0000
0010
0000
,
0001
0000
1000
0000
,
0010
0000
0000
0000
,
1000
0000
0000
0000
,
0001
0000
0000
0000
,
0010
0000
0001
0000
,
1000
0000
0000
0000
,
0010
0000
0000
0000
,
0100
0000
0100
0000
,
0010
0000
0100
0000
,
0010
0000
0000
0000
,
1000
0000
0000
0000
,
0001
0000
0000
0000
,
0010
0000
0100
0000
,
0010
0000
0000
0000
,
0001
0000
0000
0000
,
1000
0000
1000
0000
,
0001
0000
1000
0000
,
0001
0000
0000
0000
,
0000
0000
0000
0000
,
1000
0000
0001
0000
,
0100
0000
0001
0000
,
1000
0000
0010
0000
,
0100
0000
0001
0000
,
1000
1000
0000
0010
,
0000
1000
0000
0001
,
0000
0010
0000
0001
,
0000
0100
0000
0010
,
0010
0000
0000
1000
,
0000
0000
0001
0000
,
0010
0000
0000
0001
,
0000
0000
0100
0000
,
0100
0000
0000
0010
,
0000
0000
1000
0000
,
0100
0000
0000
1000
,
0000
0000
0001
0000
,
0010
0000
0000
0001
,
0000
0000
1000
0000
,
0010
0000
0000
0100
,
0000
0000
0001
0000
,
0001
0000
0000
1000
,
0000
0000
0010
0000
,
0100
0000
0000
0001
,
0000
0000
1000
0000
,
0100
0000
0000
0000
,
1000
0000
0001
0000
,
1000
0000
0000
0000
,
0010
0000
0000
0000
,
0100
0000
0000
0000
,
0001
0000
1000
0000
,
0001
0000
0000
0000
,
0010
0000
0000
0000
,
0100
0000
0000
0000
,
1000
0000
0010
0000
,
1000
0000
0000
0000
,
0001
0000
0000
0000
,
0100
0000
0000
0000
,
0010
0000
0100
0000
,
0010
0000
0000
0000
,
1001
0000
0000
0000
,
0001
0000
0000
0000
,
0010
0000
0000
0000
,
0001
0000
0000
0000
,
1000
0000
1000
0000
,
0010
0000
0000
0000
,
0100
0000
0000
0000
,
0001
0000
1000
0000
,
0100
0000
1000
0000
,
0010
0000
0000
0000
,
0100
0000
0000
0000
,
0001
0000
0000
0000
,
0010
0000
0001
0000
,
1000
0000
0000
0000
,
0010
0000
0000
0000
,
0100
0000
0010
0000
,
1000
0000
0001
0000
,
1001
0000
0000
0000
;

//---------------dance-single - ----------------
#NOTES:
     dance-single:
     :
     Medium:
     9:
     0.607,0.686,0.218,0.540,0.000,433.000,27.000,67.000,0.000,0.000:
0000
0000
0000
0000
,
0000
0000
0000
0000
,
0000
0000
0000
0000
,
0000
0000
0000
0000
,
0010
0000
0001
0000
0100
0000
0010
1000
,
0000
1000
0010
0000
1000
0000
0001
0000
,
0010
0000
0100
0000
0010
0000
0001
1000
,
0000
1000
0001
0000
0100
0000
0010
0000
,
1000
0100
1000
0020
,
0000
0030
0100
0000
,
0001
0100
0010
1000
,
0200
0000
1300
0000
,
0001
0010
0001
0200
,
0000
0300
0010
0000
,
1000
0100
1000
0001
,
0100
0010
2000
0000
,
3001
0010
0100
2000
,
0000
3000
0001
0000
,
0100
0001
0010
0100
,
1000
0010
0200
0000
,
0301
1000
0010
0200
,
0000
0300
0001
0000
,
1000
0010
0100
0001
,
1000
0100
1000
0001
,
1000
0000
0000
0010
0100
0000
0020
0000
,
0000
0030
0100
0001
,
1000
0000
0000
0100
0010
0000
0001
0000
,
1000
0000
0010
0000
2002
0000
0000
3003
,
0001
0000
0000
0100
0010
0000
2000
0000
,
0000
3000
0100
1000
,
0010
0000
0000
0100
0001
0000
0010
0000
,
0100
0000
0000
0000
2002
0000
0000
3003
,
0010
0000
0000
0001
1000
0000
0020
0000
,
0000
0030
0100
0001
,
0010
0000
0000
0001
0100
0000
0001
0000
,
0010
0000
0100
0000
2002
0000
0000
3003
,
1000
0000
0000
0010
0100
0000
0002
0000
,
0000
0003
1000
0010
,
1000
0010
0001
0010
,
1000
0100
0001
0100
,
2000
0000
0000
3002
0000
0000
0203
0000
,
0000
0302
0000
0000
2003
0000
3200
0000
,
0320
0000
0000
0230
0000
0000
2300
0000
,
0000
3002
0000
0000
0203
0000
0320
0000
,
2030
0000
0000
3002
0000
0000
0023
0000
,
0000
0230
0000
0000
2300
0000
3002
0000
,
0203
0000
0000
0320
0000
0000
0230
0000
,
0000
0302
0000
0000
1003
0001
1000
0000
,
0200
0000
0000
0320
0000
0000
0032
0000
,
0000
2003
0000
0000
3200
0000
2300
0000
,
3020
0000
0000
0230
0000
0000
0302
0000
,
0000
2003
0000
0000
3200
0000
0320
0000
,
0032
0000
0000
0203
0000
0000
0320
0000
,
0000
2030
0000
0000
3002
0000
0023
0000
,
0230
0000
0000
2300
0000
0000
3020
0000
,
0000
2030
0000
0000
3001
0010
0001
0000
,
0010
0000
0000
0100
0000
0000
1000
0000
,
0001
0000
0000
0100
0000
0000
0001
0000
,
0010
0000
0000
0100
0000
0000
1000
0000
,
0001
0010
0000
0001
0000
0000
0100
0000
,
0010
0000
0000
1000
0000
0000
0100
0000
,
1000
0000
0000
0001
0000
0000
0100
0000
,
0101
0000
0000
0110
0000
0000
0101
0000
,
1001
0000
0000
1010
0000
0000
0110
0000
,
0100
0000
0000
0001
0000
0000
1000
0000
,
0100
0000
0000
0010
0000
0000
0100
0000
,
0010
0000
0000
0001
0000
0000
0100
0000
,
0010
1000
0000
0001
0000
0000
0010
0000
,
0100
0000
0000
1000
0000
0000
0001
0000
,
0100
0000
0000
0010
0000
0000
1000
0000
,
1001
0000
0000
0011
0000
0000
0110
0000
,
1100
0000
0000
1001
0000
0000
0101
0000
,
0100
0000
0000
0000
,
0000
0000
0000
0000
,
0100
0100
0001
0001
,
1000
1000
0100
0010
,
0001
0001
1000
1000
,
0010
0000
0010
0000
0100
0000
0100
0010
,
1000
1001
0001
0011
,
1000
1000
0001
1001
,
0100
0110
0001
1100
,
0010
1000
0010
1001
,
0010
1000
0100
0002
,
0000
0003
0100
0000
,
1000
0010
0100
0001
,
0010
0000
0100
0000
1000
0010
0000
0000
,
0100
0001
0010
2000
,
0000
3000
0010
0000
,
0001
0100
0010
1000
,
0001
0000
0010
0000
0100
1000
0000
0000
,
1000
0001
0100
2000
,
0000
3000
0100
0000
,
0010
1000
0001
0010
,
0100
0000
1000
0000
0001
0010
0000
0000
,
0001
1000
0010
0002
,
0000
0003
0010
0000
,
0100
0010
1000
0001
,
0010
0100
1000
0001
,
1000
0000
0001
0100
0001
0000
1000
0000
,
0100
0010
0001
1000
,
0010
0000
0100
0001
0100
0000
0001
0000
,
1000
0000
0100
0000
0010
0001
0000
0000
,
0100
0000
0010
1000
0010
0000
0100
0000
,
0010
1000
0001
0010
,
0100
0000
1000
0001
1000
0000
0100
0000
,
0010
0000
0001
0000
1000
0010
0000
0000
,
0100
0000
0001
1000
0001
0000
0010
0000
,
0001
1000
0100
0010
,
0001
0000
1000
0000
0010
0100
0010
0000
,
0100
0000
0001
0000
1000
0100
0000
0000
,
0010
0000
0001
1000
0001
0000
1000
0000
,
0010
0100
0001
1000
,
0100
0000
0010
0001
0010
0000
0001
0000
,
0100
0000
0010
0000
1000
0100
0000
0000
,
1000
0000
0000
0001
0000
0000
0100
0000
,
0010
0000
0000
1000
0000
0000
0001
0000
,
0010
0000
0000
0001
0000
0000
1000
0000
,
0100
1000
0000
0010
0000
0000
0100
0000
,
0001
0000
0000
1000
0000
0000
0100
0000
,
1000
0000
0000
0010
0000
0000
0100
0000
,
1001
0000
0000
0110
0000
0000
0101
0000
,
1001
0000
0110
0000
,
1000
0010
0001
0010
,
1000
0100
0001
0100
,
0010
0001
0100
1000
,
0100
0001
0010
0100
,
0001
0100
0010
1000
,
0010
0100
1000
0010
,
0100
0001
1000
0010
,
0100
0001
0010
0100
,
2002
0000
0000
0000
,
3003
0000
0000
0000
;

//---------------dance-single - ----------------
#NOTES:
     dance-single:
     :
     Challenge:
     10:
     0.867,0.950,0.540,0.524,0.000,621.000,67.000,65.000,0.000,0.000:
0000
0000
0000
0000
,
0000
0000
0000
0000
,
0000
0000
0000
0000
,
0000
0000
0000
0000
,
1000
0010
0100
0001
,
0010
0000
0100
0000
1000
0010
0100
0001
,
0010
0001
1000
0010
,
0100
0000
0001
0000
1000
0001
1000
0001
,
0020
0000
0031
0100
1000
0100
0002
0000
,
0013
1000
0010
0001
0200
0000
0010
0000
,
2300
0000
3100
0010
1000
0100
0020
0000
,
0031
1000
0100
0001
0200
0000
0000
0000
,
2300
0000
3010
0100
0001
0010
2000
0000
,
3010
0001
0100
1000
0200
0000
0010
0000
,
0302
0000
0013
0100
1000
0001
0020
0000
,
0031
0100
1000
0100
0002
0000
0000
0000
,
2003
0000
3001
0010
0100
0001
0200
0000
,
0310
0001
0100
0010
2000
0000
0001
0000
,
3020
0000
1030
0100
0010
1000
0020
0000
,
0130
1000
0001
0100
0020
0000
0000
0000
,
0230
0000
0310
1000
0001
0010
0002
0000
,
0013
1000
0010
0100
2000
0000
0100
0000
,
3002
0000
0013
0001
0100
0010
0002
0000
,
0013
1000
0100
0001
0200
0000
0000
0000
,
1300
0000
0001
0100
0001
0000
1000
0000
,
0101
0000
0000
0000
0110
0000
0010
1000
,
0001
0000
1000
0100
0010
0001
1000
0000
,
0010
0000
0100
0000
2002
0000
0000
3003
,
0010
0000
0001
0100
0010
0000
1000
0000
,
0101
0000
0000
0000
1010
0000
1000
0001
,
0010
0000
0100
1000
0001
0010
0100
0000
,
0010
0000
0001
0000
2020
0000
0000
3030
,
1001
0000
0010
1000
0001
0000
0010
0000
,
1100
0000
0000
0000
0011
0000
0001
1000
,
0010
0000
0100
0010
1000
0001
0010
0000
,
0001
0000
1000
0000
0220
0000
0000
0330
,
1001
0000
0010
1000
0001
0000
0010
0000
,
1100
0000
0000
0000
0011
0000
0001
1000
,
0010
0000
0100
0001
0010
0000
0100
0000
,
1000
0100
0001
0100
0010
0001
0100
1000
,
0101
0000
0000
1100
0000
0000
1010
0000
,
0000
0011
0000
0000
1100
0000
0101
0000
,
1001
0000
0000
0101
0000
0000
0110
0000
,
0000
1010
0000
0000
1100
0000
0101
0000
,
1100
0000
0000
0011
0000
0000
1010
0000
,
0000
0101
0000
0000
0011
0000
0110
0000
,
1200
0000
0000
0010
0000
0000
0001
0000
,
0000
0010
0000
0000
1300
0010
0001
0000
,
0011
0000
0000
1010
0000
0000
1100
0000
,
0000
0011
0000
0000
0101
0000
1100
0000
,
1010
0000
0000
0101
0000
0000
1001
0000
,
0000
0110
0000
0000
0011
0000
1010
0000
,
0011
0000
0000
0110
0000
0000
1100
0000
,
0000
1001
0000
0000
0101
0000
0110
0000
,
1020
0000
0000
0100
0000
0000
0001
0000
,
0000
0100
0000
0000
1030
0100
0001
0000
,
0100
1000
0000
0001
0000
0000
0100
0000
,
1000
0100
0000
0010
0000
0000
1000
0000
,
0001
0010
0000
1000
0000
0000
0010
0000
,
0100
1000
0000
0010
0000
0100
0001
0010
,
0100
0001
0000
0100
0000
0000
1000
0000
,
0010
0100
0000
0001
0000
0000
1000
0000
,
2100
0000
0000
0010
0000
0000
3001
0000
,
0012
0000
0000
1000
0000
0000
0013
0000
,
0001
0100
0000
0010
0000
0000
1000
0000
,
0100
0001
0000
0100
0000
0000
0010
0000
,
0001
0100
0000
1000
0000
0000
0100
0000
,
0010
1000
0000
0001
0000
0010
0001
1000
,
0100
0010
0000
1000
0000
0000
0010
0000
,
0100
1000
0000
0010
0000
0000
0100
0000
,
0102
0000
0000
1000
0000
0000
0013
0000
,
2010
0000
0000
0001
0000
0000
3100
0000
,
1001
0000
0000
0000
,
0000
0000
0000
0000
,
0001
0100
0001
0100
,
0010
1000
0010
1000
,
0100
0010
0100
0010
,
0001
0000
1000
0000
0001
0000
1000
0010
,
0100
0000
0010
0000
1000
0001
0010
0000
,
0001
0000
1000
0000
0010
0100
0001
0010
,
0100
0000
0010
0000
0001
1000
0010
0000
,
0100
0000
0001
0000
1000
0100
0001
0100
,
2000
0000
3010
0100
0010
1000
0002
0000
,
0013
0001
1000
0100
2000
0000
0010
0000
,
3002
0000
0013
0001
0100
0010
2000
0000
,
3001
0100
1000
0100
0002
0000
0010
0000
,
0023
0000
0031
0100
0010
1000
0200
0000
,
1300
0001
0010
0100
0020
0000
0001
0000
,
0230
0000
1300
0010
0100
0001
0020
0000
,
0031
1000
0100
1000
0020
0000
1000
0000
,
2030
0000
3001
0100
1000
0100
0002
0000
,
0013
1000
0010
0001
2000
0000
0100
0000
,
3020
0000
1030
0010
0001
0010
2000
0000
,
3100
0001
0100
1000
0020
0000
0100
0000
,
0230
0000
0301
0010
1000
0010
0200
0000
,
0310
0001
1000
0010
0002
0000
0010
0000
,
0023
0000
1030
0100
0010
0001
2000
0000
,
3001
0010
0100
1000
0002
0000
1000
0000
,
1003
0000
0010
0100
0001
0000
0010
0000
,
0001
1000
0100
1000
0000
0010
0100
0000
,
0010
0000
1000
0001
0010
0000
0001
0000
,
1000
0100
1000
0010
0100
0002
0000
0000
,
0013
0000
0001
1000
0100
0000
1000
0000
,
0100
0010
1000
0100
0000
0010
0100
0000
,
1000
0000
0010
0100
0001
0000
0010
0000
,
0001
1000
0100
1000
0010
0200
0000
0000
,
0310
0000
1000
0001
0010
0000
0001
0000
,
1000
0100
1000
0001
0000
0010
0001
0000
,
0100
0000
0010
1000
0001
0000
0010
0000
,
0100
1000
0001
0010
0001
0200
0000
0000
,
0310
0000
1000
0100
0010
0000
0001
0000
,
1000
0010
0100
0001
0000
1000
0010
0000
,
1010
0000
0000
1001
0000
0000
0101
0000
,
0001
1000
0100
1000
0010
0200
0000
0000
,
0310
1000
0000
0001
0000
0000
0010
0000
,
1000
0010
0000
0001
0000
0000
0100
0000
,
1000
0100
0000
0010
0000
0000
1000
0000
,
0100
0010
0000
1001
0000
0010
0100
0001
,
0010
1000
0000
0010
0000
0000
0001
0000
,
0100
0010
0000
1000
0000
0000
0001
0000
,
0011
0000
0000
1100
0000
0000
1010
0000
,
0011
0000
0000
0110
0000
0000
1100
0000
,
1001
0001
0100
1000
0100
0010
1000
0001
,
0010
0100
0001
0100
0010
1000
0010
0100
,
1000
0010
0001
0010
1000
0100
0001
0100
,
0010
0001
0100
1000
0100
0010
1000
0001
,
0010
0100
0001
0100
1000
0010
0100
0001
,
1000
0100
0010
1000
0010
1000
0001
0100
,
0010
0001
0010
0100
1000
0010
0001
1000
,
0100
0010
1000
0100
0010
1000
0010
0001
,
0200
0000
0000
0000
,
0300
0000
0000
0000
;

//---------------dance-single - ----------------
#NOTES:
     dance-single:
     :
     Easy:
     6:
     0.427,0.475,0.081,0.129,0.000,345.000,10.000,16.000,0.000,0.000:
0000
0000
0000
0000
,
0000
0000
0000
0000
,
0000
0000
0000
0000
,
0000
0000
0000
0000
,
1000
0000
0010
0000
,
1000
0000
0001
0100
,
0010
0000
1000
0000
,
0001
0000
0010
0001
,
0100
0000
0000
1001
,
0000
0000
1000
0000
,
0010
0000
0100
0000
,
0010
1000
0001
0000
,
1000
0000
0000
0110
,
0000
0000
0010
0000
,
0001
0000
1000
0000
,
0010
0100
0001
0010
,
0100
0000
0000
1001
,
0000
0000
0010
0000
,
0001
0000
0100
0000
,
0010
1000
0001
0000
,
1000
0000
0000
0101
,
0000
0000
0010
0000
,
1000
0000
0001
0000
,
0010
0001
1000
0010
,
0100
0010
1000
0002
,
0000
0003
0010
0000
,
0001
1000
0100
1000
,
0010
0100
0002
0000
,
1003
0100
1000
0020
,
0000
0030
1000
0000
,
0001
0010
0100
1000
,
0001
0100
0002
0000
,
1003
0100
1000
0020
,
0000
0030
0100
0000
,
0001
0010
0001
1000
,
0100
1000
0002
0000
,
0013
0100
1000
0002
,
0000
0003
0100
0000
,
0010
1000
0010
1000
,
0001
0100
0001
0100
,
0010
0000
0000
1000
0000
0000
0010
0000
,
0000
1000
0000
0000
0010
0000
1000
0000
,
0001
0000
0000
0010
0000
0000
0001
0000
,
0000
0010
0000
0000
0001
0000
0010
0000
,
0100
0000
0000
1000
0000
0000
0100
0000
,
0000
1000
0000
0000
0100
0000
0010
0000
,
0100
0000
0000
0010
0000
0000
0001
0000
,
0000
1000
0000
0000
0001
0000
0000
0000
,
1000
0000
0000
0100
0000
0000
1000
0000
,
0000
0100
0000
0000
1000
0000
0010
0000
,
0100
0000
0000
0001
0000
0000
0100
0000
,
0000
0001
0000
0000
0100
0000
0001
0000
,
0010
0000
0000
0100
0000
0000
0010
0000
,
0000
0100
0000
0000
0010
0000
0001
0000
,
1000
0000
0000
0010
0000
0000
0100
0000
,
0000
0001
0000
0000
1000
0000
0000
0000
,
0001
0000
0010
0000
,
0001
0000
1000
0000
,
0010
0000
0100
0000
,
0010
1000
0001
0010
,
0100
0000
0010
0000
,
0001
0000
1000
0000
,
0010
0000
1001
0000
,
0100
0000
1001
0000
,
0010
0000
1000
0000
,
0001
0000
0010
0000
,
0001
0000
1000
0000
,
0010
0100
0001
0010
,
0100
0000
0010
0000
,
0001
0000
1000
0000
,
0010
0000
1100
0000
,
0010
0000
0101
0000
,
1000
0000
0000
0000
,
0000
0000
0000
0000
,
1000
0100
1000
0010
,
0100
0001
0010
0001
,
1000
0010
0100
0001
,
1000
0100
0010
0001
,
1000
0010
0000
0100
,
0000
0010
0000
1000
,
0001
0010
0000
0001
,
0000
0100
0000
0010
,
1000
0100
1000
0002
,
0000
0003
0010
0000
,
0001
0100
0010
1000
,
0001
0010
0200
0000
,
0310
0001
1000
0020
,
0000
0030
1000
0000
,
0100
1000
0010
0100
,
0010
1000
0002
0000
,
0013
0001
1000
0200
,
0000
0300
1000
0000
,
0010
0100
0010
1000
,
0001
0100
0020
0000
,
1030
0001
0100
0002
,
0000
0003
0010
0000
,
0100
1000
0100
0010
,
0001
1000
0020
0000
,
1030
0000
0001
0000
,
0010
0000
0001
1000
,
0100
0000
1000
0000
,
0010
0100
0010
1000
,
0001
0000
0010
0000
,
0001
0000
1000
0010
,
0100
0000
0010
0000
,
1000
0001
0010
0100
,
1000
0000
0001
0000
,
0100
0000
0010
1000
,
0001
0000
0010
0000
,
0001
0100
0010
1000
,
0100
0000
1000
0000
,
0010
0000
0100
0001
,
0100
0000
0010
0000
,
1000
0000
1001
0000
,
0001
0000
0000
0010
0000
0000
0001
0000
,
1000
0000
0000
0010
0000
0000
1000
0000
,
0100
0000
0000
0010
0000
0000
0001
0000
,
1000
0000
0010
0000
,
0100
0000
0000
0001
0000
0000
0100
0000
,
0010
0000
0000
1000
0000
0000
0100
0000
,
0010
0000
0000
0001
0000
0000
1000
0000
,
0001
0000
1001
0000
,
1000
0010
1000
0010
,
0100
0001
0100
0001
,
0010
0100
0010
0100
,
1000
0010
0100
0001
,
1000
0100
1000
0100
,
0010
0001
0010
0001
,
1000
0000
0000
0010
0000
0000
0100
0000
,
0001
0000
0000
1000
0000
0000
0010
0000
,
0200
0000
0000
0000
,
0300
0000
0000
0000
;

//---------------dance-double - ----------------
#NOTES:
     dance-double:
     :
     Challenge:
     10:
     0.820,0.950,0.604,0.169,0.000,616.000,75.000,21.000,0.000,0.000:
00000000
00000000
00000000
00000000
,
00000000
00000000
00000000
00000000
,
00000000
00000000
00000000
00000000
,
00000000
00000000
00000000
00000000
,
00000100
00000000
00001000
00000000
00000010
00000000
00000100
00000001
,
00000000
00000001
00001000
00000000
00000100
00010000
00000010
00001000
,
00000100
00000000
00010000
00000000
00001000
00000000
00100000
00010000
,
00000000
00010000
10000000
00000000
00100000
01000000
00010000
00100000
,
00002000
00000000
00013000
00000100
00010000
00000000
00000010
00000000
,
00000100
00000010
00001000
00000000
00000100
00000000
00000010
00000000
,
00001002
00000000
00000103
00000010
00001000
00000000
00000100
00000000
,
00010000
00001000
00100000
00000000
00020000
00000000
01000000
00000000
,
01030000
00000000
00100000
10000000
00100000
00000000
01000000
00000000
,
00010000
00100000
00001000
00000000
10000000
00000000
00100000
00000000
,
20010000
00000000
30100000
01000000
00010000
00000000
00100000
00000000
,
00010000
00100000
00001000
00000000
00020000
00000000
00000000
00000000
,
00031000
00000000
00010000
00000100
00001000
00000000
00000010
00000000
,
00000100
00000010
00001000
00000000
00000100
00000000
00010000
00000000
,
00012000
00000000
00103000
00010000
01000000
00000000
00001000
00000000
,
00010000
00000100
00001000
00000000
00000020
00000000
00000100
00000000
,
00000130
00000000
00000010
00001000
00000001
00000000
00000010
00000000
,
00000100
00010000
00000100
00000000
00001000
00000000
00000010
00000000
,
00000201
00000000
00000310
00001000
00000100
00000000
00010000
00000000
,
00001000
00100000
00001000
00000000
00010000
00000000
00000100
00000000
,
00001000
00000000
00000010
00000100
00001000
00000000
00000100
00000000
,
00000010
00001000
00000100
00010000
,
00001000
00000000
01000000
00100000
10000000
00000000
00010000
00000000
,
00100000
01000000
10000000
00000000
00010000
00000000
01000000
00000000
,
00011000
00000000
00001000
00100000
00010000
00000000
01000000
00000000
,
00100000
10000000
00010000
00100000
,
00100000
00000000
10000000
00100000
00010000
00000000
01000000
00000000
,
00100000
10000000
00010000
00000000
00100000
00000000
00001000
00000000
,
00011000
00000000
00010000
00000100
00001000
00000000
00000010
00000000
,
00000100
00000001
00000010
00001000
,
00000010
00000000
00000100
00001000
00000010
00000000
00000100
00000000
,
00000001
00001000
00000100
00000000
00010000
00000000
00000010
00000000
,
00000101
00000000
00000010
00001000
00000100
00000000
00010000
00000000
,
00001000
01000000
00100000
00010000
,
00100000
00000000
10000000
01000000
00100000
00000000
00010000
00000000
,
01000000
00001000
00010000
00000000
00000100
00000000
00001000
00000000
,
00000101
00000000
00000000
00001010
00000000
00000000
00011000
00000000
,
00000000
01100000
00000000
00000000
11000000
00000000
10010000
00000000
,
01010000
00000000
00000000
01100000
00000000
00000000
00011000
00000000
,
00000000
00001100
00000000
00000000
00000110
00000000
00000011
00000000
,
00001100
00000000
00000000
00010010
00000000
00000000
00001100
00000000
,
00000000
00010100
00000000
00000000
00011000
00000000
00110000
00000000
,
02100000
00000000
00000000
00010000
00000000
00000000
00100000
00000000
,
00000000
10000000
00000000
00000000
03100000
00010000
01000000
00000000
,
01001000
00000000
00000000
00011000
00000000
00000000
00001100
00000000
,
00000000
00000011
00000000
00000000
00001100
00000000
00001010
00000000
,
00000101
00000000
00000000
00001010
00000000
00000000
00010100
00000000
,
00000000
00011000
00000000
00000000
00110000
00000000
01100000
00000000
,
11000000
00000000
00000000
10010000
00000000
00000000
01001000
00000000
,
00000000
00110000
00000000
00000000
11000000
00000000
10010000
00000000
,
01200000
00000000
00000000
00010000
00000000
00000000
10000000
00000000
,
00000000
01000000
00000000
00000000
00310000
00100000
10000000
00000000
,
01000000
00100000
01000000
10000000
00000000
00100000
01000000
00000000
,
00010000
00100000
00001000
00010000
00000000
00001000
00100000
00000000
,
00010000
01000000
00001000
00010000
00000000
00000100
00001000
00000000
,
00000010
00000100
00000000
00000001
00000000
00001000
00000100
00000000
,
00000010
00000001
00000010
00000100
00000000
00001000
00000010
00000000
,
00000100
00000001
00001000
00000100
00000000
00010000
00001000
00000000
,
00110000
00000000
00000000
00101000
00000000
00000000
00011000
00000000
,
00010100
00000000
00000000
00001010
00000000
00000000
00000101
00000000
,
00000001
00000100
00000010
00001000
00000000
00000100
00010000
00000000
,
00001000
00100000
00010000
01000000
00000000
00100000
10000000
00000000
,
00010000
00100000
01000000
10000000
00000000
00010000
01000000
00000000
,
00100000
10000000
00000000
00010000
00000000
00100000
00001000
00000000
,
00010000
00001000
00010000
00000100
00000000
00000010
00000100
00000000
,
00001000
00000010
00000100
00000001
00000000
00001000
00000100
00000000
,
00000110
00000000
00000000
00000011
00000000
00000000
00001100
00000000
,
00010100
00000000
00000000
00011000
00000000
00000000
01001000
00000000
,
01100000
00000000
00000000
00000000
,
00000000
00000000
00000000
00000000
,
00000100
00001000
00000010
00010000
,
00000100
00000000
00001000
00000000
00000010
00000000
00000100
00000001
,
00000010
00000100
00001000
00000010
,
00010000
00000000
00001000
00000000
00100000
00000000
00010000
01000000
,
00100000
00000000
10000000
00000000
01000000
00000000
00100000
00010000
,
01000000
00000000
00001000
00000000
00010000
00000100
00000010
00000001
,
00000100
00000000
00000010
00000000
00001000
00000000
00000100
00010000
,
00001000
01000000
00100000
10010000
,
20000000
00000000
30100000
01000000
00010000
00000000
00100000
00000000
,
00001000
00010000
00000100
00001000
,
00000010
00000000
00000100
00000001
00000010
00000000
00000100
00000000
,
00001000
00000000
00000001
00000000
00000100
00000020
00000000
00000000
,
00001030
00000000
00000100
00010000
00001000
00000000
01000000
00000000
,
00100000
10000000
00010000
00100000
,
00001000
00000000
00010000
00000010
00000100
00000000
00000010
00000000
,
00001000
00000000
00000100
00000000
00010000
00002000
00000000
00000000
,
00013000
00000000
00000100
00001000
00000010
00000000
00000100
00000000
,
00000001
00001000
00000100
00010000
,
00001000
00000000
01000000
00100000
10000000
00000000
00010000
00000000
,
00100000
00000000
01000000
00000000
10000000
00020000
00000000
00000000
,
10030000
00000000
00100000
01000000
00010000
00000000
00100000
00000000
,
00001000
00010000
00000100
00010000
,
00000010
00000000
00000100
00000001
00001000
00000000
00000100
00000000
,
00000010
00000000
00000001
00000000
00001000
00000020
00000000
00000000
,
00001030
00000100
00001000
00000100
00000010
00000001
00000100
00000000
,
00000010
00001000
00000010
00001000
00000000
00000001
00000100
00000000
,
00000010
00001000
00000010
00001000
00000100
00010000
00001000
00000000
,
00100000
00010000
00100000
00010000
01000000
00002000
00000000
00000000
,
00013000
00000100
00010000
00000100
00010000
00001000
01000000
00000000
,
00100000
10000000
00100000
10000000
00000000
00010000
01000000
00000000
,
00100000
10000000
00100000
10000000
00010000
00100000
01000000
00000000
,
00100000
00010000
00100000
01000000
10000000
00020000
00000000
00000000
,
10030000
01000000
10000000
01000000
00100000
00010000
01000000
00000000
,
00010000
01000000
00010000
01000000
00000000
00001000
00010000
00000000
,
00000100
00001000
00000100
00001000
00000010
00000100
00000010
00000000
,
00000010
00001000
00000010
00001000
00000001
00000200
00000000
00000000
,
00000310
00001000
00000100
00010000
00001000
00100000
00010000
00000000
,
00100000
00001000
00100000
00001000
00000000
00010000
00000010
00000000
,
00001010
00000000
00000000
00010010
00000000
00000000
00011000
00000000
,
00001000
00100000
01000000
10000000
00100000
20000000
00000000
30000000
,
10000000
01000000
00100000
01000000
00000000
10000000
00010000
00000000
,
01000000
00100000
01000000
00010000
00000000
00100000
00001000
00000000
,
00010000
00000100
00010000
00001000
00000000
00100000
00010000
00000000
,
01000000
00100000
00000000
10000000
00000000
00010000
01000000
00000000
,
00001000
00010000
00001000
00100000
00000000
00001000
00010000
00000000
,
00000100
00001000
00000010
00000100
00000000
00000010
00001000
00000000
,
00001001
00000000
00000000
00000101
00000000
00000000
00000110
00000000
,
00001010
00000000
00000000
00001100
00000000
00000000
00010100
00000000
,
00000100
00001000
00000010
00000100
00000001
00001000
00000100
00010000
,
00001000
00100000
00010000
01000000
00100000
00010000
00001000
00010000
,
00100000
01000000
00010000
10000000
01000000
00100000
00010000
01000000
,
00001000
00010000
00000100
00001000
00000010
00000100
00000001
00001000
,
00000100
00000010
00000001
00000100
00000010
00001000
00000100
00010000
,
00001000
00100000
00010000
10000000
00100000
01000000
00010000
00100000
,
00110000
00000000
00000000
00011000
00000000
00000000
00101000
00000000
,
00110000
00000000
00000000
01100000
00000000
00000000
11000000
00000000
,
20020000
00000000
00000000
00000000
,
30030000
00000000
00000000
00000000
;

//---------------dance-double - ----------------
#NOTES:
     dance-double:
     :
     Medium:
     9:
     0.610,0.686,0.064,0.741,0.000,430.000,8.000,92.000,0.000,0.000:
00000000
00000000
00000000
00000000
,
00000000
00000000
00000000
00000000
,
00000000
00000000
00000000
00000000
,
00000000
00000000
00000000
00000000
,
01000000
00000000
00100000
00000000
10000000
00000000
00010000
00100000
,
00000000
00100000
00010000
00000000
01000000
00000000
00001000
00000000
,
00010000
00000000
01000000
00000000
10000000
00000000
00100000
01000000
,
00000000
01000000
00001000
00000000
00010000
00000000
00000100
00000000
,
00000010
00000001
00000010
00000200
,
00000000
00000300
00001000
00000000
,
00000010
00000100
00000001
00001000
,
00000100
00010000
00011000
00000000
,
00010000
00000100
00001000
00000020
,
00000000
00000030
00001000
00000000
,
00000100
00000010
00000100
00001000
,
00000010
00010000
00011000
00000000
,
00001000
01000000
00100000
20000000
,
00000000
30000000
00010000
00000000
,
00100000
00010000
01000000
00100000
,
10000000
01000000
10010000
00000000
,
00100000
00010000
01000000
00002000
,
00000000
00003000
00010000
00000000
,
00000100
00001000
00000010
00000100
,
00000001
00001000
00001001
00000000
,
00001000
00000000
00000000
00000001
00000100
00000000
00000020
00000000
,
00000000
00000030
00001000
00000000
,
00000100
00000000
00010000
00001000
00010000
00000000
00001000
00000000
,
01000000
00100000
20000000
00000000
,
30010000
00000000
00000000
00100000
01000000
00000000
20000000
00000000
,
00000000
30000000
00010000
00000000
,
01000000
00000000
00100000
10000000
00100000
00000000
01000000
00000000
,
00010000
00100000
00002000
00000000
,
00013000
00000000
00000000
00000100
00001000
00000000
00000020
00000000
,
00000000
00000030
00000100
00000000
,
00000010
00000000
00001000
00000100
00001000
00000000
00000100
00000000
,
00010000
00001000
00200000
00000000
,
00310000
00000000
00000000
01000000
00100000
00000000
20000000
00000000
,
00000000
30000000
00100000
00000000
,
01000000
00000000
00010000
10000000
00010000
00000000
10000000
00000000
,
01000000
00100000
10010000
00000000
,
20000000
00000000
00000000
30200000
00000000
00000000
00320000
00000000
,
00000000
00032000
00000000
00000000
00003200
00000000
00000320
00000000
,
00002030
00000000
00000000
00003200
00000000
00000000
00020300
00000000
,
00000000
00030020
00000000
00000000
00000230
00000000
00000302
00000000
,
00000023
00000000
00000000
00000032
00000000
00000000
00002003
00000000
,
00000000
00003020
00000000
00000000
00000230
00000000
00000320
00000000
,
00020030
00000000
00000000
00032000
00000000
00000000
00203000
00000000
,
00000000
00320000
00000000
00000000
01030000
00100000
01000000
00000000
,
00020000
00000000
00000000
00230000
00000000
00000000
00302000
00000000
,
00000000
00003200
00000000
00000000
00000320
00000000
00002030
00000000
,
00003002
00000000
00000000
00000023
00000000
00000000
00002030
00000000
,
00000000
00023000
00000000
00000000
02030000
00000000
03200000
00000000
,
00320000
00000000
00000000
20030000
00000000
00000000
30200000
00000000
,
00000000
02300000
00000000
00000000
03020000
00000000
00230000
00000000
,
00302000
00000000
00000000
00023000
00000000
00000000
00030200
00000000
,
00000000
00002300
00000000
00000000
00003010
00000100
00000010
00000000
,
00000100
00000010
00001000
00000001
,
00000010
00000100
00001000
00000010
,
00010000
00001000
01000000
00100000
,
10000000
00000000
00010000
00000000
00100000
00010000
00100000
00010000
,
00100000
01000000
10000000
00010000
,
01000000
00001000
00010000
00000100
,
00002000
00000000
00000000
00003002
00000000
00000000
00000203
00000000
,
00000320
00000000
00000000
00002030
00000000
00000000
00003200
00000000
,
00010300
00001000
01000000
00100000
,
10000000
00010000
00100000
01000000
,
00100000
00010000
01000000
00001000
,
00010000
00000000
00000100
00000000
00000010
00000100
00000010
00000100
,
00000010
00000001
00000100
00000010
,
00001000
00000100
00010000
00001000
,
00200000
00000000
00000000
00320000
00000000
00000000
02030000
00000000
,
03200000
00000000
00000000
20300000
00000000
00000000
30020000
00000000
,
00130000
00000000
00000000
00000000
,
00000000
00000000
00000000
00000000
,
10000000
00010000
01000000
00100000
,
10000000
00010000
01000000
00001000
,
00010000
00000100
00000010
00000001
,
00000100
00000000
00000010
00000000
00001000
00000000
00000001
00000010
,
00001000
00000010
00000100
00001000
,
00000010
00000000
00010000
00000000
00001000
00000000
00100000
00010000
,
01000000
00100000
10000000
00010000
,
10000000
01000000
00100000
00010000
,
01000000
00001000
00010000
02000000
,
00000000
03000000
10000000
00000000
,
00100000
01000000
00010000
00100000
,
00001000
00010000
00000200
00000000
,
00000310
00000001
00001000
00000020
,
00000000
00000030
00000100
00000000
,
00000010
00001000
00000010
00000100
,
00000001
00001000
00000200
00000000
,
00010300
00001000
01000000
00200000
,
00000000
00300000
10000000
00000000
,
00010000
00100000
01000000
10000000
,
00010000
01000000
00200000
00000000
,
10300000
00010000
01000000
00002000
,
00000000
00003000
00010000
00000000
,
00000100
00001000
00000010
00000100
,
00000001
00001000
00000200
00000000
,
00001300
00000000
00000000
00000001
00000100
00000000
00000010
00000000
,
00001000
00000100
00010000
00000100
,
00001000
00000000
00000000
00000010
00000100
00000000
00000010
00000000
,
00001000
00000001
00000020
00000000
,
00000031
00000000
00000000
00001000
00000100
00000000
00010000
00000000
,
00001000
01000000
00010000
00100000
,
00001000
00000000
00000000
00010000
00001000
00000000
01000000
00000000
,
00100000
10000000
00020000
00000000
,
00130000
00000000
00000000
01000000
10000000
00000000
01000000
00000000
,
10000000
00100000
01000000
00010000
,
10000000
00000000
00000000
01000000
00100000
00000000
00010000
00000000
,
01000000
00001000
00020000
00000000
,
00031000
00000000
00000000
00010000
00000100
00000000
00001000
00000000
,
00000010
00000100
00000001
00001000
,
00000101
00000000
00000000
00001001
00000000
00000000
00001010
00000000
,
00001000
00000100
00020000
00000000
,
00031000
00000000
00000000
00100000
00000000
00000000
00001000
00000000
,
00010000
00000000
00000000
00000100
00000000
00000000
00001000
00000000
,
00000010
00000000
00000000
00000100
00000000
00000000
00000010
00000000
,
00001000
00000100
00000000
00010000
00000000
00000000
00001000
00000000
,
00100000
00000000
00000000
00010000
00000000
00000000
01000000
00000000
,
00100000
00000000
00000000
10000000
00000000
00000000
00010000
00000000
,
00200000
00000000
00000000
00320000
00000000
00000000
02030000
00000000
,
00000000
03002000
00000000
00000000
00023000
00000000
00030200
00000000
,
00001300
00000010
00000100
00000001
,
00001000
00000010
00000100
00000010
,
00001000
00000100
00010000
00001000
,
01000000
00100000
10000000
00010000
,
00100000
01000000
10000000
00010000
,
01000000
00100000
00010000
00001000
,
00000200
00000000
00000000
00000320
00000000
00000000
00002030
00000000
,
00003200
00000000
00000000
00020300
00000000
00000000
00032000
00000000
,
02003000
00000000
00000000
00000000
,
03000000
00000000
00000000
00000000
;

//---------------dance-double - ----------------
#NOTES:
     dance-double:
     :
     Easy:
     6:
     0.376,0.475,0.032,0.040,0.000,318.000,4.000,5.000,0.000,0.000:
00000000
00000000
00000000
00000000
,
00000000
00000000
00000000
00000000
,
00000000
00000000
00000000
00000000
,
00000000
00000000
00000000
00000000
,
10000000
00010000
00100000
01000000
,
10000000
00010000
01000000
00100000
,
01000000
00010000
00100000
00001000
,
00010000
00000100
00000010
00000001
,
00000100
00000000
00000000
00001001
,
00000000
00000000
00000010
00000000
,
00000100
00000000
00000001
00000000
,
00001000
00000100
00010000
00000000
,
00001000
00000000
00000000
00101000
,
00000000
00000000
00010000
00000000
,
01000000
00000000
00100000
00000000
,
10000000
00010000
00100000
00000000
,
01000000
00000000
00000000
10010000
,
00000000
00000000
00100000
00000000
,
01000000
00000000
00010000
00000000
,
00100000
00001000
00010000
00000000
,
00001000
00000000
00000000
00010100
,
00000000
00000000
00001000
00000000
,
00000100
00000000
00001000
00000000
,
00000010
00000100
00000001
00000000
,
00001000
00000000
00000010
00000000
,
00000100
00000001
00000010
00000000
,
00000001
00000000
00000100
00000000
,
00000010
00001000
00000100
00010000
,
00001000
00000000
01000000
00000000
,
00010000
00100000
00001000
00000000
,
00010000
00000000
00000100
00000000
,
00001000
00000000
00000010
00000000
,
00000100
00000000
00000001
00000000
,
00001000
00000100
00000010
00000000
,
00000001
00000000
00000100
00000000
,
00000010
00000000
00001000
00000000
,
00000100
00000000
00010000
00000000
,
00001000
01000000
00100000
00000000
,
10000000
00000000
00010000
00000000
,
00100000
00000000
01000000
00000000
,
10000000
00000000
00000000
00010000
00000000
00000000
10000000
00000000
,
00000000
00010000
00000000
00000000
01000000
00000000
00001000
00000000
,
00010000
00000000
00000000
00001000
00000000
00000000
00010000
00000000
,
00000000
00001000
00000000
00000000
00010000
00000000
00000100
00000000
,
00001000
00000000
00000000
00000010
00000000
00000000
00001000
00000000
,
00000000
00000010
00000000
00000000
00000100
00000000
00000001
00000000
,
00000010
00000000
00000001
00000000
,
00001000
00000000
00000010
00000000
,
00010000
00000000
00000000
00001000
00000000
00000000
00010000
00000000
,
00000000
00001000
00000000
00000000
00010000
00000000
00000100
00000000
,
00000010
00000000
00000000
00000001
00000000
00000000
00001000
00000000
,
00000000
00000001
00000000
00000000
00001000
00000000
00000010
00000000
,
00000100
00000000
00000000
00000001
00000000
00000000
00000100
00000000
,
00000000
00000001
00000000
00000000
00000100
00000000
00000010
00000000
,
00001000
00000000
00000100
00000000
,
00010000
00000000
00001000
00000000
,
00100000
00000000
00010000
00000000
,
01000000
00000000
00100000
00000000
,
10000000
00000000
00010000
00000000
,
00100000
00001000
00010000
00000100
,
00001000
00000000
00000010
00000000
,
00001000
00000000
00000100
00000000
,
00010000
00000000
00000000
00001000
00000000
00000000
00100000
00000000
,
00010000
00000000
01000000
00000000
,
00100000
00000000
10000000
00000000
,
00010000
00000000
00100000
00000000
,
00001000
00000000
00010000
00000000
,
00000100
00000010
00000100
00001000
,
00000001
00000000
00000100
00000000
,
00000010
00000000
00001000
00000000
,
00000100
00000000
00000000
00010000
00000000
00000000
00000100
00000000
,
00001000
00000000
00000010
00000000
,
00000100
00000000
00000000
00000000
,
00000000
00000000
00000000
00000000
,
00000010
00001000
00000010
00000100
,
00000001
00001000
00000100
00010000
,
00001000
01000000
00010000
00100000
,
00001000
00010000
00000100
00001000
,
00000010
00000100
00000000
00000010
,
00000000
00001000
00000000
00000100
,
00010000
00001000
00000000
01000000
,
00000000
00100000
00000000
10000000
,
01000000
00000000
10000000
00000000
,
00100000
00000000
01000000
00010000
,
00100000
00000000
00001000
00000000
,
00010000
00000000
00000100
00000000
,
00001000
00000000
00000010
00000000
,
00001000
00000000
00000100
00010000
,
00001000
00000000
00100000
00000000
,
00010000
00000000
10000000
00000000
,
00100000
00000000
01000000
00000000
,
00010000
00000000
00100000
00001000
,
00010000
00000000
00001000
00000000
,
00010000
00000000
00000100
00000000
,
00001000
00000000
00000010
00000000
,
00000100
00000000
00000001
00000010
,
00000100
00000000
00001000
00000000
,
00000010
00000000
00000100
00000000
,
00000020
00000000
00000000
00000000
,
00001030
00000100
00010000
00001000
,
00100000
00000000
00010000
00000000
,
10000000
00000000
00100000
00000000
,
02000000
00000000
00000000
00000000
,
03100000
10000000
00010000
00100000
,
00001000
00000000
00010000
00000000
,
00000100
00000000
00001000
00000000
,
00000020
00000000
00000000
00000000
,
00000130
00000010
00001000
00000100
,
00010000
00000000
00000100
00000000
,
00001000
00000000
00000010
00000000
,
00000200
00000000
00000000
00000000
,
00000301
00001000
00000010
00000100
,
00000001
00000000
00000000
00001000
00000000
00000000
00000100
00000000
,
00010000
00000000
00000000
00001000
00000000
00000000
00100000
00000000
,
00010000
00000000
01000000
00000000
,
00100000
00000000
10000000
00000000
,
00010000
00000000
00100000
00000000
,
00001000
00000000
00010000
00000100
,
00001000
00000000
00000100
00000000
,
00010000
00000000
00001000
00000000
,
00100000
00000000
00000000
00010000
00000000
00000000
01000000
00000000
,
00100000
00000000
10000000
00000000
,
00010000
01000000
00010000
01000000
,
00100000
10000000
00100000
10000000
,
00010000
00100000
00001000
00010000
,
00000100
00000010
00000001
00001000
,
00000001
00000100
00000001
00000100
,
00000010
00001000
00000010
00001000
,
00000100
00000000
00000000
00010000
00000000
00000000
00000100
00000000
,
00001000
00000000
00000000
00000010
00000000
00000000
00000100
00000000
,
00000002
00000000
00000000
00000000
,
00000003
00000000
00000000
00000000
;
