#TITLE:Changes;
#SUBTITLE:;
#ARTIST:TaQ;
#TITLETRANSLIT:;
#SUBTITLETRANSLIT:;
#ARTISTTRANSLIT:;
#CREDIT:;
#BANNER:changes.png;
#BACKGROUND:Changes-bg.png;
#LYRICSPATH:;
#CDTITLE:dmashuras2.png;
#MUSIC:Changes.mp3;
#OFFSET:-6.590;
#SAMPLESTART:77.820;
#SAMPLELENGTH:12.000;
#SELECTABLE:NO;
#BPMS:0.000=155.000;
#STOPS:;
#BGCHANGES:;
// cache tags:
#FIRSTBEAT:8.000;
#LASTBEAT:275.500;
#SONGFILENAME:Songs/DDI/Changes/Changes.sm;
#HASMUSIC:1;
#HASBANNER:1;
#MUSICLENGTH:116.195;
// end cache tags

//---------------dance-single - ----------------
#NOTES:
     dance-single:
     :
     Hard:
     9:
     0.614,0.622,0.456,0.077,0.103,437.000,53.000,9.000,0.000,0.000:
0000
0000
0000
0000
,
0000
0000
0000
0000
,
0010
1000
0100
0010
,
0001
1000
0010
0100
,
0001
0010
0100
1000
,
0000
0000
0000
0000
,
0010
1000
0001
1000
0001
1000
0100
0000
,
0010
0001
1000
0001
1000
0001
0100
0000
,
0010
1000
0100
0010
0001
0100
0001
0000
,
0010
0001
0100
0010
1000
0001
0100
0000
,
0010
1000
0100
1000
0010
0100
0001
0000
,
0010
0001
0100
0010
1000
0001
0100
0000
,
0010
1000
0001
0100
0001
1000
0010
0000
,
0100
0001
0010
0001
1000
0100
1000
0000
,
0100
0000
1000
0000
0001
0000
1000
0001
0000
0001
1000
0000
0010
0000
0000
0000
,
0100
0000
0001
0000
1000
0000
0001
1000
0000
1000
0001
0000
0010
0000
0000
0000
,
0100
0000
1000
0000
0010
0000
0100
0001
0000
0001
0010
0000
0001
0000
0000
0000
,
0100
0000
0001
0000
0010
0000
0100
1000
0000
1000
0001
0000
0010
0000
0000
0000
,
0100
0000
1000
0000
0010
0000
1000
0100
0000
0100
0010
0000
0001
0000
0000
0000
,
0100
0000
0001
0000
0010
0000
0100
1000
0000
1000
0001
0000
0010
0000
0000
0000
,
0100
0000
1000
0000
0001
0000
0010
0001
0000
0001
1000
0000
0100
0000
0000
0000
,
1100
0101
0011
1010
,
0010
1000
0100
1000
0010
1000
0100
0010
,
0001
1000
0100
1000
0001
1000
0010
0100
,
0001
0010
0100
0010
0001
0010
0100
1000
,
0010
0100
0001
0100
0010
0100
0001
0010
,
0100
1000
0011
1000
0010
0100
0001
1000
,
0100
0010
1100
0001
0010
0100
1000
0001
,
0100
0001
1010
0100
1000
0010
0100
0001
,
1000
0010
0101
0010
0100
0001
1000
0100
,
0020
0000
0000
0000
0001
0000
0000
0000
0031
0000
0000
0000
0001
1000
0000
0000
,
0020
0000
0000
0000
0100
0000
0000
0000
0130
0000
0000
0000
0100
0001
0000
0001
,
2000
0000
0000
0000
0100
0000
0000
0000
3100
0000
0000
0000
0100
0010
0000
0000
,
0002
0000
0000
0000
1000
0000
0000
0000
1003
0000
0000
0000
1000
0010
0100
0000
,
0002
0000
0000
0000
0010
0000
0000
0000
0103
0000
0000
0000
1000
0001
0000
0000
,
2000
0000
0000
0000
0010
0000
0000
0000
3100
0000
0000
0000
0001
0100
0000
0000
,
0002
0000
0000
0000
0100
0000
0000
0000
0013
0000
0000
0000
0001
1000
0000
0000
,
0110
0000
0000
0101
0000
1010
0000
0000
,
1000
0100
0010
0000
0010
0100
1000
0000
,
0001
0100
0010
0000
0010
0100
0001
0000
,
1000
0100
0001
0000
0001
0100
1000
0000
,
0001
0010
1000
0000
1000
0010
0001
0000
,
1000
0010
1010
0000
0001
0100
0101
0000
,
1000
0100
1100
0000
0001
0010
0011
0000
,
0100
0010
0110
0000
1000
0001
1001
0000
,
0220
0000
0000
0330
,
1000
0100
0010
0001
1000
0100
0010
0001
,
0100
0010
1000
0001
0100
0010
1000
0001
,
0010
0100
1000
0010
0100
0001
0010
0100
,
1000
0001
0100
0010
1000
0001
0010
0100
,
1000
0010
0101
0010
1000
0100
0010
0001
,
0100
0001
1010
0001
0010
0100
1000
0010
,
0100
0001
0110
0001
0010
0100
1000
0001
,
0100
0010
1001
0010
1000
0100
0010
0001
,
0100
0001
1010
0001
0010
0001
1100
0010
,
0001
0100
1010
0100
0010
0100
1001
0010
,
1000
0100
0011
0100
0010
0100
1001
0010
,
0100
1000
0011
1000
0010
1000
0101
1000
,
0010
0100
1001
0010
0100
0001
0110
1000
,
0010
0100
1001
0010
0100
1000
0110
0001
,
1000
0100
0011
0100
0010
1000
0101
1000
,
0100
0000
0000
0100
0000
0000
0100
0000
0000
0100
0000
0000
0110
0000
0110
0000
,
1001
0000
1100
0000
0001
0100
0010
0000
,
1010
0000
0101
0000
0010
1000
0100
0000
,
0011
0000
0101
0000
0001
1000
0001
0000
,
0110
0000
1010
0000
1000
0100
0010
0000
,
0011
0000
0101
0000
0001
0100
0001
0000
,
0110
0000
1010
0000
1000
0010
1000
0000
,
1100
0000
0110
0000
0010
0100
0010
1001
;

//---------------dance-double - ----------------
#NOTES:
     dance-double:
     :
     Hard:
     8:
     0.572,0.563,0.207,0.077,0.073,432.000,24.000,9.000,0.000,0.000:
00000000
00000000
00000000
00000000
,
00000000
00000000
00000000
00000000
,
01000000
10000000
00010000
01000000
,
00001000
00010000
00000100
00001000
,
00000001
00000100
00000010
00001000
,
00000000
00000000
00000000
00000000
,
00000010
00000001
00000010
00000000
00000100
00000010
00000100
00000000
,
00001000
00000100
00001000
00000000
00000010
00001000
00000010
00000000
,
00010000
00001000
00010000
00000000
00001000
00100000
00001000
00000000
,
01000000
00010000
01000000
00000000
00100000
10000000
00100000
00000000
,
10000000
01000000
00100000
00000000
00010000
01000000
00100000
00000000
,
01000000
00001000
00010000
00000000
00001000
00010000
00000100
00000000
,
00000010
00000001
00000100
00000000
00000010
00001000
00000001
00000000
,
00000100
00000010
00001000
00000000
00000010
00001000
00000001
00000000
,
00001000
00000010
00000100
00000001
00000100
00000010
00001000
00000000
,
00000001
00000010
00000100
00001000
00000100
00000010
00000001
00000000
,
00000100
00001000
00010000
00001000
00000100
00001000
00010000
00000000
,
00001000
00010000
00100000
10000000
01000000
10000000
00010000
00000000
,
01000000
00000000
00100000
00000000
10000000
00000000
00010000
00100000
00000000
00100000
00010000
00000000
10000000
00000000
00000000
00000000
,
01000000
00000000
00010000
00000000
00001000
00000000
00100000
00010000
00000000
00010000
00100000
00000000
00001000
00000000
00000000
00000000
,
00010000
00000000
00000010
00000000
00000100
00000000
00000001
00001000
00000000
00001000
00000001
00000000
00000100
00000000
00000000
00000000
,
00000001
00001000
00010000
10000000
,
00100000
10000000
00010000
01000000
00100000
10000000
00010000
01000000
,
00100000
10000000
01000000
00100000
00010000
10000000
01000000
00100000
,
00010000
01000000
00001000
00100000
00010000
01000000
00001000
00010000
,
00000010
00001000
00000100
00010000
00000010
00001000
00000100
00010000
,
00000100
00001000
00000001
00000010
00000100
00001000
00000001
00000010
,
00000001
00001000
00000010
00000100
00000001
00001000
00000010
00000100
,
00000001
00000010
00000100
00001000
00000001
00000010
00000100
00001000
,
00000001
00000100
00001000
00010000
01000000
10000000
00100000
01000000
,
00020000
00000000
00000000
00000000
10000000
00000000
00000000
00000000
10030000
00000000
00000000
00000000
10000000
01000000
00000000
00000000
,
00200000
00000000
00000000
00000000
00010000
00000000
00000000
00000000
00310000
00000000
00000000
00000000
00010000
01000000
00000000
01000000
,
00002000
00000000
00000000
00000000
00010000
00000000
00000000
00000000
00013000
00000000
00000000
00000000
00010000
00001000
00000000
00000000
,
00000020
00000000
00000000
00000000
00000001
00000000
00000000
00000000
00000031
00000000
00000000
00000000
00000001
00000100
00000010
00000000
,
00002000
00000000
00000000
00000000
00000010
00000000
00000000
00000000
00003100
00000000
00000000
00000000
00000001
00000100
00000000
00000000
,
00000020
00000000
00000000
00000000
00000100
00000000
00000000
00000000
00001030
00000000
00000000
00000000
00010000
00001000
00000000
00001000
,
02000000
00000000
00000000
00000000
00001000
00000000
00000000
00000000
03100000
00000000
00000000
00000000
00010000
01000000
00000000
00000000
,
00011000
00000000
00000000
00010100
00000000
01001000
00000000
00000000
,
00010000
01000000
00010000
00000000
01000000
00100000
01000000
00000000
,
00100000
10000000
00100000
00000000
10000000
01000000
10000000
00000000
,
01000000
00010000
01000000
00000000
00010000
00001000
00010000
00000000
,
00001000
00000100
00001000
00000000
00000100
00000001
00000100
00000000
,
00000001
00000010
00000011
00000000
00000010
00000100
00000110
00000000
,
00000100
00001000
00001100
00000000
00001000
00000010
00001010
00000000
,
00000010
00010000
00010010
00000000
00010000
00001000
00011000
00000000
,
00022000
00000000
00000000
00033000
,
00010000
00100000
10000000
00100000
00010000
00100000
10000000
00100000
,
01000000
00010000
00100000
00010000
01000000
00010000
00100000
00010000
,
10000000
01000000
00010000
01000000
10000000
01000000
00010000
01000000
,
00100000
00001000
00010000
00001000
00100000
00001000
00010000
00001000
,
00000010
00000001
00000100
00000001
00000010
00000001
00000100
00000001
,
00001000
00000010
00000100
00000010
00001000
00000010
00000100
00000010
,
00010000
00001000
00100000
00001000
00010000
00001000
00100000
00001000
,
00010000
00100000
10000000
01000000
00010000
00001000
00011000
00000000
,
00010000
00100000
10000000
01000000
00010000
00001000
00010000
00100000
,
10000000
01000000
00100000
00010000
01000000
00100000
00010000
00001000
,
00000100
00000010
00001000
00000001
00000010
00000100
00001000
00000001
,
00000100
00000010
00010000
00001000
00100000
01000000
10000000
00010000
,
01000000
00100000
01010000
00100000
10000000
01000000
00010000
00001000
,
00000010
00000001
00001100
00000001
00000010
00000100
00001000
00000010
,
00000100
00000010
00001001
00000010
00000001
00000100
00000010
00001000
,
00000100
00000000
00000000
00000100
00000000
00000000
00000100
00000000
00000000
00000100
00000000
00000000
00000100
00000000
00000100
00000000
,
00001001
00000000
00001000
00000100
00010000
00001000
00010000
00000000
,
00110000
00000000
00100000
00010000
01000000
00100000
10000000
00000000
,
10100000
00000000
00010000
01000000
00001000
00010000
00001000
00000000
,
00001100
00000000
00000010
00000001
00001000
00000100
00000010
00000000
,
00000101
00000000
00000010
00001000
00000100
00001000
00001010
00000000
,
00011000
00000000
00100000
00010000
01000000
00010000
00110000
00000000
,
11000000
00000000
00010000
01000000
00001000
00010000
00000010
00000110
;

//---------------dance-single - ----------------
#NOTES:
     dance-single:
     :
     Medium:
     6:
     0.471,0.445,0.207,0.224,0.000,333.000,24.000,26.000,0.000,0.000:
0000
0000
0000
0000
,
0000
0000
0000
0000
,
0010
1000
0100
0010
,
0001
1000
0010
0100
,
0001
0010
0100
1000
,
0000
0000
0000
0000
,
0010
1000
0001
0000
0010
0001
1000
0000
,
0100
1000
0001
0000
0100
0001
1000
0000
,
0010
0001
0010
0000
0010
0001
0100
0000
,
0010
1000
0010
0000
0010
1000
0100
0000
,
0010
0100
0001
0000
0010
0100
1000
0000
,
0100
0010
0001
0000
0100
0010
1000
0000
,
0100
0001
1000
0000
0010
0001
1000
0000
,
0100
1000
0001
0000
0010
1000
0001
0000
,
0010
0001
1000
0000
1000
0001
0100
0000
,
0010
1000
0001
0000
0001
1000
0100
0000
,
0010
0001
0100
0000
0100
0010
1000
0000
,
0010
1000
0100
0000
0100
0010
0001
0000
,
1000
0100
0010
0000
0001
0100
0010
0000
,
1000
0100
0010
0000
0001
0100
0010
0000
,
1000
0001
1000
0000
0001
1000
0001
0000
,
0100
0100
0100
0100
,
0010
1000
0010
1000
0100
1000
0100
0000
,
0010
0001
0010
0001
0100
0001
0100
0000
,
0010
1000
0010
1000
0001
1000
0001
0000
,
0100
0001
0100
0001
1000
0001
1000
0000
,
0100
0010
0100
0010
0001
0010
0001
0000
,
0100
0010
0100
0010
1000
0010
1000
0000
,
0100
0010
0100
0010
0100
1000
0100
0000
,
0010
0100
0010
0100
0010
0001
0010
0000
,
0020
0001
0031
0001
,
2000
0100
3100
0100
,
0002
0100
0103
0100
,
0020
1000
1030
1000
,
0002
0010
0103
1000
,
2000
0010
3100
0001
,
0002
0100
0013
1000
,
1001
0000
0000
0001
0000
1000
0000
0000
,
0001
0100
0010
0000
0010
0100
0001
0000
,
1000
0100
0010
0000
0010
0100
1000
0000
,
0001
0100
1000
0000
1000
0100
0001
0000
,
1000
0010
0001
0000
0001
0010
1000
0000
,
0001
0010
0001
0000
1000
0100
1000
0000
,
0001
0100
0001
0000
1000
0010
1000
0000
,
0100
0010
0100
0000
1000
0001
1000
0000
,
0220
0000
0000
0330
,
0102
1000
0100
1003
,
0021
0100
0001
0130
,
2010
0001
0010
3001
,
1200
0010
1000
0310
,
0012
1000
0010
1003
,
1020
0100
1000
0130
,
2100
0001
0100
3001
,
0201
0010
0001
0310
,
2001
0010
0100
3001
,
1002
0010
0100
1003
,
2001
0100
0010
3001
,
1002
0100
0010
1003
,
0120
1000
0100
0031
,
0210
0001
0010
1300
,
0002
0100
2003
0100
,
3020
0000
0000
0030
,
1001
0000
1000
0000
0100
0010
0001
0000
,
1001
0000
0001
0000
0100
0010
1000
0000
,
0110
0000
0010
0000
0100
0001
1000
0000
,
0110
0000
0010
0000
0100
1000
0001
0000
,
1010
0000
0100
0000
0001
1000
0001
0000
,
0011
0000
0100
0000
1000
0001
1000
0000
,
1001
0000
0010
0000
0100
0010
0100
1001
;

//---------------dance-single - ----------------
#NOTES:
     dance-single:
     :
     Beginner:
     1:
     0.210,0.237,0.189,0.000,0.000,149.000,22.000,0.000,0.000,0.000:
0000
0000
0000
0000
,
0000
0000
0000
0000
,
0010
0000
0010
0000
,
0010
0000
0010
0000
,
0010
0000
0010
0000
,
0000
0000
0000
0000
,
0000
1000
0000
1000
,
0000
0001
0000
0001
,
0000
1000
0000
1000
,
0000
0001
0000
0001
,
0000
0100
0000
0100
,
0000
0010
0000
0010
,
0000
0010
0000
0010
,
0000
0100
0000
0100
,
0000
0001
0001
0001
,
0000
1000
1000
1000
,
0000
1000
1000
1000
,
0000
0001
0001
0001
,
0000
1000
1000
1000
,
0000
0010
0010
0010
,
0000
0001
0001
0001
,
0000
0100
0000
0100
,
0000
0010
0000
0010
,
0000
1000
0000
1000
,
0000
0100
0000
0100
,
0000
0001
0000
0001
,
0000
0010
0000
0010
,
0000
0001
0000
0001
,
0000
0100
0000
0100
,
0000
1000
0000
1000
,
0000
0100
0100
0100
,
0000
0100
0100
0100
,
0000
0010
0010
0010
,
0000
0010
0010
0010
,
0000
0001
0001
0001
,
0000
1000
1000
1000
,
0000
0001
0001
0001
,
0000
0110
0000
0000
,
1001
0000
1000
0000
,
1000
1000
1000
0000
,
1001
0000
0001
0000
,
0001
0001
0001
0000
,
0110
0000
0100
0000
,
0100
0100
0100
0000
,
0110
0000
0010
0000
,
0010
0000
0000
0000
,
1001
0000
1000
0000
,
0100
0000
0010
0000
,
1001
0000
0001
0000
,
0100
0000
0010
0000
,
1001
0000
1000
0000
,
0010
0000
0100
0000
,
1001
0000
0001
0000
,
0010
0000
0100
0000
,
1001
0000
1000
0000
,
1001
0000
0001
0000
,
0110
0000
0100
0000
,
0110
0000
0010
0000
,
1001
0000
0001
0000
,
1001
0000
1000
0000
,
0110
0000
0010
0000
,
0110
0000
0000
0000
,
1001
0000
0010
0000
,
0010
0010
0010
0000
,
0110
0000
0100
0000
,
0100
0100
0100
0000
,
1001
0000
0001
0000
,
0001
0001
0001
0000
,
1001
0000
0000
0110
;

//---------------dance-double - ----------------
#NOTES:
     dance-double:
     :
     Medium:
     7:
     0.471,0.445,0.138,0.207,0.000,343.000,16.000,24.000,0.000,0.000:
00000000
00000000
00000000
00000000
,
00000000
00000000
00000000
00000000
,
10000000
01000000
00100000
00010000
,
00001000
00000100
00000010
00000001
,
00000100
00000010
00001000
00000001
,
00000000
00000000
00000000
00000000
,
00000001
00000000
00000100
00000000
00000010
00001000
00000010
00000000
,
00001000
00000000
00000100
00000000
00010000
00000100
00010000
00000000
,
00001000
00000000
00100000
00000000
00010000
00100000
00010000
00000000
,
01000000
00000000
00100000
00000000
10000000
01000000
10000000
00000000
,
00010000
00000000
01000000
00000000
00001000
00010000
00001000
00000000
,
00010000
00000000
00000100
00000000
00001000
00000001
00001000
00000000
,
00000010
00000000
00000100
00000000
00000001
00000010
00000001
00000000
,
00001000
00000000
00000100
00000000
00010000
00001000
00010000
00000000
,
00010000
00100000
10000000
00000000
10000000
00000000
10000000
00000000
,
10000000
01000000
00010000
00000000
00010000
00000000
00010000
00000000
,
00001000
00000100
00000001
00000000
00000001
00000000
00000001
00000000
,
00000001
00000010
00001000
00000000
00001000
00000000
00001000
00000000
,
00001000
00000010
00000100
00000000
00000001
00000000
00000011
00000000
,
00000001
00000100
00001000
00000000
00010000
00000000
00110000
00000000
,
00010000
01000000
00100000
00000000
10000000
00000000
11000000
00000000
,
00020000
10000000
10000000
10030000
,
00100000
10000000
00010000
00000000
00100000
00010000
10000000
00000000
,
01000000
10000000
00010000
00000000
01000000
00010000
10000000
00000000
,
10000000
01000000
00100000
00000000
00100000
00001000
00010000
00000000
,
00001000
00010000
00000100
00000000
00000100
00000010
00000001
00000000
,
00000001
00000100
00000010
00000000
00001000
00000100
00010000
00000000
,
00001000
00100000
00010000
00000000
10000000
00100000
01000000
00000000
,
00010000
00100000
01000000
00000000
10000000
00010000
00100000
00000000
,
00001000
00010000
00000100
00000000
00000010
00000001
00000100
00000000
,
00000002
00000100
00000100
00000103
,
00002000
00000100
00000100
00003100
,
00000020
00001000
00001000
00001030
,
00020000
00001000
00001000
00031000
,
00002000
00100000
00100000
00103000
,
02000000
00100000
00100000
03100000
,
00200000
10000000
10000000
10300000
,
11000000
00000000
00000000
01010000
00000000
01010000
00000000
00000000
,
00010000
00020000
00100000
00230000
,
01000000
02300000
10000000
23000000
,
00100000
30200000
00010000
00320000
,
00001000
00032000
00000100
00003200
,
00000001
00000302
00000010
00000023
,
00000100
00000230
00001000
00002300
,
00000010
00003020
00010000
00010030
,
00022000
00000000
00000000
00033000
,
00010000
00100000
00010000
00100000
00010000
00100000
00010000
00000000
,
00100000
10000000
00100000
10000000
00100000
10000000
00100000
00000000
,
10000000
01000000
10000000
01000000
10000000
01000000
10000000
00000000
,
01000000
00010000
01000000
00010000
01000000
00010000
01000000
00000000
,
00010000
00001000
00010000
00001000
00010000
00001000
00010000
00000000
,
00001000
00000100
00001000
00000100
00001000
00000100
00001000
00000000
,
00000100
00000001
00000100
00000001
00000100
00000001
00000100
00000000
,
00000001
00000010
00000001
00000010
00000001
00000010
00000001
00000000
,
00000100
00000001
00000100
00000001
00001000
00000010
00001000
00000000
,
00000100
00010000
00000100
00010000
00001000
00100000
00001000
00000000
,
01000000
00010000
01000000
00010000
10000000
00100000
10000000
00000000
,
01000000
00100000
01000000
00100000
00010000
00100000
00010000
00000000
,
01000000
00001000
00010000
00001000
01000000
00001000
00010000
00000000
,
00000100
00001000
00000010
00001000
00000100
00001000
00000010
00000000
,
00000100
00000001
00000010
00000001
00000100
00000001
00000010
00000100
,
00002000
00000000
00003000
00001001
,
00000101
00000000
00000100
00000000
00000010
00001000
00000010
00000000
,
00000101
00000000
00000001
00000000
00000010
00000100
00001000
00000000
,
00001100
00000000
00000100
00000000
00010000
00001000
00010000
00000000
,
00010100
00000000
00010000
00000000
00001000
00100000
00010000
00000000
,
00110000
00000000
00010000
00000000
10000000
01000000
10000000
00000000
,
00110000
00000000
10000000
00000000
01000000
00010000
00001000
00000000
,
00011000
00000000
00001000
00000000
00000100
00000001
00000010
00001001
;

//---------------dance-double - ----------------
#NOTES:
     dance-double:
     :
     Easy:
     4:
     0.350,0.414,0.284,0.172,0.000,232.000,33.000,20.000,0.000,0.000:
00000000
00000000
00000000
00000000
,
00000000
00000000
00000000
00000000
,
10000000
10000000
01000000
01000000
,
00010000
00010000
00001000
00001000
,
00000010
00000010
00000001
00000001
,
00000000
00000000
00000000
00000000
,
00000001
00000001
00000100
00000100
,
00000001
00000100
00000010
00001000
,
00000100
00000100
00010000
00010000
,
00000100
00010000
00001000
00100000
,
00010000
00010000
01000000
01000000
,
00010000
01000000
00100000
10000000
,
01000000
01000000
00100000
00100000
,
00010000
10000000
01000000
00100000
,
10010000
00010000
00010000
00010000
,
11000000
01000000
01000000
01000000
,
00110000
00100000
00100000
00100000
,
00011000
00001000
00001000
00001000
,
00000110
00000010
00000010
00000010
,
00001001
00000001
00000001
00000001
,
00001100
00000100
00000100
00000100
,
00000220
00000000
00000000
00000330
,
00000010
00000001
00000010
00000001
,
00001000
00000100
00001000
00000100
,
00010000
00001000
00010000
00001000
,
01000000
00010000
01000000
00010000
,
01000000
00100000
01000000
00001000
,
00010000
00001000
00010000
00000100
,
00000010
00000100
00000010
00000001
,
00001000
00000001
00001000
00001000
,
00000202
00000000
00000000
00000303
,
00002200
00000000
00000000
00003300
,
00020200
00000000
00000000
00030300
,
02002000
00000000
00000000
03003000
,
20200000
00000000
00000000
30300000
,
20020000
00000000
00000000
30030000
,
02020000
00000000
00000000
03030000
,
01100000
00000000
00000000
01100000
,
00010000
00010000
10000000
10000000
,
00100000
00100000
01000000
01000000
,
00001000
00001000
00010000
00010000
,
00000100
00000100
00000010
00000010
,
00000001
00000001
00001000
00001000
,
00000010
00000010
00000100
00000100
,
00001000
00001000
00010000
00010000
,
00022000
00000000
00000000
00033000
,
00010000
00100000
10000000
01000000
,
00010000
01000000
10000000
00100000
,
00010000
00100000
10000000
01000000
,
00010000
00001000
00000010
00000001
,
00000001
00000100
00001000
00000100
,
00000001
00000010
00001000
00000010
,
00000001
00000100
00001000
00010000
,
00100000
10000000
01000000
00100000
,
00010000
00100000
00001000
00010000
,
00000100
00001000
00000010
00000100
,
00000001
00000010
00000100
00001000
,
00000010
00010000
00001000
00100000
,
01000000
10000000
00010000
01000000
,
00100000
10000000
01000000
00100000
,
00010000
01000000
00001000
00010000
,
00022000
00000000
00000000
00033000
,
00001001
00011000
00100000
00100000
,
10010000
00011000
00000010
00000010
,
00000101
00010010
00001000
00001000
,
11000000
00101000
00010000
00010000
,
00011000
00001010
00000001
00000100
,
00000011
00001100
00000010
00010000
,
00011000
00110000
01000000
10000000
;

//---------------dance-single - ----------------
#NOTES:
     dance-single:
     :
     Easy:
     4:
     0.368,0.385,0.224,0.155,0.000,255.000,26.000,18.000,0.000,0.000:
0000
0000
0000
0000
,
0000
0000
0000
0000
,
0010
1000
0100
0010
,
0001
1000
0010
0100
,
0001
0010
0100
1000
,
0000
0000
0000
0000
,
0010
1000
0100
1000
,
0001
1000
0010
0010
,
0100
0001
0010
0001
,
1000
0001
0100
0100
,
0001
0100
0010
1000
,
0001
0100
0010
1000
,
1000
0100
0010
0001
,
1000
0100
0010
0001
,
1000
2000
0010
3001
,
0001
0002
0010
1003
,
1000
2000
0100
3001
,
0001
0002
0100
1003
,
2000
0100
0010
3001
,
0002
0100
0010
1003
,
1000
0001
1000
0001
,
0100
0100
0100
0100
,
1000
1100
0001
0011
,
1000
1010
0001
0101
,
0100
0110
1000
1001
,
0010
0110
0001
1001
,
1000
0110
0001
0110
,
0010
1001
0100
1001
,
0001
1100
1000
0011
,
0001
1010
1000
0101
,
0020
1000
1030
1000
,
0002
0100
0103
0100
,
2000
0100
3100
0100
,
0020
0001
0031
0001
,
2000
0010
3100
0001
,
0002
0010
0103
1000
,
2000
0100
3010
0001
,
2002
0000
0000
3003
,
1000
0100
1000
0100
,
0001
0100
0001
0100
,
1000
0010
1000
0010
,
0001
0010
0001
0010
,
1000
0100
0001
0100
,
1000
0010
0001
0010
,
1000
0100
0010
0001
,
0220
0000
0000
0330
,
0001
1000
0100
1000
,
0010
0100
0001
0100
,
1000
0001
0010
0001
,
0100
0010
1000
0010
,
0001
1000
0010
1000
,
0010
0100
1000
0100
,
1000
0001
0100
0001
,
0100
0010
0001
0010
,
1000
0010
0100
0001
,
0001
0010
0100
1000
,
1000
0100
0010
0001
,
0001
0100
0010
1000
,
0010
1000
0100
0001
,
0100
0001
0010
1000
,
0001
0100
1000
0100
,
0020
0000
0000
0030
,
1001
1000
0100
0010
,
1001
0001
0100
0010
,
0110
0010
1000
0100
,
0110
0010
0001
0100
,
1010
0001
0100
0001
,
0011
1000
0100
1000
,
0110
1000
0001
0110
;
