#TITLE:Anisakis;
#SUBTITLE:Somatic Mutation Type "Forza";
#ARTIST:Suzaku;
#TITLETRANSLIT:;
#SUBTITLETRANSLIT:;
#ARTISTTRANSLIT:;
#CREDIT:;
#BANNER:Anisakis-bn.png;
#BACKGROUND:Anisakis-bg.png;
#LYRICSPATH:;
#CDTITLE:hyper2k1s2.png;
#MUSIC:Anisakis.mp3;
#OFFSET:-1.350;
#SAMPLESTART:23.615;
#SAMPLELENGTH:14.500;
#SELECTABLE:YES;
#DISPLAYBPM:185.000;
#BPMS:0.000=185.000,378.000=369.998;
#STOPS:32.000=2.280
,161.000=4.860
,378.000=0.160
;
#BGCHANGES:;
// cache tags:
#FIRSTBEAT:0.000;
#LASTBEAT:412.000;
#SONGFILENAME:Songs/Encore/Anisakis/Anisakis.sm;
#HASMUSIC:1;
#HASBANNER:1;
#MUSICLENGTH:137.490;
// end cache tags

//---------------dance-single - ----------------
#NOTES:
     dance-single:
     :
     Beginner:
     2:
     0.216,0.241,0.138,0.000,0.000,189.000,19.000,0.000,0.000,0.000:
1000
0000
0000
0000
,
0001
0000
0000
0000
,
1000
0000
0000
0000
,
0001
0000
0000
0000
,
0010
0000
0000
0000
,
0100
0000
0000
0000
,
0010
0000
0000
0000
,
0100
0000
0000
0000
,
0000
1000
1000
1000
,
0000
0001
0001
0001
,
0000
1000
1000
1000
,
0000
0001
0001
0001
,
0000
1000
1000
1000
,
0000
0001
0001
0001
,
0000
1000
1000
1000
,
0000
0001
0001
0001
,
0000
1000
0000
1000
,
0000
1000
0000
1000
,
0000
0001
0000
0001
,
0000
0001
0000
0001
,
0000
1000
0000
1000
,
0000
1000
0000
1000
,
0000
0010
0000
0010
,
0000
0010
0000
0010
,
0000
1000
1000
1000
,
0000
1000
1000
1000
,
0000
0001
0001
0001
,
0000
0001
0001
0001
,
0000
1000
1000
1000
,
0000
1000
1000
1000
,
0000
0001
0001
0001
,
0000
0001
0001
0001
,
0000
1000
0000
1000
,
0000
1000
0000
1000
,
0000
0001
0000
0001
,
0000
0001
0000
0001
,
0000
1000
0000
1000
,
0000
1000
0000
1000
,
0000
0001
0000
0001
,
0000
0001
0000
0001
,
0000
0000
1000
0000
,
1000
0000
1000
0000
,
0000
0000
0001
0000
,
0001
0000
0001
0000
,
0001
0000
1000
0000
,
1000
0000
1000
0000
,
0000
0000
0010
0000
,
0010
0000
0010
0000
,
0010
0000
1001
0000
,
0000
0000
1001
0000
,
0000
0000
1001
0000
,
0000
0000
1001
0000
,
0000
0000
0110
0000
,
0000
0000
0110
0000
,
0000
0000
0110
0000
,
0000
0000
1001
0000
,
0000
0000
1001
0000
,
0000
0000
0000
0000
,
0000
0000
1000
0000
,
1000
0000
0001
0000
,
0001
0000
1001
0000
,
0000
0000
0000
0000
,
0000
0000
1000
1000
,
1000
0000
0001
0001
,
0001
0000
1000
1000
,
1000
0000
0001
0001
,
0001
0000
0010
0010
,
0010
0000
0100
0100
,
0100
0000
1000
0000
,
1000
0000
0001
0000
,
0001
0000
1000
1000
,
1000
0000
0001
0001
,
0001
0000
1000
1000
,
1000
0000
0001
0001
,
0001
0000
0100
0100
,
0100
0000
0010
0010
,
0010
0000
0001
0000
,
0001
0000
1000
0000
,
1000
0000
1001
0000
,
0000
0000
1001
0000
,
0000
0000
0110
0000
,
0000
0000
0110
0000
,
0000
0000
1001
0000
,
0000
0000
0110
0000
,
0000
0000
1001
0000
,
0000
0000
0110
0000
,
0000
0000
0010
0010
,
0010
0000
0100
0100
,
0100
0000
0010
0010
,
0010
0000
0100
0100
,
0100
0000
1000
0000
,
1000
0000
0001
0000
,
0001
0000
0100
0000
,
0100
0000
0010
0000
,
0010
0000
0110
0000
;

//---------------dance-single - ----------------
#NOTES:
     dance-single:
     :
     Easy:
     4:
     0.285,0.310,0.160,0.145,0.000,232.000,22.000,20.000,0.000,0.000:
1000
0000
0001
0000
,
1000
0000
0001
0000
,
1000
0000
0001
0000
,
1000
0000
0001
0000
,
0100
0000
0010
0000
,
0100
0000
0010
0000
,
0100
0000
0010
0000
,
1000
0000
0001
0000
,
1001
1000
0001
1000
,
0000
0001
1000
0001
,
0000
1000
0100
1000
,
0000
0001
0100
0001
,
0000
1000
0010
1000
,
0000
0001
0010
0001
,
0000
0010
0100
0010
,
0000
1001
0000
0000
,
0000
1000
0001
1000
,
0001
1000
0000
1001
,
0000
0001
1000
0001
,
1000
0001
0000
1001
,
0000
0010
0100
0010
,
0100
0010
1000
0001
,
1000
0001
0010
0100
,
0010
0200
0000
0000
,
0000
0310
0001
0010
,
0001
0010
0001
0020
,
0000
0031
1000
0001
,
1000
0001
1000
0002
,
0000
0103
0010
0100
,
0010
0100
0010
0200
,
0000
0310
1000
0010
,
1000
0020
0000
0000
,
0000
1030
0001
1000
,
0001
1000
0000
1001
,
0000
0001
1000
0001
,
1000
0001
0000
1001
,
0000
1000
0001
1000
,
0001
0010
0100
0010
,
0100
1000
0001
1000
,
0001
1000
0000
1001
,
0000
1001
1000
0000
,
0010
0000
0100
0000
,
0000
0000
0010
0000
,
0100
0000
0001
0000
,
1000
0000
0100
0000
,
0010
0000
0001
0000
,
0000
0000
1000
0000
,
0010
0000
0100
0000
,
0001
0000
1001
0000
,
0000
0000
0110
0000
,
0000
0000
1001
0000
,
0000
0000
0110
0000
,
0000
0000
1001
0000
,
1000
0000
1001
0000
,
0001
0000
2000
0000
,
3002
0000
0203
0000
,
0000
0000
0320
0000
,
0000
0000
0000
0000
,
0000
0000
0130
0000
,
0001
0000
2000
0000
,
3002
0000
0203
0000
,
0000
0000
0320
0000
,
0000
0000
1030
0100
,
1000
0000
0001
0010
,
0001
0000
0100
0001
,
0100
0000
0010
1000
,
0010
0000
1000
0001
,
1000
0001
1000
0001
,
1000
0000
2001
0000
,
3020
0000
2030
0000
,
0000
0000
3001
0100
,
0001
0000
0001
0010
,
0001
0000
1000
0010
,
1000
0000
1000
0100
,
1000
0000
0010
0100
,
0010
0100
0010
0100
,
0010
0000
0120
0000
,
2030
0000
3002
0000
,
0000
0000
1003
0000
,
0100
0000
0010
0000
,
0001
0000
0100
0000
,
0010
0000
1000
0000
,
0001
0000
0100
0000
,
0010
0000
1000
0000
,
0100
0000
0010
0000
,
0001
0000
2000
0000
,
0000
0000
3010
0100
,
0010
0000
0100
0010
,
0100
0000
0001
1000
,
0001
0000
1000
0001
,
1000
0000
0001
0100
,
0001
0000
1000
0010
,
1000
0000
0110
0000
,
1001
0000
0110
0000
,
1001
0000
1001
1001
;

//---------------dance-single - ----------------
#NOTES:
     dance-single:
     :
     Medium:
     7:
     0.474,0.599,0.073,0.400,0.004,391.000,10.000,55.000,0.000,0.000:
0010
0000
0100
0000
,
0001
0000
1000
0000
,
0100
0000
0010
0000
,
0001
0000
0010
0000
,
1000
0000
0010
0000
,
0001
0000
0100
0000
,
1000
0000
0100
0000
,
0001
0000
0010
0000
,
0100
1000
0001
1000
,
0001
0000
1000
0000
0001
0100
0001
0100
,
0001
0100
0001
0000
0010
0000
0100
0000
,
1000
0000
0010
0000
0100
0010
0100
0010
,
0100
0010
0100
0000
0001
0000
1000
0000
,
0100
0000
0010
0000
0100
1000
0100
1000
,
0100
1000
0100
0000
0010
0000
0001
0000
,
0100
0010
0000
0010
,
1000
0000
0100
0010
0100
0000
0010
0100
,
0010
0110
0000
1001
,
0000
0000
0001
1000
0001
0000
1000
0001
,
1000
1001
0000
0110
,
0000
0000
0010
1000
0010
0000
0100
0001
,
0100
0000
0001
0010
0001
0000
1000
0100
,
1000
0000
0100
0010
0100
0000
0010
0100
,
0010
0100
0020
0000
0000
0000
0000
0000
,
0000
0000
0031
0100
0001
0000
0100
0001
,
0100
0000
0001
1000
0001
0000
2000
0000
,
0001
0000
3010
0100
0010
0000
0100
0001
,
0100
0002
0010
2003
,
0100
0000
3010
0100
0010
0000
0100
0010
,
0100
0000
0010
1000
0010
0000
2000
0000
,
0100
0000
3001
1000
0001
0000
1000
0001
,
1000
0000
0010
0100
0010
0100
0010
0100
,
0010
0100
0010
1000
0010
0000
0100
0001
,
0100
0101
0000
1010
,
0000
0000
1000
0100
1000
0000
0001
0010
,
0001
0011
0000
1001
,
0000
0000
1000
0001
1000
0000
0001
0100
,
0001
0000
0100
0010
0100
0000
0010
1000
,
0010
0000
1000
0001
1000
0000
0001
0010
,
0001
0000
0010
0100
0010
0000
0100
1000
,
0100
1001
1000
0010
,
0100
0001
0010
0000
,
0000
0000
0010
0001
,
0100
0010
0100
0001
,
1000
0000
0100
1000
,
0010
0100
0001
0000
,
0000
0000
0001
1000
,
0100
0010
0100
1000
,
0001
0000
0002
0100
,
0103
0000
0200
0010
,
0310
0000
0020
1000
,
1030
0000
2000
0001
,
3001
0000
0001
0001
,
0100
0100
0010
0010
,
1000
1000
0100
0010
,
0001
1000
0100
0010
,
0001
0100
0010
0010
,
0010
0010
0010
0010
,
0010
0010
0020
2030
,
3002
0203
0320
0000
,
0030
0000
2000
0000
0000
0000
3200
0000
0000
0000
0000
0000
,
0000
0000
2300
0000
,
0000
0000
0000
0000
3001
0100
0001
0000
,
1000
0010
1000
0000
0020
0000
0230
0000
,
0302
0000
0023
0000
0130
1000
0100
0000
,
0010
0001
0010
0000
0002
0000
0203
0000
,
0320
0000
2030
0000
3100
0010
0100
0000
,
0010
0100
0010
0000
0001
1000
0001
0000
,
1000
0001
1000
0000
0020
0000
2030
0000
,
3200
0320
0032
0100
,
0010
0000
1000
0000
0103
0010
0100
0000
,
0010
0100
0010
0000
2000
0000
3020
0000
,
0230
0000
0302
0000
0013
0100
0010
0000
,
0100
1000
0100
0000
0020
0000
0032
0000
,
0203
0000
0320
0000
1030
0100
1000
0100
,
1000
0100
1000
0000
0001
0100
0001
0100
,
0001
0100
0001
0000
0200
0000
0320
0000
,
2030
3002
2003
0010
,
0001
0100
3010
0000
,
0100
0000
0001
0000
,
1000
0100
1000
0000
,
0010
0000
0100
0000
,
0001
0010
0001
0000
,
0000
0100
0010
0000
,
0000
1000
0001
0000
,
0010
0000
0200
0000
,
0000
0000
0000
0000
0310
0001
0010
0000
,
0001
0010
0001
0000
0010
0100
0010
0000
,
0100
0010
0100
0000
1000
0100
1000
0000
,
0100
1000
0100
0000
2000
0000
3020
0000
,
0230
0000
0302
0000
0013
0100
1000
0000
,
0010
0100
0001
0000
1000
0100
0010
0000
,
0001
0100
0010
0000
2000
0000
3200
0000
,
0320
0032
2003
0010
,
0001
0100
3010
2002
,
0000
0000
0000
0000
,
0000
0000
0000
0000
,
0000
0000
0000
0000
,
0000
0000
0000
0000
,
0000
0000
0000
0000
,
0000
0000
0000
0000
,
0000
0000
0000
0000
,
0000
0000
0000
0000
,
3003
0000
0000
0000
;

//---------------dance-single - ----------------
#NOTES:
     dance-single:
     :
     Hard:
     9:
     0.620,0.674,0.182,0.036,0.185,567.000,25.000,5.000,0.000,0.000:
1000
0000
0100
0000
,
0010
0000
0001
0100
,
0010
0000
0100
0000
,
0001
0000
1000
0010
,
0100
0000
0001
0000
,
0010
0100
1000
0001
,
0100
0000
0010
1000
,
0100
0000
0010
0000
,
1001
0000
1000
0100
1000
0010
1000
0100
,
1000
0010
1000
0100
1000
0100
0010
0001
,
0100
0010
1000
0100
1000
0010
1000
0100
,
1000
0010
1000
0100
0010
0100
1000
0001
,
0010
0100
1000
0100
0010
0100
1000
0100
,
0010
0100
1000
0001
0010
0100
1000
0010
,
0100
0001
0010
0001
0100
0001
0010
0001
,
0100
0001
0010
0001
0000
0001
0010
0100
,
1000
0010
0100
0010
1000
0100
0010
0001
,
1000
0010
0100
0000
0010
0000
0110
0000
,
0000
0000
0010
1000
0100
0010
0001
1000
,
0100
0010
0100
0000
1000
0000
1100
0000
,
0000
0000
0100
0010
0001
0100
0010
1000
,
0010
0100
0001
0010
0100
1000
0001
0010
,
0100
1000
0010
0100
0001
0010
0001
1000
,
0100
0010
0001
1000
0000
0000
0010
0000
,
1001
0000
1000
0100
1000
0100
0010
0001
,
0010
0001
1000
0010
1000
0010
0100
0001
,
0010
0100
1000
0010
1000
0010
0100
0001
,
0100
0001
1000
0100
0010
0001
1000
0100
,
0010
0001
0100
0010
0100
0010
1000
0001
,
1000
0001
0010
0100
0010
0100
1000
0010
,
0100
0001
0010
0001
0010
0001
1000
0100
,
1000
0100
0010
0001
0000
0000
0100
0000
,
0110
0000
0010
1000
0100
0010
0001
0100
,
0010
1000
0001
0000
0100
0000
1001
0000
,
0000
0000
0001
0100
0010
0100
0001
1000
,
0100
0010
0001
0000
0100
0000
0110
0000
,
0000
0000
0010
0100
0001
0010
0100
0010
,
0001
1000
0100
0010
0100
1000
0001
0100
,
0010
1000
0100
0010
0001
0100
0010
1000
,
0001
1000
0010
0100
0001
0010
0100
0010
,
0001
1000
1001
0000
1000
0100
0010
0001
,
1000
0010
0100
0000
,
0000
0000
0000
0000
0010
0100
0001
0010
,
0100
1000
0010
1000
,
0001
0000
0000
0000
1000
0010
0100
0001
,
1000
0001
0010
0000
,
0000
0000
0100
1000
,
0001
0000
0100
0000
0010
1000
0010
0100
,
0001
0000
0010
0001
,
0011
0000
0100
1000
,
1100
0000
0010
0100
,
0110
0000
0001
1000
,
1001
0000
1000
0010
,
1010
1000
0001
0010
,
0011
0000
0000
0100
0000
0000
1000
0100
0000
0010
0001
0000
,
0100
0010
0000
1000
0100
0000
0010
0100
0000
1000
0001
0000
,
0100
0010
0000
1000
0001
0000
0100
0000
0000
0100
0000
0000
,
0100
0100
0100
0100
,
0100
0100
0100
0010
,
1000
0000
0000
0001
0000
0000
0100
0001
0100
0001
0100
0001
,
0100
0000
0010
1000
0010
1000
0200
0000
0000
0000
0000
0000
,
0000
0000
0320
0000
,
0000
0000
0000
0000
0031
1000
0100
1000
,
0010
0000
0100
0000
0001
0000
0010
0000
0100
1000
0000
0000
1000
0010
0000
0000
,
0010
0100
0000
0000
0100
0001
0000
0000
0001
0000
0010
0000
0100
0000
1000
0000
,
0010
0000
0100
0000
0001
0000
0100
0000
0010
1000
0000
0000
1000
0001
0000
0000
,
0001
0100
0000
0000
0100
0010
0000
0000
0010
0000
1000
0000
0100
0000
1000
0000
,
0010
0100
0001
0010
0001
0100
0010
1000
,
0100
0000
0010
0000
0001
0000
0100
0000
0010
0100
0000
0000
0100
0001
0000
0000
,
0001
0010
0000
0000
0010
0100
0000
0000
0100
0000
1000
0000
0001
0000
0100
0000
,
0010
0100
0000
0100
0010
0000
1000
0000
0100
0000
0010
0000
0001
0000
0010
0000
,
0100
0000
1000
0000
0010
0000
0100
0000
0001
0010
0000
0000
0010
0100
0000
0000
,
0100
1000
0000
0000
1000
0010
0000
0000
0010
0000
0100
0000
0001
0000
0010
0000
,
0001
0000
1000
0000
0010
0000
0100
0000
0001
1000
0000
0000
1000
0100
0000
0000
,
0100
1000
0000
0000
1000
0001
0000
0000
0001
0000
0100
0000
0001
0000
0010
0000
,
0001
1000
0001
0010
0001
1000
0100
1000
,
0010
0000
1000
0000
0001
0000
1000
0000
0100
0010
0000
0000
0010
0001
0000
0000
,
0001
0100
0000
0000
0100
0010
0000
0000
0010
0000
0100
0000
0001
0000
0010
0000
,
0100
1000
0000
1000
0100
0000
0010
0000
0001
0000
0000
0000
0100
0000
0000
0000
,
0010
0100
0001
0010
,
0100
1100
1010
0010
,
0100
0001
0101
0010
,
1010
1001
0011
0010
,
0100
0110
1100
0100
,
0010
0011
0101
0000
,
0001
0010
0200
0000
,
0000
0000
0000
0000
0310
0001
0100
0010
,
0100
0001
1000
0100
0010
0001
0100
0010
,
1000
0010
0100
0001
1000
0001
0100
0010
,
1000
0000
0001
0000
1000
0000
0100
0000
0010
0001
0000
0000
0001
0100
0000
0000
,
0100
0010
0000
0000
0010
1000
0000
0000
1000
0000
0100
0000
0010
0000
0001
0000
,
0100
0010
1000
0001
0010
0100
1000
0010
,
0100
0000
0001
0000
0010
0000
0100
0000
1000
0100
0000
0000
0100
0010
0000
0000
,
0010
0001
0000
0000
0001
1000
0000
0000
1000
0000
0010
0000
0100
0000
0010
0000
,
1000
0100
0010
0001
0010
0000
2002
0000
,
0000
0000
0000
0000
,
0000
0000
0000
0000
,
0000
0000
0000
0000
,
0000
0000
0000
0000
,
0000
0000
0000
0000
,
0000
0000
0000
0000
,
0000
0000
0000
0000
,
0000
0000
0000
0000
,
3003
0000
0000
0000
;

//---------------dance-single - ----------------
#NOTES:
     dance-single:
     :
     Challenge:
     10:
     0.781,1.000,0.167,0.393,0.385,675.000,23.000,54.000,0.000,0.000:
1000
0100
0010
0001
,
0100
0010
0100
0001
,
1000
0100
0010
0100
,
1000
0010
0100
0001
,
0010
0100
1000
0010
,
0100
0010
1000
0001
,
1000
0000
1000
0001
,
0100
0001
0010
0100
,
1001
0000
1000
0010
0100
0001
0010
0100
,
0010
0001
1000
0100
0010
0001
0100
0010
,
1000
0100
0001
0100
0010
0001
0010
1000
,
0010
0100
1000
0010
0001
0010
0100
0010
,
1000
0010
0100
1000
0100
0010
0100
0001
,
1000
0100
0010
0100
1000
0001
0100
0010
,
0100
0001
0010
0100
1000
0010
0100
0001
,
1000
0100
0110
0011
0000
0000
0001
0100
,
0010
1000
1001
0100
0010
0001
0100
0010
,
1000
0010
0110
0000
0010
0000
1001
0000
,
1000
0000
1100
0100
0010
0001
1000
0010
,
0100
0010
1010
0000
0010
0000
0110
0000
,
0100
0000
0101
0001
0100
0010
0100
0001
,
1000
0100
0010
0100
1000
0001
0010
0100
,
1000
0010
0100
0001
0010
0001
1000
0100
,
0010
0001
2000
3200
0320
2030
3002
0203
,
2300
0000
3200
0000
1300
0100
1000
0100
1000
0000
0100
0010
0100
0010
0100
0000
,
0010
0001
0010
0001
0010
0000
0001
0100
0001
0100
0001
0000
1000
0010
1000
0000
,
0001
0100
0001
0000
1000
0010
1000
0010
1000
0000
0010
1000
0010
1000
0010
0000
,
0100
0001
0100
0001
0100
0000
0010
1000
0010
0000
0100
0001
0100
0001
0100
0000
,
0001
1000
0001
0000
0100
0010
0100
0010
0100
0000
0010
1000
0010
1000
0010
0000
,
0100
0001
0100
0001
0100
0000
0001
0010
0001
0010
0001
0000
0010
0100
0010
0000
,
0100
1000
0100
0000
0010
0001
0010
0001
0010
0000
0001
0100
0001
0100
0001
0000
,
1000
0010
1000
0010
2000
0000
3020
0000
0230
0000
0302
0000
0203
0000
0320
0000
,
2030
3002
1003
0100
0010
0001
0010
0100
,
1000
0010
0110
0000
0100
0000
0101
0000
,
0001
0000
0011
0100
1000
0100
0010
0001
,
1000
0100
0110
0000
0010
0000
0011
0000
,
1000
0000
1100
1000
0010
0100
0010
1000
,
0001
0100
0010
1000
0010
0001
0010
1000
,
0001
0100
0010
1000
0001
0010
0100
1000
,
0100
0001
0100
1000
0001
0010
1000
0010
,
0001
0100
0110
0000
0010
1000
0100
0001
,
0100
1000
0001
0000
,
0000
0000
0000
0000
0001
0100
1000
0100
,
0010
1000
0001
0010
,
0100
0000
0000
0000
0001
0100
1000
0010
,
0100
0001
0010
0000
,
0000
0000
0010
0100
,
1000
0000
0001
0000
0010
1000
0010
0001
,
1000
0000
0010
0100
,
0101
0000
0001
0010
,
0011
0000
0001
1000
,
1100
0000
0100
0010
,
0110
0000
0100
1000
,
0010
0100
0001
0100
,
0010
0000
0000
0100
0000
0000
0001
0010
0100
1000
0100
0010
,
0001
0010
0100
1000
0100
0010
0001
0100
0010
1000
0100
0010
,
0001
0100
0010
1000
0010
0100
0001
0000
0000
0001
0000
0000
,
0001
0001
0001
0001
,
0001
0001
0002
2003
,
3020
0000
0000
0230
0000
0000
0301
0100
0010
1000
0100
0010
,
0001
0000
1000
0100
0001
0100
2000
0000
0000
0000
0000
0000
,
0000
0000
0000
0000
3020
0230
0302
0023
,
2030
3002
0203
0320
0031
0100
0010
1000
,
0001
0000
0010
0000
0100
0000
1000
0000
0100
1000
0100
0000
0010
0001
0010
0000
,
0001
0100
0001
0000
0100
0010
0100
0000
0001
0000
0010
0000
0001
0000
0100
0000
,
0010
0000
0100
0000
0001
0000
0010
0000
0100
1000
0100
0000
0010
0001
0010
0000
,
0001
0100
0001
0000
1000
0100
1000
0000
0100
0000
0010
0000
0001
0000
0100
0000
,
0001
1000
0001
0010
0001
1000
0100
1000
,
0010
0000
1000
0000
0001
0000
1000
0000
0010
0100
0000
0000
0001
1000
0000
0000
,
0100
0010
0000
0000
0100
1000
0000
0000
0002
0000
0203
0000
2300
0000
3200
0000
,
0302
2003
3020
0230
0310
1000
0001
0100
,
0010
0000
1000
0000
0100
0000
0010
0000
0001
0010
0001
0000
0010
0100
0010
0000
,
0100
1000
0100
0000
0010
0001
0010
0000
0001
0000
1000
0000
0010
0000
0100
0000
,
0010
0000
1000
0000
0001
0000
0010
0000
0100
0010
0100
0000
0010
0001
0010
0000
,
0001
0100
0001
0000
0100
0010
0100
0000
0001
0000
0010
0000
0100
0000
0010
0000
,
0001
0010
0100
0010
0001
1000
0100
0010
,
0100
0000
1000
0000
0100
0000
0010
0000
0100
0010
0000
0000
0001
0100
0000
0000
,
0010
1000
0000
0000
0100
0010
0000
0000
0002
0000
0023
0000
0230
0000
0302
0000
,
2003
3020
0032
0203
0310
0000
0100
0000
,
0001
0010
0100
1000
,
0010
0100
0001
1000
,
0100
0010
0001
0100
,
0010
1000
0001
0100
,
0010
1000
0100
0010
,
0001
0100
0010
1000
,
0100
0000
0010
0000
0002
0203
0320
0032
,
2003
0000
3200
0000
0302
0000
0000
0000
0013
0100
1000
0000
0010
0000
0100
0010
,
1000
0000
0001
0010
0100
0000
0010
0000
0001
0100
0010
0000
0100
0000
0001
1000
,
0100
0000
0010
0001
1000
0000
0010
0000
0100
0000
0010
0000
1000
0000
0001
0000
,
0010
0000
0100
0000
1000
0000
0010
0000
0100
0001
0100
0000
0010
1000
0010
0000
,
1000
0100
1000
0000
0100
0010
0100
0010
0001
0000
0010
0000
0100
0000
1000
0000
,
0001
0100
0010
1000
0010
1000
0100
0010
,
0001
0000
0100
0000
0010
0000
1000
0000
0001
0100
0000
0000
1000
0100
0000
0000
,
0010
0000
0000
1000
0000
0000
0000
0000
0000
0000
0000
0000
0100
0000
0000
0010
0000
0000
0000
0000
0000
0000
0000
0000
0010
0000
0000
0000
0001
0000
0000
0000
0010
0000
0000
0000
0001
0000
0000
0000
0100
0000
0000
0000
0001
0000
0000
0000
,
1000
0010
0100
0001
0010
0100
1001
0000
0000
2002
0000
0000
,
0000
0000
0000
0000
,
0000
0000
0000
0000
,
0000
0000
0000
0000
,
0000
0000
0000
0000
,
0000
0000
0000
0000
,
0000
0000
0000
0000
,
0000
0000
0000
0000
,
0000
0000
0000
0000
,
3003
0000
0000
0000
;

//---------------dance-double - ----------------
#NOTES:
     dance-double:
     :
     Easy:
     4:
     0.289,0.310,0.051,0.196,0.000,244.000,7.000,27.000,0.000,0.000:
01000000
00000000
00000000
00000000
,
00010000
00000000
00000000
00000000
,
00100000
00000000
00000000
00000000
,
00001000
00000000
00000000
00000000
,
00010000
00000000
00000000
00000000
,
00000100
00000000
00000000
00000000
,
00001000
00000000
00000000
00000000
,
00000001
00000000
00000000
00000000
,
00000100
00000010
00000100
00000010
,
00000000
00001000
00000010
00001000
,
00000000
00000100
00010000
00000100
,
00000000
00100000
00001000
00100000
,
00000000
00010000
10000000
00010000
,
00000000
00100000
01000000
00100000
,
00000000
00001000
00010000
00001000
,
00000000
00010000
00000000
00000010
,
00000100
00000001
00001000
00000010
,
00010000
00001000
00000000
00010000
,
00000000
00001000
00100000
00010000
,
01000000
00100000
00000000
10000000
,
00000000
00100000
01000000
00100000
,
01000000
00010000
00100000
00010000
,
00100000
00001000
00010000
00001000
,
00010000
00000200
00000000
00000000
,
00000000
00000320
00000000
00000000
,
00000032
00000000
00000000
00002003
,
00000000
00003020
00000000
00000000
,
00000000
00020030
00000000
00032000
,
00000000
00203000
00000000
00000000
,
02300000
00000000
00000000
23000000
,
00000000
30200000
00000000
00000000
,
02300000
00000000
00000000
03020000
,
00000000
00130000
00001000
00100000
,
00001000
00010000
00000000
00000100
,
00000000
00000010
00000100
00000010
,
00000100
00010000
00000000
00001000
,
00000000
01000000
00010000
01000000
,
00010000
00100000
00001000
00100000
,
00001000
00000010
00000001
00000010
,
00000001
00000100
00000010
00010000
,
00001000
00011000
00001000
00000000
,
00010000
00000100
00000010
00000000
,
00000000
00000000
00000001
00000000
,
00000100
00000010
00010000
00001000
,
00100000
00000000
00010000
00000000
,
01000000
00001000
00100000
00000000
,
00000000
00000000
00010000
00000000
,
10000000
00000000
01000000
00100000
,
00001000
00000000
00011000
00000000
,
00000000
00000000
00010100
00000000
,
00000000
00000000
00011000
00000000
,
00000000
00000000
00101000
00000000
,
00000000
00000000
00011000
00010000
,
00001000
00100000
00010000
01000000
,
00001000
00010000
00000010
00001000
,
00000100
00010000
00001000
00100000
,
00010000
01000000
00100000
00000000
,
00000000
00000000
00000000
00000000
,
00000000
00000000
10000000
00000000
,
01000000
00000000
00200000
00000000
,
00302000
00000000
00023000
00000000
,
00000000
00000000
00000000
00000000
,
00000000
00000000
00030010
00000100
,
00000010
00000100
00000002
00000000
,
00002003
00000000
00003100
00010000
,
00000100
00010000
00002000
00000000
,
00203000
00000000
01300000
10000000
,
01000000
10000000
00010000
00100000
,
00010000
00100000
00001000
00010000
,
00000100
00000010
00000002
00000000
,
00002003
00000000
00003001
00000100
,
00000001
00000100
00000020
00000000
,
00020030
00000000
00031000
00100000
,
00001000
00100000
00020000
00000000
,
20030000
00000000
30100000
01000000
,
00100000
01000000
00010000
10000000
,
00010000
10000000
01000000
00100000
,
00001000
00010000
00000100
00000010
,
00000001
00001000
00000010
00000000
,
00000000
00000000
00010000
00000000
,
00000000
00000000
00000100
00000000
,
00000000
00000000
00010000
00000000
,
00000000
00000000
00001000
00010000
,
00001000
00000000
00010000
00001000
,
00010000
00000000
00001000
00000000
,
01000000
00000000
00200000
00000000
,
00000000
00000000
10300000
01000000
,
10000000
01000000
00100000
00001000
,
00100000
00001000
00010000
00000100
,
00010000
00000100
00000010
00000001
,
00000100
00000010
00001000
00000100
,
00010000
00001000
00100000
00010000
,
01000000
00100000
10000000
01000000
,
00100000
00010000
00001000
00000100
,
00000010
00000001
00000000
00001001
;

//---------------dance-double - ----------------
#NOTES:
     dance-double:
     :
     Medium:
     7:
     0.385,0.551,0.095,0.255,0.000,323.000,13.000,35.000,0.000,0.000:
00001000
00000000
00010000
00000000
,
00001000
00000000
00100000
00000000
,
00001000
00000000
00010000
00000000
,
00000100
00000000
00010000
00000000
,
00001000
00000000
00100000
00000000
,
01000000
00000000
10000000
00000000
,
00100000
00000000
01000000
00000000
,
00001000
00000000
00010000
00000000
,
00011000
00000100
00000010
00000001
,
00000100
00000000
00000010
00000000
00010000
00000000
00001000
00010000
,
00001000
00010000
00001000
01000000
,
00100000
00000000
10000000
00000000
01000000
00100000
01000000
00100000
,
01000000
10000000
00010000
01000000
,
00100000
00000000
01000000
00000000
00001000
00000000
00010000
00001000
,
00010000
00000010
00000100
00000001
,
00000010
00000000
00000100
00001000
00000000
00000000
00001100
00000000
,
00000011
00000010
00000001
00000100
,
00000010
00001000
00000000
00010100
,
00000000
00001000
00100000
01000000
,
00100000
00010000
00000000
00101000
,
00000000
00010000
00100000
00001000
,
00010000
00000100
00000010
00000001
,
00001000
00000010
00000100
00000010
,
00010000
00002000
00000000
00000000
,
00000000
00000000
00103000
00010000
00100000
00000000
01000000
00000000
,
10000000
00000000
00100000
00000000
01000000
00000000
00001000
00010000
,
00001000
00010000
00001000
00000000
00100000
00000000
00010000
00000000
,
01000000
00002000
00010000
00023000
,
00000100
00000000
00030100
00001000
00000100
00000000
00001000
00000000
,
00000010
00000000
00000100
00000000
00000001
00000000
00001000
00000010
,
00001000
00000010
00001000
00000000
00000100
00000000
00010000
00000000
,
00001000
02000000
00000000
00000000
,
00000000
03100000
10000000
00010000
,
00100000
01000000
00000000
01100000
,
00000000
01000000
00100000
00010000
,
00001000
00000100
00000000
00000011
,
00000000
00000001
00001000
00000100
,
00000010
00000100
00010000
00000010
,
00000100
00001000
00010000
00100000
,
01000000
00010000
00100000
00001000
,
00010000
00011000
00010000
00000000
,
00000100
00001000
00000001
00000000
,
00000000
00000000
00000100
00000000
,
00000010
00001000
00000100
00010000
,
01000000
00000000
10000000
00000000
,
00100000
01000000
00001000
00000000
,
00000000
00000000
00010000
00000000
,
00001000
00000000
00100000
01000000
,
10000000
00000000
00200000
00000000
,
00300000
01000000
02000000
00000000
,
03000000
00001000
00002000
00000000
,
00003000
00010000
00020000
00000000
,
00030000
00000100
00000200
00000000
,
00000320
00000000
00000032
00000000
,
00002003
00000000
00003200
00000000
,
00020300
00000000
00032000
00000000
,
02003000
00000000
03100000
00000000
,
00000000
00000000
00000000
00000000
,
00000000
00000000
01000000
00001000
,
00100000
00010000
20000000
00000000
,
32000000
00000000
03020000
00000000
,
00000000
00000000
00032000
00000000
,
00000000
00000000
00000000
00000000
00013000
00000100
00000010
00000000
,
00000001
00001000
00000100
00010100
,
00010000
00000000
00011000
00000000
00001000
01000000
00100000
00000000
,
10000000
00010000
00100000
00110000
,
00010000
00000000
10010000
00000000
10000000
00100000
01000000
00000000
,
00100000
01000000
00001000
00000000
00010000
00000100
00000010
00000000
,
00000100
00000010
00000001
00000000
00000001
00000000
00001000
00000000
,
00010000
10000000
00200000
00000000
,
02300000
00000000
00000000
00000000
03010000
00100000
00001000
00000000
,
00010000
01000000
10000000
00000000
00100000
00000000
01000000
00000000
,
00001000
00000000
00010000
00000000
00000010
00000100
00000001
00000000
,
00001000
00000100
00010000
00000000
00002000
00000000
00000000
00000000
,
02003000
00000000
00000000
00000000
03100000
10000000
00100000
00000000
,
10000000
01000000
10000000
00000000
01000000
00100000
01000000
00000000
,
00100000
00001000
00100000
00000000
00001000
00000000
00010000
00000000
,
00000100
00000010
00000002
00000000
,
00002003
00000000
00003010
00000000
,
00010000
00000000
00001000
00000000
,
00100000
01000000
10000000
00000000
,
00010000
00000000
01000000
00000000
,
00001000
00010000
00000100
00000000
,
00000000
00010000
00001000
00000000
,
00000000
01000000
00010000
00000000
,
10000000
00000000
02000000
00000000
,
00000000
00000000
00000000
00000000
03100000
00001000
00010000
00000000
,
00000010
00001000
00000100
00000000
00000010
00000001
00000100
00000000
,
00000010
00010000
00001000
00000000
00010000
00001000
00100000
00000000
,
00010000
10000000
00100000
00000000
02000000
00000000
03020000
00000000
,
00230000
00000000
00302000
00000000
00013000
00001000
00010000
00000000
,
00001000
00100000
00001000
00000000
00100000
01000000
00100000
00000000
,
01000000
10000000
01000000
00000000
00200000
00000000
00302000
00000000
,
00023000
00000000
00030020
00000000
00010030
00000100
00000010
00000001
,
00000100
00000010
00010000
00001000
00010000
00000000
00011000
00000000
;

//---------------dance-double - ----------------
#NOTES:
     dance-double:
     :
     Hard:
     9:
     0.570,0.637,0.145,0.044,0.171,523.000,20.000,6.000,0.000,0.000:
10000000
00000000
01000000
00000000
,
00100000
00000000
00001000
00000000
,
00010000
00000000
00100000
00000000
,
01000000
00000000
00010000
00000000
,
00001000
00000000
00000010
00000000
,
00010000
00000000
00001000
00000000
,
00000100
00000000
00001000
00000000
,
00100000
00000000
01000000
00000000
,
11000000
00000000
10000000
01000000
00100000
00000000
00100000
00010000
,
01000000
00000000
01000000
00001000
00010000
00000000
00010000
00000100
,
00000010
00000000
00000010
00000001
00000100
00000000
00000100
00000010
,
00010000
00000000
00010000
00001000
00100000
00000000
00100000
01000000
,
10000000
00000000
10000000
00100000
00010000
00000000
00010000
00100000
,
01000000
00000000
01000000
00010000
00100000
00000000
00100000
00001000
,
00000100
00000000
00000100
00000001
00000010
00000000
00000010
00000100
,
00001000
00000000
00000000
00011000
00000000
00000000
00110000
00000000
,
11000000
00000000
10000000
01000000
00100000
00010000
01000000
00100000
,
00010000
00001000
00000100
00000000
00000000
00000000
00000110
00000000
,
00000000
00000000
00000010
00001000
00000100
00010000
00001000
00000100
,
00000010
00001000
00000100
00000000
00000000
00000000
00001100
00000000
,
00000000
00000000
00001000
00000100
00010000
00001000
00100000
00010000
,
01000000
00100000
10000000
00100000
01000000
00010000
00100000
00001000
,
00000010
00000100
00000001
00000100
00000010
00001000
00010000
01000000
,
10000000
00100000
02000000
00000000
00000000
00000000
00000000
00000000
,
00000000
00000000
03100000
10000000
00100000
10000000
01000000
00100000
,
01000000
00100000
00001000
00010000
00001000
00010000
00000010
00000100
,
00000001
00001000
00000100
00000010
00000100
00000010
00001000
00010000
,
00001000
00010000
01000000
10000000
00010000
00100000
01000000
10000000
,
00100000
01000000
00010000
01000000
00010000
01000000
00001000
00100000
,
00001000
00100000
00000100
00000010
00000100
00000010
00000001
00000100
,
00001000
00010000
00100000
10000000
00100000
10000000
00100000
00010000
,
00001000
00010000
00000000
00001100
00000000
00000000
00000101
00000000
,
00000110
00000000
00000010
00001000
00000100
00010000
00001000
00100000
,
00001000
00000100
00000010
00000000
00000000
00000000
00001010
00000000
,
00000000
00000000
00001000
00000010
00000100
00001000
00010000
00100000
,
10000000
01000000
00100000
00000000
00000000
00000000
00110000
00000000
,
00000000
00000000
00100000
01000000
00010000
00001000
00000010
00000100
,
00001000
00000001
00000100
00000010
00001000
00000100
00010000
00000010
,
00001000
00000100
00010000
00001000
00100000
01000000
10000000
00010000
,
00100000
00001000
00000100
00000010
00001000
00000001
00000010
00000100
,
00010000
00000010
00000110
00000000
10000000
00100000
01000000
00001000
,
00010000
01000000
10000000
00000000
,
00000000
00000000
00000000
00000000
00010000
00100000
00001000
00010000
,
00000100
00000010
00000001
00000100
,
00010000
00000000
00000000
00000000
01000000
00100000
10000000
01000000
,
00100000
00010000
01000000
00000000
,
00000000
00000000
00010000
00100000
,
00001000
00000000
00010000
00000000
00000100
00000010
00000001
00000100
,
00000010
00000000
00001000
00000100
,
00010000
00000000
00001000
00100000
,
01000000
00000000
10000000
00100000
,
01000000
00000000
00001000
00010000
,
00000100
00000000
00000010
00000001
,
00000100
00000010
00001000
00000100
,
00010000
00000000
00000000
00001000
00000000
00000000
00100000
00010000
00000000
00010000
01000000
00000000
,
01000000
00001000
00000000
00001000
00010000
00000000
00010000
00000100
00000000
00000100
00000010
00000000
,
00000010
00000001
00000000
00000001
00000100
00000000
00000010
00000000
00000000
00000010
00000000
00000000
,
00000010
00000010
00000010
00000010
,
00000010
00000010
00000100
00001000
,
00010000
00000000
00000000
01000000
00000000
00000000
10000000
01000000
10000000
01000000
10000000
01000000
,
10000000
00000000
00100000
00010000
00100000
00010000
02000000
00000000
00000000
00000000
00000000
00000000
,
00000000
00000000
03002000
00000000
,
00000000
00000000
00000000
00000000
00013000
00000100
00000010
00000001
,
00000100
00000000
00000010
00000000
00010000
00000000
00001000
00000000
00100000
00010000
00000000
00000000
00010000
01000000
00000000
00000000
,
01000000
00001000
00000000
00000000
00001000
00010000
00000000
00000000
00010000
00000000
01000000
00000000
10000000
00000000
00100000
00000000
,
01000000
00000000
00001000
00000000
00010000
00000000
00000100
00000000
00000010
00000001
00000000
00000000
00000001
00000100
00000000
00000000
,
00000100
00000010
00000000
00000000
00000010
00010000
00000000
00000000
00010000
00000000
00000100
00000000
00001000
00000000
00000010
00000000
,
00010000
00001000
00100000
00010000
01000000
00001000
00100000
00010000
,
10000000
00000000
01000000
00000000
00010000
00000000
00001000
00000000
00000010
00000001
00000000
00000000
00000001
00001000
00000000
00000000
,
00001000
00000100
00000000
00000000
00000100
00010000
00000000
00000000
00010000
00000000
00000010
00000000
00001000
00000000
00000100
00000000
,
00010000
00001000
00010000
00000100
00000010
00000001
00000100
00000010
,
00001000
00000000
00000100
00000000
00000010
00000000
00000001
00000000
00000100
00000010
00000000
00000000
00000010
00001000
00000000
00000000
,
00001000
00010000
00000000
00000000
00010000
01000000
00000000
00000000
01000000
00000000
00100000
00000000
00010000
00000000
00001000
00000000
,
00100000
00000000
00010000
00000000
01000000
00000000
00001000
00000000
00010000
00000100
00000000
00000000
00000100
00001000
00000000
00000000
,
00001000
00000010
00000000
00000000
00000010
00000100
00000000
00000000
00000100
00000000
00000010
00000000
00001000
00000000
00000100
00000000
,
00010000
00001000
00100000
00010000
01000000
00100000
10000000
01000000
,
00100000
00000000
00001000
00000000
00010000
00000000
00000100
00000000
00000010
00000001
00000000
00000000
00000001
00000100
00000000
00000000
,
00000100
00000010
00000000
00000000
00000010
00001000
00000000
00000000
00001000
00000000
00000100
00000000
00000010
00000000
00000100
00000000
,
00001000
00010000
10000000
01000000
00100000
00000000
00000000
00000000
,
10000000
00000000
01000000
00000000
,
00100000
00001000
00011000
00000000
,
00000010
00000000
00000110
00000000
,
00000101
00000010
00001100
00000000
,
00000000
00001000
00010100
00000000
,
00000000
00100000
01001000
00000000
,
00100000
10000000
02000000
00000000
,
00000000
00000000
00000000
00000000
03100000
00001000
00010000
00001000
,
00000100
00000010
00001000
00000001
00000010
00000100
00000001
00000100
,
00001000
00000010
00010000
00001000
00100000
00010000
01000000
00100000
,
10000000
00000000
01000000
00000000
00010000
00000000
01000000
00000000
00100000
00010000
00000000
00000000
00010000
01000000
00000000
00000000
,
01000000
00001000
00000000
00000000
00001000
00010000
00000000
00000000
00010000
00000000
00000100
00000000
00000010
00000000
00000001
00000000
,
00000100
00000010
00001000
00000100
00010000
00001000
00100000
00010000
,
01000000
00000000
00100000
00000000
10000000
00000000
01000000
00000000
00100000
00010000
00000000
00000000
00010000
10000000
00000000
00000000
,
10000000
00100000
00000000
00000000
00100000
01000000
00000000
00000000
01000000
00000000
00001000
00000000
00010000
00000000
00000100
00000000
,
00000010
00000001
00000100
00000000
00001001
00000000
00000220
00000000
,
00000000
00000000
00000000
00000000
,
00000000
00000000
00000000
00000000
,
00000000
00000000
00000000
00000000
,
00000000
00000000
00000000
00000000
,
00000000
00000000
00000000
00000000
,
00000000
00000000
00000000
00000000
,
00000000
00000000
00000000
00000000
,
00000000
00000000
00000000
00000000
,
00000330
00000000
00000000
00000000
;

//---------------dance-double - ----------------
#NOTES:
     dance-double:
     :
     Challenge:
     10:
     0.717,0.899,0.247,0.182,0.382,631.000,34.000,25.000,0.000,0.000:
00001000
00010000
00001000
00100000
,
01000000
10000000
00010000
00100000
,
00001000
00000010
00000100
00001000
,
00000010
00000100
00010000
01000000
,
00100000
10000000
00010000
01000000
,
00001000
00100000
01000000
00010000
,
00001000
00000000
00000010
00000001
,
00000100
00001000
00000100
00000010
,
00000110
00000000
00010000
00001000
01000000
00100000
10000000
00010000
,
00100000
00001000
00010000
00000000
00010000
00000100
00000010
00000100
,
00000001
00000100
00000000
00000100
00001000
00000010
00000100
00001000
,
00010000
00100000
01000000
00000000
01000000
00010000
00100000
00001000
,
01000000
00100000
00000000
00100000
10000000
01000000
00010000
00001000
,
00000010
00000001
00001000
00000000
00001000
00000010
00000100
00001000
,
00000001
00000010
00000000
00000010
00000100
00000001
00000100
00001000
,
00010000
00001000
01000000
01001000
00000000
00000000
01010000
00000000
,
10100000
10000000
10010000
01000000
00100000
00010000
01000000
00001000
,
00010000
00100000
01100000
00000000
00100000
00000000
10100000
00000000
,
10000000
00000000
10010000
01000000
00100000
00010000
00001000
00000100
,
00010000
00001000
00001010
00000000
00000010
00000000
00000110
00000000
,
00000100
00000000
00000101
00000001
00001000
00000100
00000010
00010000
,
00100000
00001000
01000000
00100000
10000000
00010000
01000000
00001000
,
00010000
00000100
00000010
00000001
00001000
00000010
00010000
00001000
,
01000000
00100000
00020000
00032000
00203000
00320000
00032000
00003200
,
00020300
00000000
00032000
00000000
00013000
00000100
00010000
00000000
00000010
00000000
00000100
00000001
00000100
00000000
00000010
00000000
,
00001000
00000010
00001000
00000000
00000100
00000000
00010000
00001000
00010000
00000000
00001000
00000000
01000000
00010000
01000000
00000000
,
00100000
10000000
00100000
00000000
10000000
01000000
10000000
00000000
00010000
00000000
01000000
00100000
01000000
00000000
00001000
00000000
,
00010000
00000100
00010000
00000000
00001000
00000000
00100000
00000000
00010000
00000000
00001000
00000000
00000100
00000010
00000100
00000010
,
00000100
00000000
00001000
00000000
00000001
00000010
00000001
00000000
00000100
00000000
00000010
00001000
00000010
00000000
00001000
00000000
,
00000100
00000010
00000100
00000000
00010000
00000000
00001000
00010000
00001000
00000000
01000000
00000000
00100000
01000000
00100000
00000000
,
01000000
00010000
01000000
00000000
00001000
00100000
00001000
00000000
00010000
00000000
00000100
00001000
00000100
00000000
00001000
00000000
,
00000001
00000100
00000001
00000000
00000100
00000000
00000110
00000000
00000000
00000000
00000000
00000000
00010010
00000000
00000000
00000000
,
00011000
00001000
01001000
01000000
00100000
00010000
00001000
00100000
,
01000000
10000000
10010000
00000000
00010000
00000000
01001000
00000000
,
01000000
00000000
01100000
00100000
10000000
00010000
00100000
00001000
,
01000000
00001000
00101000
00000000
00001000
00000000
00011000
00000000
,
00010000
00000000
00010100
00000100
00000010
00000001
00001000
00000100
,
00010000
00000010
00000100
00000001
00010000
00000100
00100000
00010000
,
01000000
00001000
00100000
01000000
10000000
00001000
00010000
01000000
,
00100000
00010000
00001000
00000100
00010000
00000010
00001000
00010000
,
00100000
01000000
10010000
00000000
00000001
00010000
00000100
00000010
,
00000001
00001000
00000010
00000000
,
00000000
00000000
00000000
00000000
00010000
00001000
00100000
01000000
,
10000000
00010000
00001000
00000001
,
00000100
00000000
00000000
00000000
00000010
00010000
00001000
00100000
,
00010000
01000000
00001000
00000000
,
00000000
00000000
10000000
00010000
,
00001000
00000000
00000001
00000000
00010000
00000010
00000100
00000001
,
00001000
00000000
00000010
00000100
,
00000001
00000000
00001000
00000100
00000000
00000000
00010000
00000000
00000000
00001000
00000000
00000000
,
01000000
00000000
00100000
10000000
00000000
00000000
00010000
00000000
00000000
00100000
00000000
00000000
,
00001000
00000000
00010000
00000100
00000000
00000000
00001000
00000000
00000000
00000010
00000000
00000000
,
00010000
00000000
00001000
01000000
00000000
00000000
00100000
00000000
00000000
01000000
00000000
00000000
,
00001000
00010000
00000100
00000010
,
00000001
00000000
00000000
00001000
00000000
00000000
00001000
00000010
00010000
00000100
00001000
00000010
,
00010000
00000100
00001000
00000010
00000100
00000001
00001000
00000100
00010000
00001000
00100000
00010000
,
01000000
00100000
10000000
01000000
00100000
00010000
20000000
00000000
00000000
01000000
00000000
00000000
,
01000000
01000000
01000000
01000000
,
01000000
01000000
32000000
03200000
,
00302000
00000000
00000000
00023000
00000000
00000000
00030100
00000010
00000001
00001000
00000100
00010000
,
00001000
00000000
00010000
00000010
00001000
00000100
00000020
00000000
00000000
00000000
00000000
00000000
,
00000000
00000000
00000000
00000000
00000032
00000203
00002300
00003002
,
00000023
00000000
00020030
00000000
00032000
00000000
00203000
00000000
00310000
01000000
00010000
00000000
10000000
00000000
01000000
00000000
,
00100000
00010000
00100000
00000000
00001000
00000000
00010000
00000000
00001000
00100000
00000000
00000000
00001000
01000000
00000000
00000000
,
00010000
10000000
00000000
00000000
00001000
00010000
00000000
00000000
00001000
00100000
00001000
00000000
00010000
00000000
00000100
00000000
,
00000010
00000001
00000010
00000000
00000001
00000000
00000100
00000000
00000010
00010000
00000000
00000000
00000100
00010000
00000000
00000000
,
00001000
01000000
00000000
00000000
00001000
00100000
00000000
00000000
00010000
00000000
01000000
00000000
00100000
00000000
10000000
00000000
,
00010000
01000000
00001000
00100000
00010000
00001000
00000100
00010000
,
00001000
00000000
00100000
00000000
00000100
00000000
00010000
00000000
00000010
00001000
00000000
00000000
00000100
00010000
00000000
00000000
,
00000001
00001000
00000000
00000000
00000010
00010000
00000000
00000000
00000100
00000000
00010000
00000000
00001000
00000000
00000100
00000000
,
00000010
00000000
00001000
00000000
00010000
00000000
01000000
00000000
00100000
00010000
00100000
00000000
01000000
00000000
10000000
00000000
,
00100000
01000000
00100000
00000000
01000000
00000000
00001000
00000000
00010000
00000010
00000000
00000000
00010000
00000100
00000000
00000000
,
00001000
00000001
00000000
00000000
00010000
00001000
00000000
00000000
00010000
00000100
00010000
00000000
00000010
00000000
00000100
00000000
,
00000001
00000100
00000001
00000000
00000010
00000000
00000100
00000000
00010000
00001000
00000000
00000000
00100000
00001000
00000000
00000000
,
01000000
00001000
00000000
00000000
10000000
00010000
00000000
00000000
01000000
00000000
00100000
00000000
00010000
00000000
00001000
00000000
,
00100000
00010000
00001000
00000100
00010000
00001000
00000100
00000010
,
00001000
00000000
00000100
00000000
00000010
00000000
00000001
00000000
00000100
00000010
00000000
00000000
00010000
00000100
00000000
00000000
,
00100000
00001000
00000000
00000000
01000000
00010000
00000000
00000000
01000000
00100000
01000000
00100000
01000000
00000000
00010000
00000000
,
00100000
00001000
00100000
00001000
00100000
00000000
00001000
00000000
00010000
00000000
00000000
00000000
00000000
00000000
00000000
00000000
,
00001000
00000000
01000000
00000000
,
00100000
10100000
01100000
00000000
,
01000000
00000000
00011000
00000000
,
00010100
00001100
00000110
00000000
,
00000000
00000011
00000101
00000000
,
00000000
00000110
00010010
00000000
,
00010000
00001000
00200000
00000000
,
00000000
00000000
00000000
00000000
00000000
00000000
00000000
00000000
00301000
01000000
00100000
00000000
10000000
00000000
00010000
00100000
,
01000000
00000000
10000000
00100000
01000000
00000000
00001000
00000000
00010000
00000100
00001000
00000000
00000010
00000000
00000100
00000001
,
00000010
00000000
00000100
00010000
00001000
00000000
00010000
00000000
00000010
00000000
00000100
00000000
00000001
00000000
00001000
00000000
,
00000100
00000000
00010000
00000000
00001000
00000000
01000000
00000000
00100000
10000000
00000000
00000000
00010000
01000000
00000000
00000000
,
00000010
00001000
00000000
00000000
00000001
00000100
00000000
00000000
00000010
00000000
00000100
00000000
00001000
00000000
00010000
00000000
,
00000100
00001000
00010000
00100000
00001000
00010000
00100000
01000000
,
00010000
00000000
00100000
00000000
01000000
00000000
10000000
00000000
00001000
01000000
00000000
00000000
00001000
00100000
00000000
00000000
,
00010000
00000000
00000000
10000000
00000000
00000000
00000000
00000000
00000000
00000000
00000000
00000000
00001000
00000000
00000000
00010000
00000000
00000000
00000000
00000000
00000000
00000000
00000000
00000000
00001000
00000000
00000000
00000000
00100000
00000000
00000000
00000000
00010000
00000000
00000000
00000000
01000000
00000000
00000000
00000000
00001000
00000000
00000000
00000000
00010000
00000000
00000000
00000000
,
00000100
00000010
00000001
00001000
00000010
00010000
00011000
00000000
00000000
00022000
00000000
00000000
,
00000000
00000000
00000000
00000000
,
00000000
00000000
00000000
00000000
,
00000000
00000000
00000000
00000000
,
00000000
00000000
00000000
00000000
,
00000000
00000000
00000000
00000000
,
00000000
00000000
00000000
00000000
,
00000000
00000000
00000000
00000000
,
00000000
00000000
00000000
00000000
,
00033000
00000000
00000000
00000000
;
