#TITLE:Destroy Everything You Touch;
#SUBTITLE:;
#ARTIST:Ladytron;
#TITLETRANSLIT:;
#SUBTITLETRANSLIT:;
#ARTISTTRANSLIT:;
#CREDIT:;
#BANNER:Destroy Everything You Touch-bn.png;
#BACKGROUND:Destroy Everything You Touch-bg.png;
#LYRICSPATH:Destroy Everything You Touch.lrc;
#CDTITLE:nesstitles4.png;
#MUSIC:Destroy Everything You Touch.mp3;
#OFFSET:-0.053;
#SAMPLESTART:22.441;
#SAMPLELENGTH:16.000;
#SELECTABLE:YES;
#BPMS:0.000=120.350,176.000=60.178;
#STOPS:;
#BGCHANGES:-1.333=Destroy Everything You Touch.avi=1.000=1=1=0,
99999=-nosongbg-=1.000=0=0=0 // don't automatically add -songbackground-
;
// cache tags:
#FIRSTBEAT:16.000;
#LASTBEAT:193.500;
#SONGFILENAME:Songs/Techno/Destroy Everything You Touch/Destroy Everything You Touch.sm;
#HASMUSIC:1;
#HASBANNER:1;
#MUSICLENGTH:107.784;
// end cache tags

//---------------dance-single - ----------------
#NOTES:
     dance-single:
     :
     Hard:
     8:
     0.501,0.583,0.288,0.260,0.116,319.000,31.000,28.000,0.000,0.000:
0000
0000
0000
0000
,
0000
0000
0000
0000
,
0000
0000
0000
0000
,
0000
0000
0000
0000
,
0110
1000
0100
1000
0001
0100
0001
0000
,
0010
0000
0001
0000
1000
0000
0010
0000
1000
0000
0001
0000
0100
0000
0000
0100
,
0010
0100
0001
0010
0100
1000
0010
0100
,
0001
0000
1000
0000
0100
0000
1000
0000
0001
0000
0100
0000
0010
0000
0000
0010
,
0100
0001
1000
0100
0010
0001
1000
0000
,
0010
0000
1000
0000
0100
0000
0010
0000
0001
0000
1000
0000
0010
0000
0000
0010
,
0100
0001
0010
0100
1000
0001
0100
0010
,
1000
0100
0001
0100
1000
0010
0100
0001
,
0010
0100
2000
0000
3001
0100
1000
0100
,
0010
1000
0002
0000
0013
0100
1000
0010
,
0100
0001
2000
0000
3100
1000
0001
0100
,
0010
0000
1000
0000
0200
0000
0000
0000
0310
0000
0001
0100
0001
0000
1001
0000
,
0010
0100
0002
0000
1003
0100
0010
0001
,
0100
0010
2000
0000
3001
0010
1000
0010
,
0001
0100
0020
0000
1030
0100
0001
0100
,
1000
0000
0001
0000
2000
0000
0000
0000
3010
0000
1000
0001
1000
0000
1001
0000
,
0001
0010
0200
0000
1300
1000
0001
1000
,
0010
1000
0200
0000
1300
1000
0001
1000
,
0001
0010
0002
0000
0103
0010
1000
0100
,
0001
0000
0100
0000
2000
0000
0000
0000
3010
0000
1000
0010
0100
0000
0110
0000
,
0100
0001
0020
0000
0130
1000
0001
0100
,
1000
0100
0002
0000
1003
0010
0001
0010
,
1000
0100
0020
0000
0130
1000
0001
0100
,
0001
0000
1000
0000
0200
0000
0000
0000
0310
0000
0001
1000
0001
1000
0001
0000
,
2001
0000
0010
0000
0001
0001
3001
0000
,
0102
1003
0011
1001
,
2100
0000
0001
0000
0010
0010
3010
0000
,
2100
3001
0101
1010
,
0102
0000
0010
0000
1000
1000
1003
0000
,
1020
0130
0110
1001
,
2100
0000
0001
0000
0100
0100
3100
0000
,
0021
0130
0110
1001
,
0110
0100
0001
0000
1001
0110
0000
1001
,
0010
1000
0100
0000
1100
0000
1001
0000
,
0101
0000
0001
0000
1001
0110
0000
1001
,
0010
0001
0100
0100
0010
0010
1000
0100
,
0010
0100
2000
0000
3001
0100
1000
0100
,
0001
0010
2000
0000
3010
0001
0100
0010
,
1000
0100
0020
0000
0031
1000
0100
0001
,
0100
1000
0001
0100
0010
1000
0001
0100
,
1001
0000
1000
0000
1000
0100
1000
0100
0010
0000
0010
0000
0010
0001
0010
0001
,
0100
0000
0100
0000
0100
0010
0100
0010
1000
0000
0001
0000
0010
0100
1000
0001
,
0100
0000
0100
0000
0010
1000
0100
0010
0001
0000
1000
0000
0010
1000
0100
0010
,
0001
0000
0100
0000
0010
0100
0001
1000
0010
0000
1000
0000
0100
0010
0001
1000
,
0010
1000
0020
0000
0000
0000
0030
0000
0000
0000
0000
0000
0000
0000
0000
0000
;

//---------------dance-single - ----------------
#NOTES:
     dance-single:
     :
     Medium:
     6:
     0.384,0.379,0.306,0.260,0.000,229.000,33.000,28.000,0.000,0.000:
0000
0000
0000
0000
,
0000
0000
0000
0000
,
0000
0000
0000
0000
,
0000
0000
0000
0000
,
0010
0000
1000
0010
0100
0000
0110
0000
,
0001
0000
1000
0001
0100
0000
1001
0000
,
0001
0000
1000
0001
0010
0000
0011
0000
,
0001
0000
1000
0010
0100
0000
0110
0000
,
0001
0100
0001
1000
0100
0000
1100
0000
,
1000
0001
1000
0010
0100
0000
1001
0000
,
0001
1000
0001
0010
0001
0000
0011
0000
,
0010
0100
1000
1000
0001
0001
0100
0000
,
0210
0010
1000
0310
,
0210
0001
0010
0301
,
2001
0100
0001
3100
,
2100
0000
0010
0000
3001
1000
0001
1000
,
0020
0100
1000
0130
,
0210
0001
1000
0301
,
1002
0010
1000
0103
,
0201
0000
1000
0000
0301
0001
0010
0100
,
2000
0000
0010
0000
0001
0000
3100
1000
,
0002
0000
0010
0000
1000
0000
0103
0001
,
2000
0000
0010
0000
0100
0000
3010
1000
,
0100
1000
0010
0000
0100
0100
0001
0001
,
1000
0000
1001
0000
0001
0010
0100
1000
,
0020
0000
0130
0000
0001
1000
0100
1000
,
0002
0000
0103
0000
0010
1000
0100
0010
,
0002
0000
1003
0000
0001
0100
1000
0100
,
0002
0000
0000
0000
0013
0100
1000
0000
,
1100
1001
0002
1003
,
1001
0000
0010
0000
0001
0010
0001
0000
,
0100
0010
1010
0110
,
2002
0000
3003
0000
0001
1000
0100
0000
,
0011
1001
0002
1003
,
1001
0000
1000
0000
0010
1000
0100
0000
,
2200
3300
1000
0010
,
0110
0000
0100
0000
0001
1000
0100
0000
,
1000
0001
1001
0011
,
1001
0000
0001
0000
1000
0010
0100
0001
,
0010
0000
0100
0100
0010
0010
0001
0001
,
2000
0001
0010
3100
,
0102
0100
1000
1003
,
0021
0100
0001
0130
,
0110
0000
1001
0000
1000
0010
0100
0001
,
0020
0000
0130
1000
0002
0000
0103
0010
,
2000
0000
3001
0010
0002
0000
1003
0100
,
1000
1000
0001
0001
0100
0100
0010
0010
,
1000
1000
0100
0100
0010
0010
0001
0001
,
1000
0000
0000
0000
;

//---------------dance-single - ----------------
#NOTES:
     dance-single:
     :
     Easy:
     4:
     0.229,0.289,0.046,0.158,0.000,151.000,5.000,17.000,0.000,0.000:
0000
0000
0000
0000
,
0000
0000
0000
0000
,
0000
0000
0000
0000
,
0000
0000
0000
0000
,
1000
0010
0100
0000
,
0001
0010
0100
0000
,
1000
1000
0001
0001
,
1000
0010
0100
0000
,
0001
1000
0100
0000
,
1000
0001
0100
0000
,
0010
1000
0100
0100
,
1000
0010
0100
0001
,
0020
0001
0030
0001
,
0200
0010
0300
1000
,
0020
0100
0030
0100
,
0001
0001
1000
1000
,
0200
0010
0300
0100
,
2000
0001
3000
0001
,
0020
0100
0030
0100
,
1000
0001
1000
0010
,
0100
0100
0100
0001
,
1000
1000
1000
0100
,
0010
0010
0010
0001
,
1000
1000
0010
0100
,
0001
0002
0003
0010
,
0100
0200
0300
1000
,
0001
0200
0300
0010
,
1000
0100
1000
1000
,
0002
0000
0013
0100
,
2000
0000
3001
1000
,
0200
0000
1300
0010
,
0200
0000
0001
0301
,
0101
0000
0001
1000
,
0100
0000
1000
0001
,
0010
0000
0001
1000
,
0010
0000
0100
0010
,
0110
0000
1000
0001
,
1001
0000
0001
0010
,
0011
0000
1000
0100
,
1100
0000
1000
1000
,
0001
0100
0010
1000
,
0001
0010
0100
1000
,
0001
0100
1000
0100
,
0001
0010
1000
0010
,
0001
0002
1003
2000
,
3010
0020
0130
0200
,
0301
0010
0100
1000
,
0010
0100
0001
1000
,
0001
0000
0000
0000
;

//---------------dance-single - ----------------
#NOTES:
     dance-single:
     :
     Beginner:
     1:
     0.119,0.156,0.019,0.111,0.000,76.000,2.000,12.000,0.000,0.000:
0000
0000
0000
0000
,
0000
0000
0000
0000
,
0000
0000
0000
0000
,
0000
0000
0000
0000
,
1000
0000
0010
0000
,
0100
0000
0001
0000
,
0010
0000
0100
0000
,
1000
0000
0001
0000
,
0100
0000
0010
0000
,
1000
0000
0001
0000
,
0010
0000
0100
0000
,
1000
0000
0001
0000
,
1001
0000
0000
0000
,
0020
0000
0030
0000
,
0100
0000
0000
0000
,
0002
0000
0003
0000
,
1000
0000
0000
0000
,
0200
0000
0300
0000
,
0010
0000
0000
0000
,
0002
0000
0003
0000
,
1000
0000
0010
0000
,
1000
0000
1000
0000
,
0001
0000
0010
0000
,
0001
0000
0001
0000
,
0200
0000
0000
0300
,
0020
0000
0000
0030
,
2000
0000
0000
3000
,
0002
0000
0000
0003
,
1001
0000
0100
0000
,
0001
0000
0000
0000
,
1000
0000
0100
0000
,
1000
0000
0010
0010
,
0010
0000
0100
0000
,
0001
0000
0000
0000
,
0010
0000
0100
0000
,
1000
0000
0001
0001
,
0001
0000
0100
0000
,
0010
0000
0000
0000
,
1000
0000
0001
0000
,
0010
0000
0100
0000
,
1000
2000
0000
3000
,
0001
0002
0000
0003
,
0100
0200
0000
0300
,
0010
0020
0000
0030
,
1000
0000
0010
0000
,
0010
0000
0001
0000
,
1000
0000
0010
0000
,
0010
0000
0001
0000
,
0001
0000
0000
0000
;

//---------------dance-double - ----------------
#NOTES:
     dance-double:
     :
     Easy:
     4:
     0.254,0.289,0.223,0.269,0.000,139.000,24.000,29.000,0.000,0.000:
00000000
00000000
00000000
00000000
,
00000000
00000000
00000000
00000000
,
00000000
00000000
00000000
00000000
,
00000000
00000000
00000000
00000000
,
00100000
00001000
00010000
00000010
,
00001000
00000001
00000010
00000000
,
00000001
00001000
00000010
00010000
,
00001000
00100000
00010000
00000000
,
10000000
00100000
01000000
00010000
,
00100000
00001000
00010000
00000000
,
00000100
00001000
00000010
00010000
,
00001000
01000000
00100000
10000000
,
01000000
22000000
00000000
33000000
,
00010000
00220000
00000000
00330000
,
00001000
00022000
00000000
00033000
,
00010000
00000100
00001000
00000010
,
00000100
00000220
00000000
00000330
,
00000100
00000202
00000000
00000303
,
00000001
00002002
00000000
00003003
,
00001000
00000100
00010000
00001000
,
01000000
02020000
00000000
03030000
,
00010000
00220000
00000000
00330000
,
00001000
00022000
00000000
00033000
,
00010000
00000100
00001000
00000100
,
00010000
00202000
00000000
00303000
,
01000000
20020000
00000000
30030000
,
00100000
00022000
00000000
00033000
,
00000100
00001010
00000010
00000100
,
00001001
00000000
00000010
00000100
,
00000002
00000000
00001003
00001000
,
00001100
00000000
00000100
00010000
,
00001000
00000000
00011000
00011000
,
00011000
00000000
00001000
01000000
,
00010000
00000000
01000000
00100000
,
10000000
00000000
01000000
10000000
,
00010000
00000000
10010000
10010000
,
10010000
00000000
00010000
00100000
,
00001000
00000000
00010000
00000100
,
00001000
00000000
00000010
00000100
,
00000001
00000010
00000100
00010000
,
00001000
00002000
00013000
00011000
,
00100000
00200000
00310000
00110000
,
01000000
02000000
03100000
01100000
,
10000000
20000000
00010000
01000000
,
30010000
00010000
00100000
00100000
,
00001000
00001000
00010000
00000100
,
00001000
00001000
00000010
00000010
,
00000100
00000100
00000001
00001000
,
00000100
00000000
00000000
00000000
;

//---------------dance-double - ----------------
#NOTES:
     dance-double:
     :
     Hard:
     7:
     0.481,0.628,0.223,0.260,0.074,311.000,24.000,28.000,0.000,0.000:
00000000
00000000
00000000
00000000
,
00000000
00000000
00000000
00000000
,
00000000
00000000
00000000
00000000
,
00000000
00000000
00000000
00000000
,
00000010
00001000
00000100
00010000
00001000
01000000
00010000
00000000
,
10000000
01000000
00100000
01000000
10000000
00010000
01000000
00000000
,
00010000
00100000
00001000
00010000
00000010
00001000
00000001
00000000
,
00000010
00000100
00001000
00000000
00001100
00000000
00001001
00000000
,
00000001
00001000
00000100
00010000
00001000
01000000
00010000
00000000
,
10000000
00100000
01000000
00010000
00100000
00001000
00010000
00000000
,
00001000
00100000
00010000
01000000
00100000
00010000
00100000
00000000
,
01000000
00010000
00100000
00001000
00010000
00000010
00001000
00000100
,
00000010
00000001
00000200
00000000
00000310
00001000
00000100
00001000
,
00000001
00000100
00000002
00000000
00001003
00000100
00000010
00000100
,
00010000
00001000
00010000
00000000
00000100
00001000
00000010
00010000
,
00001000
00000000
01000000
00000000
00010000
00000000
00000000
00000000
00100000
00000000
00010000
00100000
00010000
00000000
00110000
00000000
,
00100000
01000000
20000000
00000000
30100000
01000000
00010000
00100000
,
00001000
00010000
00000020
00000000
00000130
00000001
00001000
00000100
,
00001000
00000010
00002000
00000000
00003100
00010000
00001000
00010000
,
00001000
00000000
01000000
00000000
00002000
00000000
00000000
00000000
00013000
00000000
00001000
00010000
00001000
00000000
00011000
00000000
,
00001000
01000000
00020000
00000000
00130000
00010000
01000000
10000000
,
01000000
00010000
00200000
00000000
00301000
00010000
00000010
00001000
,
00000001
00000010
00000100
00000000
00001000
00000010
00010000
00000100
,
00010000
00001000
01000000
01000000
00100000
00100000
10000000
10000000
,
01000000
00100000
00020000
00000000
01030000
00010000
00100000
00001000
,
00100000
00010000
02000000
00000000
03001000
00010000
00000100
00010000
,
00001000
01000000
00002000
00000000
00013000
00000010
00010000
00001000
,
00100000
00000000
00001000
00000000
00020000
00000000
00000000
00000000
00030100
00000000
00001000
00000100
00001000
00000000
00001001
00000000
,
00002002
00000000
00003003
00000000
00000010
00000001
00000100
00000000
,
00000101
00001001
00002000
00003001
,
00001001
00000000
00001100
00000000
00000100
00010000
00001000
01000000
,
00020000
10030000
10010000
00110000
,
00011000
00000000
00110000
00000000
00100000
00010000
01000000
00100000
,
20000000
31000000
11000000
10010000
,
11000000
00000000
10000000
00000000
00010000
01000000
00001000
00010000
,
00000100
00010000
00001100
00001010
,
00001100
00000000
00010000
00000000
00001000
00100000
00010000
00100000
,
00002000
00013000
00011000
00010100
,
00011000
00000000
00100000
00000000
00010000
00100000
01000000
10000000
,
00200000
00000000
01300000
00010000
00100000
00001000
00010000
00000100
,
00001000
00000010
00001000
00000100
00010000
00001000
01000000
00010000
,
10000000
01000000
10000000
00010000
01000000
00100000
10000000
00010000
,
00100000
00001000
00010000
00000100
00010000
00001000
01000000
00001000
,
00010000
00000100
00001000
00000010
00000100
00000001
00000010
00001000
,
00000020
00000000
00000001
00000000
00000031
00000100
00000001
00000100
00000020
00000000
00001000
00000000
00001030
00000100
00001000
00000100
,
00020000
00000000
00001000
00000000
00031000
00100000
00001000
00100000
00020000
00000000
01000000
00000000
00130000
00000000
10010000
00000000
,
20000000
00000000
00100000
00000000
30010000
10000000
00010000
10000000
00020000
00000000
00100000
00000000
01030000
00010000
01000000
00010000
,
00200000
00000000
00001000
00000000
00301000
00010000
00001000
00010000
00000200
00000000
00001000
00000000
00000010
00000000
00001300
00000000
,
00000001
00000100
00000002
00000000
00000000
00000000
00000003
00000000
00000000
00000000
00000000
00000000
00000000
00000000
00000000
00000000
;

//---------------dance-double - ----------------
#NOTES:
     dance-double:
     :
     Medium:
     6:
     0.350,0.468,0.223,0.241,0.000,214.000,24.000,26.000,0.000,0.000:
00000000
00000000
00000000
00000000
,
00000000
00000000
00000000
00000000
,
00000000
00000000
00000000
00000000
,
00000000
00000000
00000000
00000000
,
00001000
00000000
00010000
00001000
01000000
00000000
01010000
00000000
,
01000000
00000000
00100000
10000000
01000000
00000000
11000000
00000000
,
10000000
00000000
00010000
00100000
00001000
00000000
00011000
00000000
,
00010000
00000000
00000010
00001000
00000100
00000000
00000011
00000000
,
00000001
00000000
00000100
00000010
00001000
00000100
00001000
00000000
,
00000100
00000000
00010000
00001000
01000000
00010000
01000000
00000000
,
00100000
00000000
10000000
01000000
10000000
00010000
01000000
00000000
,
00001000
00000000
00010000
00010000
00000100
00000100
00001000
00001000
,
00000020
00000100
00000130
00000110
,
00000002
00001000
00001003
00001100
,
00000200
00010000
00010300
00011000
,
01001000
00000000
01010000
00000000
00010000
10000000
01000000
00000000
,
20000000
00100000
30100000
10100000
,
00020000
00100000
00130000
00101000
,
00002000
00010000
00013000
00011000
,
00010100
00000000
00001100
00000000
00000100
00001000
00000010
00000100
,
00000002
00000010
00000013
00001001
,
00002000
00000100
00003100
00010100
,
00020000
00001000
00031000
00011000
,
00101000
00000000
00110000
00000000
00100000
00010000
01000000
00100000
,
10000000
01000000
20000000
00000000
00000000
00000000
00000000
30100000
,
00000000
01000000
00020000
00000000
00100000
00030000
00100000
00001000
,
00000000
00010000
00002000
00000000
01000000
00000000
01003000
00020000
,
00000000
00130000
00110000
00000000
00100000
01000000
10000000
00010000
,
00200000
00000000
00000000
00000000
00301000
00010000
00000000
00000100
,
00000000
00000000
00010000
00001000
,
01000000
00000000
00000000
00000000
00001000
00010000
00000000
00000010
,
00000000
00000000
00001000
00000001
,
00000011
00000000
00000000
00000000
00000010
00000001
00000000
00000100
,
00000000
00000000
00000010
00010000
,
00001000
00000000
00000000
00000000
01000000
00010000
00000000
10000000
,
00000000
00000000
11000000
00000000
10000000
00100000
01000000
00010000
,
00200000
00000000
00001000
00000000
00301000
00010000
00000100
00000000
,
00001100
00001000
00000010
00000010
,
00000100
00000000
00000100
00000000
00000001
00001000
00000000
00000100
,
00000000
00000000
00010000
00010000
00001000
00100000
00001000
00100000
,
00010000
01000000
00020000
00000000
10000000
00000000
10030000
00000000
,
01000000
10000000
00020000
00000000
00100000
00000000
00130000
00000000
,
00001000
00010000
00000020
00000000
00001000
00000000
00001030
00000000
,
00000100
00010000
00002000
00000000
01000000
00000000
01003000
00000000
,
01001000
00000000
01000000
00100000
20000000
00000000
31000000
00100000
,
00002000
00000000
00013000
00000100
00002000
00000000
00003010
00000100
,
00000001
00000002
00000100
00001003
00001000
00002000
00000100
00003010
,
00010000
00020000
00000100
00031000
00001000
00200000
00010000
00001000
,
00310000
00000000
00000000
00000000
;
