#TITLE:IMPLANTATION;
#SUBTITLE:;
#ARTIST:TOMOSUKE;
#TITLETRANSLIT:;
#SUBTITLETRANSLIT:;
#ARTISTTRANSLIT:;
#CREDIT:;
#BANNER:IMPLANTATION-bn.png;
#BACKGROUND:IMPLANTATION-bg.png;
#LYRICSPATH:;
#CDTITLE:ddrencore.png;
#MUSIC:Implantation.mp3;
#OFFSET:-0.044;
#SAMPLESTART:49.700;
#SAMPLELENGTH:15.000;
#SELECTABLE:YES;
#BPMS:0.000=145.000,100.000=144.980,101.000=144.960;
#STOPS:;
#BGCHANGES:;
// cache tags:
#FIRSTBEAT:8.000;
#LASTBEAT:216.000;
#SONGFILENAME:Songs/Encore/Implantation/implantation.sm;
#HASMUSIC:1;
#HASBANNER:1;
#MUSICLENGTH:89.756;
// end cache tags

//---------------dance-single - ----------------
#NOTES:
     dance-single:
     :
     Beginner:
     1:
     0.156,0.211,0.078,0.022,0.000,89.000,7.000,2.000,0.000,0.000:
0000
0000
0000
0000
,
0000
0000
0000
0000
,
1000
0000
1000
0000
,
1000
0000
1000
0000
,
0010
0000
0000
0000
,
0100
0000
0000
0000
,
0001
0000
1000
0000
,
0001
0000
1000
0000
,
0001
0000
1000
0000
,
0001
0000
1000
0000
,
0010
0000
0010
0000
,
0010
0000
0010
0000
,
1000
0000
0000
0000
,
0001
0000
0000
0000
,
0100
0000
1000
0000
,
0010
0000
0010
0000
,
0100
0000
0001
0000
,
0010
0000
0010
0000
,
0010
0000
1000
0000
,
0100
0000
0100
0000
,
0010
0000
0001
0000
,
0100
0000
0100
0000
,
1000
0000
0000
0000
,
0010
0000
0000
0000
,
0001
0000
0000
0000
,
0100
0000
0000
0000
,
2002
0000
0000
0000
,
0000
0000
3003
0000
,
0010
0000
0000
0000
,
0100
0100
0100
0100
,
0100
0000
0010
0000
,
0010
0000
0010
0000
,
1000
0000
1000
0000
,
0001
0000
0001
0000
,
0100
0000
0100
0000
,
0010
0000
0010
0000
,
0100
0000
0100
0000
,
0001
0000
0001
0000
,
1001
0000
0000
0000
,
0000
0000
0000
0000
,
0110
0000
0000
0000
,
0000
0000
0000
0000
,
1001
0000
1000
0000
,
0001
0000
1000
0000
,
1001
0000
0001
0000
,
1000
0000
0001
0000
,
1001
0000
1000
0000
,
1000
0000
1000
0000
,
0001
0000
0001
0000
,
0001
0000
0001
0000
,
0010
0000
0010
0000
,
0010
0000
0010
0000
,
0100
0000
0100
0000
,
0100
0000
0100
0000
,
1001
0000
0000
0000
;

//---------------dance-single - ----------------
#NOTES:
     dance-single:
     :
     Hard:
     9:
     0.656,0.630,0.212,0.223,0.396,373.000,19.000,20.000,0.000,0.000:
0000
0000
0000
0000
,
0000
0000
0000
0000
,
0200
0000
0320
0000
2030
0000
0000
3001
,
0200
0000
0000
0310
0002
0000
0000
0000
,
0013
1000
0100
1100
,
0001
0000
0101
0000
0010
1000
0110
0000
,
0001
0100
0000
0010
1000
0000
0100
0010
0000
0001
0100
0000
0010
0000
1000
0000
,
0100
0010
0000
0001
1000
0000
0010
0100
0000
0001
1000
0000
0100
0000
0010
0000
,
0001
0100
0000
0010
1000
0000
0001
0100
0000
0010
1000
0000
0100
0000
0010
0000
,
0100
1000
0000
0001
0100
0000
0010
1000
0000
0001
0010
0000
0100
0000
1000
0000
,
0002
0000
0203
0000
0320
0000
0000
1030
,
0200
0000
0000
1300
0020
0000
0000
0000
,
0031
0010
0100
0110
,
0001
1001
0100
1100
,
1000
0000
0010
0000
0100
0000
0001
0100
0000
0010
0000
1000
0100
0000
1000
0000
,
0010
0000
0001
0000
0010
0000
1000
0100
0000
1000
0000
0001
0100
0010
0100
0000
,
0001
0000
0100
0000
0010
0000
1000
0100
0000
0010
0000
0001
0010
0000
0100
0000
,
0010
0000
0001
0000
0100
0000
0010
1000
0000
0100
0000
1000
0010
0100
0010
0000
,
1000
0000
0001
0000
1000
0000
0100
0010
0000
0001
0000
1000
0010
0000
0100
0000
,
0001
0000
1000
0000
0010
0000
0100
0001
0000
0100
0000
0010
1000
0100
1000
0000
,
0001
0000
0100
0000
0001
0000
1000
0100
0000
0010
0000
0001
1000
0000
0010
0000
,
0100
0000
0010
0000
1000
0000
0001
0100
0000
0010
0000
0100
0001
1000
0001
0000
,
2000
0000
3200
0000
0302
0000
0000
1003
,
0020
0000
0000
0031
0200
0000
0000
0000
,
0310
1000
0010
0000
0100
0001
0100
0000
,
0001
0100
1000
0100
0001
0100
1000
0000
,
0200
0000
0302
0000
0023
0000
0000
0130
,
2000
0000
0000
3001
0002
0000
0000
0003
,
1000
0100
1000
0000
0010
0100
0010
0000
,
1001
0000
0000
0000
0101
0000
0000
0000
1010
0000
0000
0100
0001
0000
1000
0000
,
0010
0100
0001
1000
0100
0010
0001
1000
,
0010
0001
1000
0100
0001
1000
0001
0100
,
0010
1000
0100
0010
0001
0100
0010
1000
,
0001
0100
1000
0001
0010
1000
0001
0000
,
0100
0010
1000
0100
1000
0001
0100
0001
,
0010
0100
1000
0001
0100
0010
1000
0001
,
1000
0010
0100
0001
1000
0100
1000
0010
,
0001
1000
0100
0001
1000
0100
1000
0000
,
0001
0010
0001
0000
0010
0100
0000
0000
0000
0100
1000
0000
0100
1000
0100
0000
,
1000
0010
1000
0000
0010
0100
0000
0000
0000
0100
0001
0000
0100
0001
0100
0000
,
0001
1000
0001
0000
1000
0010
0000
0000
0000
0010
0100
0000
0010
0100
0010
0000
,
0100
0001
0100
0000
0001
0010
0000
0000
0000
0010
0100
0000
0010
0100
0010
0000
,
0000
0000
0000
0001
0000
0000
1001
0000
0000
0000
0000
1000
0000
0000
1010
0000
,
0000
0000
0000
0010
0000
0000
0110
0000
0000
0000
0000
0100
0000
0000
0101
0000
,
0001
0000
0000
0010
0000
0000
0110
0000
0000
0000
0000
0100
0000
0000
1100
0000
,
0101
0000
0000
0000
1100
0000
0000
0000
0101
0000
0000
1000
0010
0100
0001
0100
,
0001
1000
0100
1000
0010
0100
0001
0100
,
1000
0100
0001
1000
0001
1000
0010
0100
,
0010
1000
0100
0001
0100
1000
0010
0100
,
0001
0000
1000
0000
0100
0000
0010
0000
0001
0000
0000
0010
1000
0000
0010
0000
,
0001
0100
0010
0100
0001
1000
0100
0001
,
0100
1000
0010
0100
0001
1000
0010
0100
,
0001
1000
0100
1000
0001
0100
0001
1000
,
0100
1000
0010
0100
0001
0100
0010
0110
;

//---------------dance-single - ----------------
#NOTES:
     dance-single:
     :
     Easy:
     4:
     0.350,0.359,0.223,0.290,0.000,174.000,20.000,26.000,0.000,0.000:
0000
0000
0000
0000
,
0000
0000
0000
0000
,
1000
0010
0200
0000
,
0302
0000
2000
0000
,
3003
0000
0000
0000
,
0100
0100
0100
0100
,
0010
1000
0100
2000
,
0000
3001
0100
0010
,
1000
0100
0010
0002
,
0000
1003
0010
0100
,
0001
1020
0000
0230
,
0000
0002
0000
0303
,
0010
1001
0100
1000
,
0001
1001
0010
0100
,
0110
1000
0001
0100
,
0110
0001
1000
0010
,
1001
0100
1000
0001
,
1001
0100
0001
1000
,
0101
1000
0010
0100
,
0101
0010
1000
0100
,
1010
0100
0001
1000
,
1010
0001
1000
0010
,
0100
0001
2000
0000
,
3020
0000
0200
0330
,
1001
0000
0000
0000
,
0010
0010
0010
0010
,
1000
0001
0200
0000
,
0320
0000
2000
3030
,
1001
0000
0000
0000
,
1000
0001
1000
0001
,
1000
0010
0100
0001
,
0010
0100
1000
0001
,
1000
0100
0010
0001
,
1000
0100
0010
0001
,
0100
0010
1000
0001
,
1000
0010
0100
0001
,
1000
0100
0010
0001
,
1000
0001
1000
0010
,
2001
0000
0010
3000
,
0210
0000
0001
0300
,
1002
0000
0100
0003
,
0120
0000
1000
0030
,
1000
0100
0001
0100
,
1000
0001
1000
0001
,
1000
0010
0001
0010
,
1001
1001
0110
0000
,
0200
0301
1000
0100
,
0020
0031
0100
0010
,
2000
3010
0100
0001
,
0200
0310
1000
0001
,
2000
3100
0010
0001
,
2000
3010
0100
0001
,
0200
0310
1000
0001
,
2000
3100
0010
0001
;

//---------------dance-single - ----------------
#NOTES:
     dance-single:
     :
     Medium:
     7:
     0.484,0.510,0.045,0.245,0.000,278.000,4.000,22.000,0.000,0.000:
0000
0000
0000
0000
,
0000
0000
0000
0000
,
1000
0000
0001
0000
0200
0000
0000
0310
,
2000
0000
0000
3100
0020
0000
0000
0000
,
0031
0100
1000
0010
,
0001
0010
1000
0100
,
0020
0000
1030
0000
0100
0010
0100
0000
,
0010
0001
0010
0000
0001
1000
0001
0000
,
0200
0000
0310
0000
1000
0001
1000
0000
,
0001
0100
0001
0000
0100
0010
0100
0000
,
0001
0000
0010
0000
0200
0000
0000
1300
,
0020
0000
0000
0130
0002
0000
0000
0000
,
1003
0000
0010
0100
0000
0001
0000
0100
,
0000
0010
0000
1000
0000
0100
1000
0000
,
0010
0100
0010
1000
0000
0001
0100
0001
,
0000
1000
0100
1000
0000
0010
0100
0001
,
1000
0000
0010
0100
0001
1000
0000
0100
,
0010
0001
0000
1000
0100
0010
0100
1000
,
0001
0000
0100
0010
0100
0001
0000
1000
,
0010
0100
0000
0001
1000
0100
0010
0001
,
1000
0000
0010
0100
0010
1000
0000
0001
,
0100
0010
0000
1000
0100
0010
0001
1000
,
0001
0000
0010
0000
0200
0000
0000
1300
,
0020
0000
0000
0130
0002
0000
0000
0000
,
0103
0010
0000
1000
0000
0100
0000
0001
,
0000
0100
0000
1000
0000
0001
0000
0010
,
0001
0000
1000
0000
0020
0000
0000
0130
,
0002
0000
0000
0013
0200
0000
0000
0000
,
0301
0010
0000
0100
0000
1000
0000
0010
,
0000
0100
0000
0010
0000
1000
0000
0001
,
1000
0100
1000
0000
0001
0100
0001
0000
,
1000
0010
1000
0000
0001
0010
0001
0000
,
1000
0100
0010
0001
0010
0100
1000
0000
,
0001
0100
0010
1000
0010
0100
0001
0000
,
1000
0001
1000
0000
0001
0100
0001
0000
,
0100
0010
0100
0000
0010
1000
0010
0000
,
1000
0010
0100
0001
0100
0010
1000
0000
,
0001
0100
0010
1000
0010
0100
0001
0000
,
2000
0000
3020
0000
,
0230
0000
0302
0000
,
0023
0000
0230
0000
,
2300
0000
3002
0000
,
1003
0010
0000
0100
0000
0101
0000
1000
,
0000
0010
0000
0100
0000
1100
0000
0001
,
0000
0100
0000
0001
0000
1010
0000
0100
,
0001
1000
0001
1000
1001
0000
0000
0000
,
1000
0100
1000
0100
1000
0001
1000
0001
,
0010
0001
0010
0001
0010
0100
0010
0100
,
1000
0100
1000
0100
1000
0010
1000
0010
,
0100
0010
0100
0010
0100
0001
0100
0000
,
0010
1000
0010
1000
0001
1000
0001
0100
,
0001
0100
0001
0100
0010
0100
0010
1000
,
0010
1000
0100
1000
0100
1000
0001
0100
,
0001
0100
0010
1000
0010
1000
0001
0100
;

//---------------dance-double - ----------------
#NOTES:
     dance-double:
     :
     Easy:
     4:
     0.255,0.269,0.000,0.089,0.000,152.000,0.000,8.000,0.000,0.000:
00000000
00000000
00000000
00000000
,
00000000
00000000
00000000
00000000
,
00001000
00010000
00001000
00000000
,
00100000
00010000
01000000
00000000
,
00100000
00000000
00000000
00000000
,
01000000
00000000
00000000
00000000
,
00010000
00100000
00001000
00010000
,
01000000
00100000
00010000
01000000
,
00100000
10000000
00010000
01000000
,
00001000
00000100
00000010
00001000
,
00000001
00000010
00000001
00001000
,
00000010
00010000
01000000
00100000
,
00010000
01000000
00100000
10000000
,
00010000
01000000
00001000
00000100
,
00000010
00001000
00000000
00000001
,
00000010
00000100
00001000
00000001
,
00000100
00000010
00000000
00001000
,
00000100
00010000
00001000
00100000
,
00001000
00010000
00000000
00000100
,
00000010
00000001
00000100
00000010
,
00001000
00000100
00000000
00010000
,
00001000
00100000
00010000
01000000
,
00200000
00000000
00000000
00000000
,
00000000
00000000
00000000
00000000
,
20300000
00000000
00000000
00000000
,
00000000
00000000
00000000
00000000
,
30020000
00000000
00000000
00000000
,
00000000
00000000
00000000
00000000
,
00230000
00000000
00000000
00000000
,
00301000
00010000
00000100
00000000
,
00000010
00000010
00000001
00000001
,
00000100
00000010
00001000
00000100
,
00010000
00000010
00001000
00000100
,
00010000
00001000
01000000
00100000
,
10000000
10000000
00010000
00010000
,
00100000
00001000
01000000
00010000
,
00100000
01000000
10000000
00010000
,
01000000
00001000
00010000
00000100
,
00002000
00000000
00000000
00000000
,
00003200
00000000
00000000
00000000
,
00020300
00000000
00000000
00000000
,
00032000
00000000
00000000
00000000
,
00103000
00000000
00010000
00000000
,
00100000
00000000
00001000
00000000
,
00010000
00000000
00000100
00000000
,
00000100
00000010
00000001
00000000
,
00000100
00000010
00001000
00000001
,
00000010
00000100
00001000
00000001
,
00001000
00000010
00000100
00000010
,
00001000
00000100
00010000
00001000
,
00100000
00010000
01000000
00100000
,
01000000
00010000
10000000
01000000
,
00100000
00010000
10000000
00100000
,
01000000
00001000
00010000
00000100
;

//---------------dance-double - ----------------
#NOTES:
     dance-double:
     :
     Medium:
     6:
     0.371,0.360,0.100,0.145,0.033,211.000,9.000,13.000,0.000,0.000:
00000000
00000000
00000000
00000000
,
00000000
00000000
00000000
00000000
,
00001000
00000000
00010000
00000000
00000200
00000000
00000000
00001000
,
00001000
00000000
00000000
00010000
00010000
00000000
00000300
00000000
,
00010000
00000000
00000010
00000000
,
00000100
00000000
00000001
00000000
,
00001000
00000010
00001000
00000000
00000001
00000000
00000010
00000000
,
00000001
00001000
00000100
00000000
00010000
00000000
00011000
00000000
,
00001000
00010000
00000100
00000000
00001000
00000000
00000010
00000000
,
00000100
00000001
00000010
00000000
00000100
00000000
00001001
00000000
,
00000010
00000000
00000001
00000000
00000200
00000000
00000000
00000010
,
00000010
00000000
00000000
00000001
00000001
00000000
00000300
00000000
,
00000010
00001000
00000100
00010000
,
00001000
00100000
00010000
01000000
,
00100000
10000000
00100000
00000000
10000000
00000000
01000000
00000000
,
00100000
00010000
00100000
00000000
00010000
00000000
01010000
00000000
,
01000000
00001000
01000000
00000000
00001000
00000000
00010000
00000000
,
00000100
00000010
00000100
00000000
00000010
00000000
00000011
00000000
,
00000001
00001000
00000100
00000000
00000010
00000000
00000001
00000000
,
00000100
00000010
00001000
00000000
00000100
00000000
00010100
00000000
,
00010000
00001000
00100000
00000000
00001000
00000000
00010000
00000000
,
00000100
00000010
00000001
00000000
00000100
00000000
00000101
00000000
,
00000002
00000000
00001000
00000000
,
00000203
00000000
00001000
00000000
,
00000320
00000000
00010000
00000000
,
00002030
00000000
00000000
00000000
00000001
00000000
00000000
00000100
,
00003200
00000000
00001000
00000000
,
00020300
00000000
01000000
00000000
,
00032000
00000000
01000000
00000000
,
00013000
00000100
00010000
00000100
,
00010000
00001000
00010000
00000000
00000100
00000000
00000010
00000000
,
00000001
00001000
00000001
00000000
00000100
00000000
00000010
00000000
,
00001000
00000100
00010000
00000000
00001000
00000000
00100000
00000000
,
00010000
01000000
00010000
00000000
10000000
00000000
01010000
00000000
,
10000000
00010000
10000000
00000000
00100000
00000000
01000000
00000000
,
00010000
00100000
00001000
00000000
00010000
00000000
00001000
00000000
,
00100000
00010000
01000000
00000000
00001000
00000000
00010000
00000000
,
00000100
00000010
00000001
00000000
00000100
00000000
00000010
00000000
,
00000200
00000010
00000000
00000310
,
00000020
00001000
00000000
00000130
,
00000002
00001000
00000000
00000013
,
00000200
00001000
00000000
00010300
,
00001000
00000000
00000000
00010000
00000000
00000000
00001000
00000000
00000000
00000000
00000000
01000000
00000000
00000000
00100000
00000000
,
00000000
00000000
00000000
10000000
00000000
00000000
00010000
00000000
00000000
00000000
00000000
00100000
00000000
00000000
01000000
00000000
,
10000000
00000000
00000000
00010000
00000000
00000000
01000000
00000000
00000000
00000000
00000000
00001000
00000000
00000000
00010000
00000000
,
00001000
00010000
00011000
00000000
,
00001000
00000000
00100000
00000000
00010000
01000000
00010000
10000000
,
01000000
00100000
00010000
01000000
,
00001000
00010000
00000100
00001000
,
00000010
00000100
00000001
00001100
,
00000010
00000000
00000001
00000000
00001000
00000100
00001000
00000010
,
00000100
00000001
00001000
00000100
,
00010000
00001000
01000000
00100000
,
10000000
00000000
00010000
00000000
00100000
00000000
00001000
00010000
;

//---------------dance-double - ----------------
#NOTES:
     dance-double:
     :
     Hard:
     9:
     0.657,0.720,0.267,0.111,0.457,379.000,24.000,10.000,0.000,0.000:
00000000
00000000
00000000
00000000
,
00000000
00000000
00000000
00000000
,
00100000
00000000
01000000
00000000
00020000
00000000
00000000
00130000
,
00002000
00000000
00000000
00013000
02000000
00000000
00000000
00000000
,
03100000
00000000
00000000
00010000
00000000
10000000
00100000
00000000
01000000
00000000
00000000
00100000
00000000
01000000
00010000
00000000
,
00100000
00000000
00000000
00010000
00000000
01000000
00001000
00000000
00010000
00000000
00000000
00000100
00000000
00001000
00000010
00000000
,
00000100
00000000
00001001
00000000
00000010
00000100
00010100
00000000
,
00001000
00000010
00000000
00000000
00000101
00000000
00000000
00000000
00000000
00001000
00000000
00000000
00000110
00000000
00000000
00000000
,
00000001
00000000
00001100
00000000
00000100
00010000
00011000
00000000
,
00001000
00100000
00000000
00000000
10010000
00000000
00000000
00000000
00000000
00100000
00000000
00000000
01010000
00000000
00000000
00000000
,
00100000
00000000
10000000
00000000
00020000
00000000
00000000
00130000
,
02000000
00000000
00000000
03100000
00002000
00000000
00000000
00000000
,
00013000
00000000
00001100
00000000
00001000
00000010
00000110
00000000
,
00000010
00001000
00000000
00000000
00010100
00000000
00000000
00000000
00000000
00010000
00000000
00000000
00101000
00000000
00000000
00000000
,
00010000
00000000
01000000
00000000
00100000
00000000
00000000
10000000
00000000
00010000
00000000
10000000
00100000
00000000
01000000
00000000
,
00010000
00000000
00100000
00000000
00001000
00000000
00000000
00010000
00000000
00000100
00000000
00010000
00001000
00000000
00011000
00000000
,
00010000
00000000
00000100
00000000
00001000
00000000
00000000
00000010
00000000
00000100
00000000
00000010
00001000
00000000
00000001
00000000
,
00000010
00000000
00000100
00000000
00001000
00000000
00000000
00000001
00000000
00001000
00000000
00000001
00000100
00000000
00000010
00000000
,
00000100
00000000
00000001
00000000
00001000
00000000
00000000
00000100
00000000
00000010
00000000
00000001
00001000
00000000
00000010
00000000
,
00010000
00000000
00001000
00000000
01000000
00000000
00000000
00010000
00000000
00100000
00000000
01000000
00100000
00000000
10010000
00000000
,
00010000
00000000
01000000
00000000
00001000
00000000
00000000
00010000
00000000
00001000
00000000
00100000
00010000
00000000
01000000
00000000
,
00001000
00000000
00010000
00000000
00000100
00000000
00000000
00000010
00000000
00000100
00000000
00001000
00000010
00000000
00000100
00000000
,
00000001
00000000
00000010
00000000
00000001
00000000
00001000
00000100
00000000
00001000
00000010
00000000
00000100
00000000
00000010
00000000
,
00001000
00000100
00001000
00000000
00000010
00000000
00001000
00000100
00000000
00010000
00001000
00000000
00100000
00000000
00010000
00000000
,
01000000
00000000
00100000
00000000
01000000
00000000
00010000
10000000
00000000
01000000
10000000
00000000
00100000
00000000
01000000
00000000
,
00010000
00100000
00010000
00000000
01000000
00000000
00100000
01000000
00000000
00010000
00100000
00000000
00001000
00000000
00010000
00000000
,
00010000
00000000
00001000
00000000
00100000
00000000
00010000
01000000
00000000
00100000
10000000
00000000
00010000
00000000
00100000
00000000
,
00010000
01000000
00010000
00000000
00100000
00000000
01000000
10000000
00000000
00010000
01000000
00000000
00001000
00000000
00010000
00000000
,
00001000
00000000
00000100
00000000
00000010
00000000
00001000
00000001
00000000
00000100
00000001
00000000
00001000
00000000
00000010
00000000
,
00000110
00001010
00001100
00010100
,
00010000
00000100
00001000
00000010
00000001
00001000
00000100
00000010
,
00001000
00000100
00010000
00001000
01000000
00100000
10000000
00010000
,
00100000
00001000
01000000
00010000
00100000
01000000
00010000
10000000
,
00010000
01000000
00100000
00010000
01000000
00001000
00010000
00000100
,
00001000
00000010
00001000
00000001
00000100
00000010
00001000
00000100
,
00000010
00000001
00001000
00000010
00010000
00000100
00001000
00000010
,
00000001
00001000
00000100
00000010
00010000
00001000
00000100
00000010
,
00010000
00001000
00100000
00010000
01000000
00100000
10000000
01000000
,
00100000
00000000
00010000
00000000
01000000
00000000
00000000
00000000
00000000
00010000
00100000
00010000
00100000
00010000
00100000
00000000
,
00000000
00001000
00000000
00010000
00000000
00000100
00000000
00000000
00000000
00001000
00000010
00001000
00000010
00001000
00000010
00000000
,
00001000
00000001
00001000
00000001
00001000
00000001
00000000
00000000
00000000
00000010
00000100
00000010
00000100
00000010
00000100
00000000
,
00000000
00001000
00000100
00001000
00000100
00001000
00000000
00000000
00000000
00000100
00010000
00000100
00010000
00000100
00010000
00000000
,
00001000
00000000
00000000
00100000
00000000
00000000
00020000
00000000
00000000
00000000
00000000
01000000
00030000
00000000
00200000
00000000
,
00000000
00000000
00000000
10000000
00300000
00000000
00020000
00000000
00000000
00000000
00000000
01000000
00030000
00000000
00001000
00000000
,
00011000
00000000
00000000
00000100
00000000
00000000
00002000
00000000
00000000
00000000
00000000
00000010
00003000
00000000
00000100
00000000
,
00000101
00001001
00001100
00000000
,
00000010
00000001
00000100
00000010
00001000
00000100
00001000
00000100
,
00010000
00001000
01000000
00100000
10000000
00010000
10000000
00010000
,
00100000
00010000
01000000
00001000
00010000
01000000
00010000
01000000
,
10000000
00100000
01000000
00010000
00100000
00001000
00011000
00000000
,
00010000
00000100
00000010
00000001
00001000
00000010
00001000
00000010
,
00000100
00000001
00001000
00000010
00010000
00001000
00010000
00001000
,
00100000
00010000
01000000
00100000
00010000
00001000
00010000
00001000
,
00000100
00000010
00001000
00000100
00010000
00001000
00100000
11000000
;
