#TITLE:QQQ;
#SUBTITLE:;
#ARTIST:TaQ;
#TITLETRANSLIT:;
#SUBTITLETRANSLIT:;
#ARTISTTRANSLIT:;
#CREDIT:;
#BANNER:QQQ.png;
#BACKGROUND:QQQ-bg.png;
#LYRICSPATH:;
#CDTITLE:dmashuras2.png;
#MUSIC:QQQ.mp3;
#OFFSET:-0.965;
#SAMPLESTART:62.654;
#SAMPLELENGTH:12.000;
#SELECTABLE:NO;
#BPMS:0.000=155.000;
#STOPS:145.750=0.575
,148.250=0.575
,150.750=0.580
,151.000=1.370
;
#BGCHANGES:;
// cache tags:
#FIRSTBEAT:14.500;
#LASTBEAT:275.500;
#SONGFILENAME:Songs/DDI/QQQ/QQQ.sm;
#HASMUSIC:1;
#HASBANNER:1;
#MUSICLENGTH:112.881;
// end cache tags

//---------------dance-single - ----------------
#NOTES:
     dance-single:
     :
     Hard:
     9:
     0.687,0.641,0.257,0.142,0.106,498.000,29.000,16.000,0.000,0.000:
0000
0000
0000
0000
,
0000
0000
0000
0000
,
0000
0000
0000
0000
,
0000
0000
0000
0000
0000
0200
0310
0010
,
0001
0001
1000
0001
0000
1000
0010
0010
,
0100
0100
0001
0100
0000
0200
0310
0010
,
1000
1000
0001
1000
0000
0001
0010
0010
,
0100
0100
1000
0100
0000
0002
0013
0010
,
0001
0001
1000
0100
0000
0100
1000
1000
,
0001
0001
0010
0001
0000
0020
1030
1000
,
0010
0010
0100
0001
0000
0001
0100
0100
,
0010
0010
1000
0010
0000
2000
3100
0100
,
1000
1000
0001
0010
0000
0010
0001
0001
,
1000
1000
0100
1000
0000
0200
0301
0001
,
0100
0100
0010
1000
0000
1000
0010
0010
,
0100
0100
0001
0100
0000
0200
0301
0001
,
0010
0100
1001
0100
0000
0010
0100
0001
,
0010
0100
1001
0100
0000
0200
1300
1000
,
0010
0100
1001
0100
0000
0010
0100
1000
,
0010
0100
1001
0100
0000
2000
3100
0100
,
0010
0001
0110
1000
0000
1000
0100
0010
,
0001
1000
0110
0001
0000
0002
0103
0100
,
0010
1000
0110
0001
0000
0001
0100
0010
,
1000
0011
0000
1010
0000
0100
1001
0000
,
0100
0001
1010
0001
1000
1000
0100
0100
,
0010
0001
1100
0001
1000
2000
3010
0010
,
1000
0010
0101
0010
0100
0100
0001
0001
,
1000
0100
0011
0100
0010
0020
0031
0001
,
0010
0001
1100
0001
1000
1000
0010
0010
,
0100
0001
1010
0001
1000
2000
3100
0100
,
1000
0100
0011
0100
0010
0010
0001
0001
,
0010
0101
0000
1100
0000
0110
1001
0000
,
1000
0000
0010
0000
0100
0000
0100
0001
0000
0000
0010
0000
0001
0000
0100
0000
,
0001
0000
0010
0000
0100
0000
0100
1000
0000
0000
0100
0000
0010
0000
0001
0000
,
1000
0000
0010
0000
0100
0000
0100
0001
0000
0001
0010
0000
0100
0000
1000
0000
,
0001
0000
0010
0000
0100
0000
0100
1000
0000
0000
1000
0000
0001
0000
0010
0000
,
0001
0000
0100
0000
0010
0000
0010
1000
0010
0000
1000
0000
0100
0000
0010
0000
,
0010
0001
1000
0000
0000
0000
0010
0000
0100
0000
0100
0001
0010
0000
0010
0000
,
1001
0100
0010
0100
0001
0100
0010
0100
,
1000
0100
0010
0001
0100
0010
1000
0100
,
1001
0010
0100
0010
1000
0010
0100
0010
,
0001
0010
0100
1000
0010
0100
0001
0010
,
1100
0001
0010
0001
1000
0001
0100
0001
,
0010
0100
1000
0010
0100
0001
1000
0100
,
0011
1000
0100
1000
0001
1000
0010
1000
,
0100
0010
0001
0100
0010
1000
0001
0010
,
0100
0100
1000
0100
0010
0001
0010
0100
,
0010
0010
0001
0010
0100
1000
0100
0010
,
0001
0001
0100
0010
1000
0010
0100
0001
,
1000
1000
0010
0100
0001
0100
0010
1000
,
0001
0001
0010
0010
0100
1000
0100
0010
,
0001
0001
0100
0100
0010
1000
0001
0100
,
0010
0010
1000
1000
0100
0010
0001
0010
,
0100
0100
1000
1000
0100
0010
0001
1000
,
0010
0010
0100
0100
0001
0001
1000
0100
,
0010
0010
0100
0100
1000
1000
0001
0010
,
0100
0100
0010
0010
0001
0001
1000
0010
,
0100
0100
0010
0010
1000
1000
0100
0010
,
0001
0001
0100
0100
0010
0010
1000
1000
,
0100
0100
0010
0010
0001
0001
0100
0100
,
0000
0001
0000
0100
0000
0001
0000
0100
0000
0010
0000
1000
0000
0010
0000
1000
,
0000
0001
0100
0001
0000
1000
0100
1000
0000
0001
0100
0001
0000
1000
0100
1000
,
0001
0000
1001
0200
0310
0010
0001
0100
,
0001
0001
1000
0001
0000
0200
0310
0010
,
1000
1000
0001
1000
0000
0001
0010
0010
,
0100
0100
1000
0100
0000
0020
0031
0100
,
1001
0100
1001
0100
1000
0100
0000
0010
,
0001
0001
0100
0100
0010
1000
0000
0100
,
0010
0010
0001
1000
0000
0001
1000
0110
;

//---------------dance-double - ----------------
#NOTES:
     dance-double:
     :
     Hard:
     9:
     0.652,0.641,0.168,0.106,0.102,484.000,19.000,12.000,0.000,0.000:
00000000
00000000
00000000
00000000
,
00000000
00000000
00000000
00000000
,
00000000
00000000
00000000
00000000
,
00000000
00000000
00000000
00000000
00000000
00000020
00000031
00000001
,
00000100
00000100
00001000
00010000
00000000
00010000
00001000
00000100
,
00000001
00000010
00001000
00010000
00000000
00200000
10300000
10000000
,
01000000
01000000
00010000
00001000
00000000
00001000
00010000
00100000
,
10000000
01000000
00010000
00001000
00000000
00002000
00003010
00000010
,
00000001
00000001
00000100
00001000
00000000
00001000
00000100
00000010
,
00000100
00000001
00000100
00001000
00000000
00020000
00130000
00100000
,
10000000
10000000
01000000
00010000
00000000
00010000
01000000
00100000
,
01000000
10000000
01000000
00010000
00000000
02000000
13000000
10000000
,
00100000
00100000
01000000
00010000
00000000
00010000
10000000
01000000
,
00010000
00001000
00000100
00000001
00000000
00000200
00000301
00000001
,
00000010
00000010
00000100
00001000
00000000
00001000
00000001
00000100
,
00001000
00010000
01000000
10000000
00000000
20000000
30100000
01000000
,
00010000
00100000
00110000
00000000
00000000
01000000
00100000
10000000
,
00010000
00100000
00110000
00000000
00000000
20000000
31000000
00010000
,
00001000
01000000
01001000
00000000
00000000
01000000
00010000
00100000
,
00001000
01000000
01001000
00000000
00000000
02000000
03001000
00010000
,
00000100
00000010
00000110
00000000
00000000
00000010
00000001
00001000
,
00000100
00000010
00000110
00000000
00000000
00000020
00000031
00000100
,
00001000
00010000
00011000
00000000
00000000
00010000
00100000
01000000
,
00001000
00010000
00000000
00010000
00000000
00010000
00011000
00000000
,
00010000
00100000
01000000
00100000
10000000
01000000
00100000
01000000
,
10000000
00010000
01000000
00010000
00100000
00001000
00010000
00001000
,
00000010
00000001
00001000
00000001
00000100
00000010
00001000
00000010
,
00000100
00001000
00010000
00001000
00100000
01000000
10000000
01000000
,
00100000
00010000
11000000
00010000
10000000
01000000
00010000
00001000
,
00000010
00000001
00001100
00000001
00000100
00001000
00010000
00100000
,
10000000
01000000
00110000
01000000
00010000
00001000
00000100
00000010
,
00001000
00000010
00000000
00000010
00000000
00000010
00001000
00000100
,
00000010
00000000
00000001
00000000
00000010
00000000
00000000
00000001
00000000
00000000
00000100
00000000
00000001
00000000
00000010
00000000
,
00000100
00000000
00001000
00000000
00000100
00000000
00000000
00001000
00000000
00000000
00000010
00000000
00000100
00000000
00001000
00000000
,
00010000
00000000
00100000
00000000
00010000
00000000
00000000
00100000
00000000
00000000
10000000
00000000
01000000
00000000
00100000
00000000
,
00010000
00000000
01000000
00000000
00010000
00000000
00000000
01000000
00000000
00000000
00100000
00000000
10000000
00000000
01000000
00000000
,
00010000
00000000
00001000
00000000
00000010
00000000
00000000
00000001
00000100
00000000
00001000
00000000
00010000
00000000
00100000
00000000
,
00000000
10000000
01000000
00000000
00000000
00000000
00100000
00000000
00010000
00000000
00000000
10000000
01000000
00000000
01000000
00000000
,
10010000
01000000
00100000
01000000
00010000
01000000
00100000
01000000
,
10000000
01000000
00010000
00001000
00000010
00000001
00000100
00000010
,
00001001
00000100
00000010
00000100
00001000
00000100
00000010
00000100
,
00000001
00000100
00001000
00010000
00100000
10000000
01000000
00100000
,
10010000
00100000
10000000
01000000
00010000
00001000
00010000
00100000
,
10000000
01000000
00010000
00001000
00000010
00000001
00000100
00000010
,
00001001
00000010
00000001
00000100
00001000
00010000
00001000
00000010
,
00000001
00000100
00001000
00010000
00100000
10000000
01000000
00100000
,
01000000
01000000
10000000
00100000
01000000
00010000
00100000
00001000
,
00010000
00010000
00000100
00001000
00000010
00000100
00000001
00000010
,
00000100
00000100
00000010
00000001
00000100
00000010
00001000
00000100
,
00010000
00010000
00001000
00100000
00010000
01000000
00100000
10000000
,
01000000
01000000
00010000
00010000
00001000
00000100
00000010
00000100
,
00001000
00001000
00010000
00010000
00100000
10000000
01000000
00010000
,
00001000
00001000
00000010
00000010
00001000
00010000
00001000
00000100
,
00000001
00000001
00000010
00000010
00000001
00000100
00000010
00001000
,
00000001
00000001
00000100
00000100
00000010
00000010
00001000
00000100
,
00010000
00010000
00001000
00001000
00100000
00100000
00010000
01000000
,
00100000
00100000
10000000
10000000
01000000
01000000
00100000
00010000
,
01000000
01000000
00001000
00001000
00010000
00010000
00000010
00001000
,
00000100
00000100
00000010
00000010
00000001
00000001
00000100
00000100
,
00001000
00001000
00010000
00010000
00100000
00100000
01000000
01000000
,
00000000
00100000
00000000
10000000
00000000
00010000
00000000
00100000
00000000
00001000
00000000
00010000
00000000
00000010
00000000
00001000
,
00000000
00000001
00000010
00000001
00000000
00001000
00000010
00001000
00000000
00000001
00000100
00000001
00000000
00001000
00000100
00001000
,
00000001
00000000
00000101
00000200
00000310
00001000
00000100
00000010
,
00000001
00000100
00001000
00000100
00000000
00000200
00001300
00010000
,
01000000
10000000
00100000
01000000
00000000
01000000
00100000
10000000
,
00010000
10000000
00100000
01000000
00000000
01000000
00010000
00100000
,
10010000
00100000
10010000
00100000
01000000
00010000
00000000
00010000
,
10000000
01000000
00010000
00001000
00000010
00000001
00000000
00000001
,
00000100
00000010
00001000
00000100
00000000
00000100
00010000
00011000
;

//---------------dance-double - ----------------
#NOTES:
     dance-double:
     :
     Medium:
     7:
     0.509,0.519,0.310,0.035,0.084,363.000,35.000,4.000,0.000,0.000:
00000000
00000000
00000000
00000000
,
00000000
00000000
00000000
00000000
,
00000000
00000000
00000000
00000000
,
00000000
00000000
00000000
00000000
00000000
00100000
00100000
00000000
,
00010000
00000000
10000000
10000000
00000000
00100000
01000000
00000000
,
00010000
00000000
10000000
10000000
00000000
01000000
01000000
00000000
,
00010000
00000000
00001000
00001000
00000000
00100000
01000000
00000000
,
00010000
00000000
00001000
00001000
00000000
00000010
00000001
00000000
,
00001000
00000000
00000010
00001000
00000000
00000100
00000010
00000000
,
00000001
00000000
00000001
00001000
00000000
00000010
00000010
00000000
,
00010000
00000000
00000100
00001000
00000000
00000010
00010000
00000000
,
00000100
00000000
00000100
00010000
00000000
00001000
00001000
00000000
,
00010000
00000000
00100000
10000000
00000000
01000000
00100000
00000000
,
00010000
00000000
00010000
10000000
00000000
01000000
00100000
00000000
,
00001000
00000000
01000000
00010000
00000000
00100000
00001000
00000000
,
00010000
00000000
00010000
01000000
00000000
01000000
10000000
00100000
,
01000000
00000000
01010000
00000000
00010000
00100000
01000000
10000000
,
00010000
00000000
01010000
00000000
00010000
01000000
00001000
00010000
,
00000100
00000000
00001100
00000000
00001000
00000100
00000010
00000001
,
00001000
00000000
00001100
00000000
00001000
00000100
00000010
00000001
,
00000100
00000000
00001010
00000000
00000010
00001000
00000001
00000100
,
00000010
00000000
00001010
00000000
00000100
00001000
00010000
00100000
,
10000000
00000000
10100000
00000000
00100000
01000000
00010000
10000000
,
01000000
00100000
00000000
00100000
00000000
00100000
00010000
00000000
,
10000000
01000000
00100000
00000000
00100000
00010000
01000000
00000000
,
01000000
00100000
10000000
00000000
10000000
01000000
00010000
00000000
,
00001000
00000100
00000001
00000000
00000001
00000010
00000100
00000000
,
00000100
00001000
00000010
00000000
00000010
00000100
00000001
00000000
,
00000001
00000010
00000100
00000000
00000010
00000100
00001000
00000000
,
00000100
00001000
00000010
00000000
00001000
00000010
00010000
00000000
,
00001000
00100000
00010000
00000000
00100000
00010000
01000000
00000000
,
00100000
10000000
00000000
10000000
00000000
10000000
00010000
00000000
,
10000000
01000000
00100000
00000000
00110000
00000000
10000000
00000000
,
01000000
00010000
00001000
00000000
00011000
00000000
00001000
00000000
,
00000010
00000001
00000100
00000000
00000010
00001000
00000100
00000000
,
00000010
00000001
00000100
00000000
00000101
00000000
00000100
00000000
,
00001000
00000000
00010000
00000000
00100000
00000000
00000000
10000000
00000000
00000000
01000000
00000000
00010000
00000000
00001000
00000000
,
00000000
00000010
00000000
00000000
00000000
00000000
00000001
00000000
00000100
00000000
00000000
00000001
00000010
00000000
00000000
00000000
,
00001002
00000100
00001000
00000103
,
00000001
00000100
00001000
00000000
00010000
01000000
10000000
00000000
,
21000000
00010000
01000000
30010000
,
10000000
01000000
00010000
00000000
00001000
00000100
00000001
00000000
,
00000201
00000010
00001000
00000310
,
00000001
00000010
00001000
00000000
00010000
00100000
10000000
00000000
,
12000000
00100000
00010000
03100000
,
10000000
00100000
00010000
00000000
00001000
00000010
00000001
00000000
,
00001000
00000100
00001000
00000000
00000001
00000100
00000001
00000000
,
00001000
00000100
00001000
00000000
00000001
00000001
00000100
00000000
,
00000010
00001000
00000010
00000000
00010000
00000100
00010000
00000000
,
00000010
00001000
00000010
00000000
00010000
00010000
00001000
00000000
,
01000000
00010000
01000000
00000000
00100000
10000000
00100000
00000000
,
01000000
00010000
01000000
00000000
00100000
00100000
10000000
00000000
,
01000000
00100000
01000000
00000000
00010000
00001000
00010000
00000000
,
01000000
00100000
01000000
00000000
00010000
00010000
00001000
00000000
,
00011000
00000000
00001010
00000000
00000010
00000010
00000100
00000000
,
00000101
00000000
00000011
00000000
00000010
00000010
00000100
00000000
,
00001100
00000000
00011000
00000000
00010000
00010000
00100000
00000000
,
10100000
00000000
11000000
00000000
01000000
01000000
00100000
00000000
,
00011000
00000000
00101000
00000000
00100000
00100000
00001000
00000000
,
00011000
00000000
00010010
00000000
00000010
00000010
00010000
00000000
,
00000000
00001000
00000000
00010000
00000000
00001000
00000000
00010000
00000000
00001000
00000000
00010000
00000000
00001000
00000000
00010000
,
00000000
00001000
00000000
00010000
00000000
00001000
00000000
00010000
00000000
00001000
00000000
00010000
00000000
00001000
00000000
00010000
,
00001000
00000000
00011000
00000000
00010000
00100000
01000000
00100000
,
10000000
00000000
11000000
00000000
10000000
01000000
00100000
01000000
,
00010000
00000000
01010000
00000000
01000000
00010000
00001000
00010000
,
00000100
00000000
00001100
00000000
00001000
00000100
00000010
00000000
,
00001001
00000000
00001001
00000000
00000100
00000000
00000001
00000100
,
00000010
00000100
00001000
00000000
00001100
00000000
00000100
00001000
,
00010000
00000000
00011000
00000000
01000000
00100000
00000000
10010000
;

//---------------dance-double - ----------------
#NOTES:
     dance-double:
     :
     Easy:
     5:
     0.366,0.427,0.257,0.035,0.000,256.000,29.000,4.000,0.000,0.000:
00000000
00000000
00000000
00000000
,
00000000
00000000
00000000
00000000
,
00000000
00000000
00000000
00000000
,
00000000
00000000
00000000
00000000
,
10000000
10000000
10000000
01000000
,
00010000
00010000
00010000
00001000
,
00000100
00000100
00000100
00000001
,
00000010
00000010
00000010
00000110
,
00000010
00000001
00000100
00000100
,
00000010
00001000
00000100
00000100
,
00000001
00000100
00001000
00001000
,
00000010
00000100
00000001
00000001
,
00000100
00001000
00010000
00010000
,
00100000
10000000
01000000
01000000
,
00100000
00010000
01000000
01000000
,
00100000
00100000
00100000
00100000
,
10000000
10010000
10000000
01000000
,
00010000
00011000
00001000
00000100
,
00000001
00001001
00000001
00000010
,
00001000
00011000
00010000
00100000
,
10000000
11000000
01000000
10000000
,
00100000
01100000
00100000
01000000
,
00010000
00110000
00010000
00100000
,
00001000
00001000
00001000
00011000
,
00001000
00000010
00000001
00000010
,
00001000
00000010
00000001
00000100
,
00001000
00000100
00000001
00000100
,
00001000
00010000
00100000
10000000
,
10000000
00100000
00010000
00100000
,
10000000
00100000
00010000
00100000
,
10000000
01000000
00010000
00001000
,
00000010
00000001
00000100
00000010
,
00001000
00001000
00001001
00000000
,
00000001
00000001
00000101
00000000
,
00000100
00001000
00010000
00001000
,
00000100
00001000
00011000
00000000
,
00010000
00000000
00100000
00000000
00000000
00100000
00000000
10000000
,
00000000
10000000
01000000
00100000
,
20010000
00010000
00010000
30010000
,
10000000
01000000
00010000
00001000
,
00021000
00001000
00001000
00031000
,
00001000
00000010
00000001
00001000
,
00001002
00001000
00001000
00001003
,
00000001
00000100
00001000
00010000
,
00012000
00010000
00010000
00013000
,
00010000
00100000
10000000
00010000
,
10000000
01000000
00100000
00010000
,
10000000
01000000
00100000
00010000
,
01000000
00100000
00010000
00001000
,
01000000
00100000
00010000
00001000
,
00010000
00001000
00000100
00000010
,
00010000
00001000
00000100
00000010
,
00001000
00000100
00000010
00000001
,
00001000
00000100
00000010
00000001
,
00001010
00000001
00000100
00000001
,
00000010
00000100
00001000
00000010
,
00001010
00000100
00010000
00000100
,
00010000
00001000
01000000
00010000
,
10100000
00010000
01000000
00010000
,
10000000
01000000
00010000
00001000
,
00000010
00000010
00000010
00000010
,
00000110
00000110
00000110
00000110
,
00001001
00000110
00000001
00000100
,
00000001
00001000
00000010
00000100
,
00000001
00000100
00001000
00010000
,
00100000
10000000
00010000
00100000
,
10010000
10010000
10000000
01000000
,
00100000
00010000
10000000
00100000
,
01010000
00000000
00010000
00000000
00100000
00000000
00000000
00011000
;

//---------------dance-single - ----------------
#NOTES:
     dance-single:
     :
     Medium:
     7:
     0.494,0.519,0.239,0.000,0.102,363.000,27.000,0.000,0.000,0.000:
0000
0000
0000
0000
,
0000
0000
0000
0000
,
0000
0000
0000
0000
,
0000
0000
0000
0000
0000
0010
0010
0000
,
0001
0000
1000
1000
0000
0010
0100
0000
,
0001
0000
1000
1000
0000
0010
0010
0000
,
1000
0000
0001
0001
0000
0010
0100
0000
,
1000
0000
0001
0001
0000
0010
0010
0000
,
0001
1000
0001
1000
0000
0100
0010
0000
,
0001
1000
0001
1000
0000
0010
0010
0000
,
1000
0001
1000
0001
0000
0010
0100
0000
,
1000
0001
1000
0001
0000
1000
1000
0000
,
0100
0010
0001
1000
0000
0001
1000
0000
,
0100
0010
0001
1000
0000
0001
0001
0000
,
0100
0010
1000
0001
0000
1000
0001
0000
,
0100
0010
1000
0001
0000
0010
0001
0000
,
1000
0000
1001
0000
0000
0100
0010
0000
,
1000
0000
1001
0000
0000
0010
1000
0000
,
0001
0000
1001
0000
0000
0100
0010
0000
,
0001
0000
1001
0000
0000
1000
0100
0000
,
0010
0000
0011
0000
0000
1000
0010
0000
,
0100
0000
0101
0000
0000
0001
0100
0000
,
0010
0000
1010
0000
0000
0001
0010
0000
,
0100
0010
0000
0010
0000
0010
0001
0000
,
1000
0010
1000
0000
0001
0010
0001
0000
,
1000
0010
1000
0010
0000
0010
0010
1000
,
0001
0100
0001
0000
1000
0100
1000
0000
,
0001
0100
0001
0100
0000
0100
0100
0010
,
1000
0100
1000
0000
0001
0010
0001
0000
,
1000
0010
0100
0001
0000
0001
0001
0010
,
0001
0100
0001
0000
1000
0010
1000
0000
,
0001
1000
0000
1000
0000
1000
0010
0000
,
0100
0000
0010
0000
1000
0000
0000
1000
0000
0000
1000
0000
0100
0000
0000
0000
,
0100
0000
0010
0000
0001
0000
0000
0001
0000
0000
0001
0000
0100
0000
0000
0000
,
0100
0000
0010
0000
1000
0000
0000
0001
0000
0000
0001
0000
1000
0000
0000
0000
,
0100
0000
0010
0000
0001
0000
0000
1000
0000
0000
1000
0000
0001
0000
0000
0000
,
1000
0000
0100
0000
0010
0000
0000
0001
0000
0000
1000
0000
0100
0000
0010
0000
,
0000
0001
0000
0000
0000
0000
0100
0000
0010
0000
0000
0001
0100
0000
0000
0000
,
1001
0000
1010
0000
0100
1000
0001
0000
,
0100
0001
1000
0000
0100
0100
0010
0000
,
1001
0000
0101
0000
0010
0001
1000
0000
,
0010
1000
0001
0000
0010
0010
0100
0000
,
1100
0000
1010
0000
0001
0100
0001
0000
,
1000
0010
1000
0000
0001
0001
0010
0000
,
0011
0000
0101
0000
1000
0010
1000
0000
,
0001
0100
0001
0000
1000
1000
0100
0000
,
0011
0000
0100
0000
0100
0100
0100
0000
,
1010
0000
0100
0000
0100
0100
0100
0000
,
1010
0000
0001
0000
0001
0001
0001
0000
,
1100
0000
0001
0000
0001
0001
0001
0000
,
1100
0000
0010
0000
0010
0010
0010
0000
,
0101
0000
0010
0000
0010
0010
0010
0000
,
0101
0000
1000
0000
1000
1000
1000
0000
,
0011
0000
1000
0000
1000
1000
1000
0000
,
0001
0100
0001
0000
1000
0100
1000
0000
,
0001
0100
0001
0000
1000
1000
0001
0000
,
0100
0010
0100
0000
0001
1000
0001
0000
,
0100
0010
0100
0000
0010
0010
1000
0000
,
0001
0010
0100
0000
1000
0010
0100
0000
,
0001
1000
0100
0000
0010
0010
0001
0000
,
0000
1000
0000
0001
0000
1000
0000
0001
0000
1000
0000
0001
0000
1000
0000
0001
,
0000
1000
0000
0001
0000
1000
0000
0001
0000
1000
0000
0001
0000
1000
0000
0001
,
1000
0000
0110
0000
0010
1000
0010
1000
,
0001
0000
1000
0000
0100
0100
0010
0000
,
0001
0010
0001
0000
1000
0010
1000
0010
,
0100
0000
0100
0000
0001
0001
0100
0000
,
1001
0000
1001
0000
1000
0000
0100
0010
,
0001
0000
0100
0010
1000
0000
0001
0000
,
0010
0100
1000
0000
0010
0000
0000
1001
;

//---------------dance-single - ----------------
#NOTES:
     dance-single:
     :
     Beginner:
     1:
     0.210,0.363,0.151,0.000,0.000,149.000,17.000,0.000,0.000,0.000:
0000
0000
0000
0000
,
0000
0000
0000
0000
,
0000
0000
0000
0000
,
0000
0000
0000
0000
,
1000
1000
0000
0000
,
0001
0001
0000
0000
,
1000
1000
0000
0000
,
0001
0001
0000
0000
,
0100
0100
0000
0000
,
0010
0010
0000
0000
,
0100
0100
0000
0000
,
0010
0010
0000
0000
,
1000
1000
0000
0000
,
0100
0100
0000
0000
,
0001
0001
0000
0000
,
0010
0010
0000
0000
,
0000
1001
0000
0000
,
0000
1001
0000
0000
,
0000
0110
0000
0000
,
0000
0110
0000
0000
,
0000
1001
0000
0000
,
0000
0110
0000
0000
,
0000
1001
0000
0000
,
0000
0110
0000
0000
,
1000
1000
1000
0000
,
0100
0100
0100
0000
,
0010
0010
0010
0000
,
0001
0001
0001
0000
,
0001
0001
0001
0000
,
0100
0100
0100
0000
,
0010
0010
0010
0000
,
1000
1000
1000
0000
,
1000
0000
1000
0000
,
0010
0000
0010
0000
,
0001
0000
0001
0000
,
0010
0000
0010
0000
,
1001
0000
0000
0000
,
0000
0000
0000
0000
,
1000
1000
1000
1000
,
1000
1000
1000
0000
,
0001
0001
0001
0001
,
0001
0001
0001
0000
,
0100
0100
0100
0100
,
0100
0100
0100
0000
,
0010
0010
0010
0010
,
0010
0010
0010
0000
,
1000
1000
1000
0000
,
0001
0001
0001
0000
,
1000
1000
1000
0000
,
0001
0001
0001
0000
,
1000
1000
1000
0000
,
0010
0010
0010
0000
,
0001
0001
0001
0000
,
0100
0100
0100
0000
,
1000
0000
0010
0000
,
0001
0000
0010
0000
,
1000
0000
0100
0000
,
0001
0000
0100
0000
,
0001
0000
1000
0000
,
0001
0000
1000
0000
,
0110
0000
0000
0000
,
1001
1001
1001
1001
,
1001
0000
0010
0000
,
0001
0000
1000
0000
,
0001
0000
1000
0000
,
0010
0000
0100
0000
,
1001
1001
0000
0010
,
0000
0100
0100
0000
,
1000
1000
0000
0000
;

//---------------dance-single - ----------------
#NOTES:
     dance-single:
     :
     Easy:
     5:
     0.376,0.427,0.239,0.124,0.000,256.000,27.000,14.000,0.000,0.000:
0000
0000
0000
0000
,
0000
0000
0000
0000
,
0000
0000
0000
0000
,
0000
0000
0000
0000
,
1000
1000
1000
0100
,
0001
0001
0001
0100
,
1000
0100
0001
0100
,
0010
0010
0010
0110
,
0001
0001
1000
0010
,
0001
0001
1000
0010
,
1000
1000
0001
0100
,
1000
1000
0010
1000
,
0001
0001
0010
0100
,
0001
0001
0010
0100
,
1000
1000
0010
0100
,
1000
1000
0010
0100
,
0010
1001
1000
0100
,
0010
1001
1000
0100
,
0010
1001
0001
0100
,
0010
1001
0001
0100
,
0010
1100
1000
0001
,
0010
1100
1000
0001
,
0100
0011
0001
1000
,
0100
0101
1100
1001
,
1000
0100
0010
0001
,
1000
0100
0010
0001
,
0001
0100
0010
1000
,
0001
0100
0010
1000
,
1000
0100
0001
0100
,
1000
0100
0010
0001
,
0001
0010
1000
0010
,
0001
0010
0100
1000
,
0010
0010
1010
0000
,
0010
0010
0011
0000
,
0100
1000
0001
1000
,
0100
0010
1001
0000
,
1000
0000
0010
0000
0000
0100
0000
0001
,
0000
0010
0100
0100
,
1001
1000
1000
1000
,
0100
0010
0100
1000
,
1001
0001
0001
0001
,
0010
0100
0010
0001
,
0110
0010
0010
0010
,
1000
0001
1000
0001
,
0110
0100
0100
0100
,
0001
1000
0001
1000
,
0200
1000
1000
1300
,
2000
0100
0100
3100
,
0020
0100
0100
0130
,
0200
0010
0010
0310
,
0002
0010
0010
0013
,
0020
0001
0001
0031
,
0002
1000
1000
1003
,
2000
0001
0001
3001
,
0002
0100
1000
0103
,
2000
0100
0001
3100
,
0002
0010
1000
0013
,
2000
0010
0001
3010
,
0002
0010
0100
1003
,
2000
0010
0100
3001
,
0010
0010
0010
0010
,
0110
0110
0110
0110
,
1001
0110
0010
1000
,
0001
1000
0100
0010
,
0001
1000
0100
0010
,
0001
0100
0010
0100
,
1001
1001
1000
0010
,
0100
0001
1000
0010
,
0001
0000
0010
0000
0100
0000
0000
1001
;
