#TITLE:TOXIC;
#SUBTITLE:(The Trance-Speedo Mix);
#ARTIST:HELEN;
#TITLETRANSLIT:;
#SUBTITLETRANSLIT:;
#ARTISTTRANSLIT:;
#CREDIT:;
#BANNER:TOXIC (The Trance-Speedo Mix).png;
#BACKGROUND:TOXIC (The Trance-Speedo Mix)-bg.png;
#LYRICSPATH:;
#CDTITLE:cd.png;
#MUSIC:TOXIC (The Trance-Speedo Mix).mp3;
#OFFSET:-5.670;
#SAMPLESTART:44.843;
#SAMPLELENGTH:12.000;
#SELECTABLE:YES;
#BPMS:0.000=169.995;
#STOPS:;
#BGCHANGES:;
// cache tags:
#FIRSTBEAT:0.000;
#LASTBEAT:256.000;
#SONGFILENAME:Songs/Dance/TOXIC (The Trance-Speedo Mix)/TOXIC (The Trance-Speedo Mix).sm;
#HASMUSIC:1;
#HASBANNER:1;
#MUSICLENGTH:97.358;
// end cache tags

//---------------dance-single - BASIC----------------
#NOTES:
     dance-single:
     BASIC:
     Easy:
     4:
     0.380,0.394,0.082,0.175,0.000,234.000,8.000,17.000,0.000,0.000:
1000
1000
1000
1000
,
0010
0010
0010
0010
,
0100
0100
0100
0100
,
0001
0000
0000
0000
,
1000
0100
0010
0001
,
0000
1000
0001
1000
,
0000
0010
0100
0010
,
0000
1000
0001
0100
,
0000
0001
1000
0010
,
0000
0100
0001
0100
,
0001
0001
1000
1000
,
0002
0100
0100
0103
,
1000
0100
0010
0001
,
0000
1000
0100
1000
,
0000
0001
0010
0001
,
0000
0100
0010
0100
,
0000
0001
0100
0010
,
0000
1000
0100
0010
,
0001
0001
1000
1000
,
0002
0010
0010
0013
,
1000
0100
1000
0010
,
1000
0100
0001
0100
,
1000
0001
0100
0001
,
0010
1000
0100
0001
,
1000
1000
0000
0001
,
0001
0100
0010
0100
,
0002
0000
2003
0000
,
3020
0000
0000
0000
,
1030
0001
1000
0010
,
0100
0002
0103
0100
,
0010
0100
1001
0100
,
1001
0100
1001
0100
,
0001
1000
0010
1000
,
0002
0103
1000
1000
,
0001
0010
0100
1000
,
0010
0100
0001
1001
,
0001
0001
0001
0001
,
2000
0100
0100
3100
,
0001
0100
0001
1000
,
0010
1000
0001
1001
,
1000
1000
1000
1000
,
0002
0100
0100
0103
,
0001
0010
0001
1000
,
0100
1000
0001
1001
,
1000
0100
0001
0100
,
1000
0100
0001
0100
,
1000
0001
1000
0010
,
0100
0001
1000
1001
,
1000
0100
0010
0001
,
0010
0100
1000
0010
,
0100
0001
0100
0010
,
1000
1000
0001
0001
,
0100
0002
0100
0103
,
1000
2000
0010
3010
,
0001
0002
0100
0103
,
1000
2000
3001
0002
,
1003
2000
0010
3010
,
0001
0002
0100
0103
,
1000
2000
0010
3010
,
0001
1000
0001
1000
,
0010
1000
0000
0001
,
0000
0100
0000
0010
,
0000
1000
0001
1000
,
0001
0100
0010
0100
,
0110
0000
0000
0000
;

//---------------dance-single - ANOTHER----------------
#NOTES:
     dance-single:
     ANOTHER:
     Medium:
     7:
     0.497,0.526,0.318,0.185,0.000,290.000,31.000,18.000,0.000,0.000:

1000
0010
0100
0001
,
0100
0001
0100
0000
0010
1000
0010
0000
,
1000
0100
0010
0001
,
0200
0000
0000
0000
,
0301
1000
0001
0010
,
0100
0000
1000
0000
0001
1000
0001
0000
,
0100
0000
0010
0000
1000
0001
1000
0000
,
0010
0000
0100
0000
0001
1000
0001
0000
,
0100
0000
0010
0000
1000
0100
0001
0000
,
0100
0000
0001
0000
1000
0100
0001
0000
,
0100
0001
1000
0010
,
1002
0013
2001
3010
,
1000
0010
0100
0001
,
0010
0000
1000
0000
0001
0100
0001
0000
,
1000
0000
0010
0000
0100
0001
0100
0000
,
0010
0000
1000
0000
0001
0100
0001
0000
,
1000
0000
0001
0000
1000
0010
0100
0000
,
0001
0000
0010
0000
0100
0010
1000
0000
,
0001
0010
0100
1000
,
2001
3100
1002
0013
,
0110
1000
0100
0001
,
1010
0001
0101
1000
,
0010
1000
0001
0100
,
1100
0010
0011
0100
,
1001
0000
0110
0000
0000
1001
0000
0100
,
0010
0100
0001
1000
,
0010
0100
0010
1000
,
0001
0000
0000
0000
,
1001
0000
0100
0010
1000
0000
0010
0000
,
1000
0100
1000
0000
1001
0000
1001
0000
,
0100
0001
0101
1000
,
1100
0010
1001
0010
,
0110
0000
1000
0001
0100
0000
0010
0000
,
0100
0010
0100
0000
1001
0000
0010
0100
,
0010
0000
1000
0010
1000
0000
0001
0100
,
0001
0000
0100
0010
0100
0000
0110
0000
,
1000
0100
0010
0100
,
2000
0000
3010
0000
0002
0000
0103
0010
,
0100
0000
0001
0010
0001
0000
1000
0100
,
1000
0000
0010
0100
0010
0000
0110
0000
,
0001
0010
0100
0010
,
0002
0000
0103
0000
2000
0000
3010
0100
,
0010
0000
1000
0001
1000
0000
0001
0010
,
0001
0000
0100
0010
0100
0000
0110
0000
,
1000
0000
0100
0000
0001
0000
0010
1000
,
0010
0000
1000
0010
1000
0000
0001
0100
,
0001
0000
0100
0001
0100
0000
0001
1000
,
0001
0000
0100
0010
0100
0000
0110
0000
,
0001
1000
0001
0100
0001
1000
0001
0000
,
0100
0001
0100
0010
0100
0001
0100
0000
,
0010
1000
0010
0100
0010
1000
0010
0000
,
1000
0010
1000
0010
0100
0001
0010
0100
,
1000
0001
1001
2000
,
3001
0010
0110
0200
,
0310
0001
0101
0002
,
0103
1000
0010
0001
,
0100
1000
1100
2000
,
3100
0001
0011
0002
,
0013
1000
1001
2000
,
3001
0100
0010
1000
,
0002
0100
0010
0100
,
0010
0100
0010
0103
,
2002
0000
0000
0000
,
0000
0000
0000
0000
,
3003
0000
0000
0000;

//---------------dance-single - MANIAC----------------
#NOTES:
     dance-single:
     MANIAC:
     Hard:
     8:
     0.606,0.559,0.380,0.298,0.005,347.000,37.000,29.000,0.000,0.000:





1000
0000
1000
0000
0010
0100
0001
0000
,
0001
0000
0001
0000
0100
0010
1000
0000
,
1000
0000
1000
0000
0010
0100
0001
0000
,
1002
0000
0000
0000
1000
0000
0000
0100
0000
0000
1000
0000
0103
0000
0000
0000
,
0101
0000
1000
0100
1000
0010
0100
0000
,
0011
0000
1000
0010
1000
0001
0100
0000
,
1001
0000
0001
0010
0001
0100
0010
0000
,
1100
0000
0001
1000
0001
0100
0010
0000
,
1001
0000
0010
0000
0100
0001
0100
0000
,
0010
0000
0100
0000
0010
1000
0010
0000
,
1000
0000
0100
0001
1000
0000
1000
0001
,
0200
0302
2003
3010
,
1001
0000
0100
0010
0100
0001
0010
0000
,
1001
0000
0100
0001
0100
0010
1000
0000
,
1001
0000
0010
0100
0010
1000
0001
0000
,
1001
0000
0010
1000
0010
0100
0001
0000
,
1100
0000
0001
0000
0100
0001
0100
0000
,
0001
0000
1000
0000
0010
0100
0010
0000
,
1001
0000
0100
0000
1000
0010
0100
0000
,
0002
0203
0302
1003
,
0011
2100
3010
0100
,
0102
2003
3020
0130
,
1001
0000
1000
0100
0010
0000
0001
0100
,
0010
2000
3200
0302
,
0103
0000
1001
0000
0000
1100
0000
0001
,
0100
0000
1001
0000
0010
1000
0001
0000
,
0010
0100
1000
0100
,
0010
0000
0000
0000
,
0100
0010
1000
0010
0100
0000
0002
0000
,
1003
0010
0100
0000
0110
0000
0110
0000
,
1001
0100
1001
0010
,
1001
0000
0001
0010
0100
0000
1000
0010
,
0100
0000
0010
0100
0001
0000
0200
0000
,
0310
1000
0001
0000
0110
0000
0010
1000
,
0001
0000
0001
0010
0100
0000
0100
0010
,
1000
0000
1000
0100
0001
0000
1001
0000
,
0001
0000
0001
0000
1000
0010
0100
0000
,
0002
0000
0203
0000
0320
0000
1030
0100
,
0010
0000
0010
0100
0001
0000
0001
0010
,
0100
0000
0100
0001
1000
0000
0101
0000
,
1000
0000
1000
0100
1000
0001
0010
0000
,
0010
0000
0010
1000
0010
0100
0001
0000
,
0001
0000
0001
1000
0001
0000
0100
0001
,
0100
0010
0101
1010
,
0100
0001
0010
0001
1000
0100
1000
0010
,
0100
0001
0100
0010
1000
0100
0010
0001
,
0100
0010
0100
0001
0010
0100
0010
0001
,
0100
0010
1000
0000
1001
0000
0101
0000
,
1000
0100
0001
0100
1000
0100
0010
0100
,
1000
0100
0010
0001
0010
0100
1000
0100
,
0010
0001
0100
0010
1000
0100
1000
0010
,
0100
0001
0010
0001
1000
0010
1000
0001
,
0100
0000
0001
0100
0001
0100
0002
0000
,
1003
0000
1000
0100
1000
0100
2000
0000
,
3001
0000
0001
0010
0001
0010
0002
0000
,
1003
0010
0100
0001
,
0110
0000
1000
0100
0001
0100
2000
0000
,
3010
0000
0010
0100
0010
1000
0002
0000
,
1003
0000
1000
0100
0001
0100
2000
0000
,
3010
0100
0001
1000
,
0100
1001
0010
1001
,
0100
1001
0010
1001
,
0200
0310
0200
0301
,
2000
3001
2000
3001
,
1001
0000
0000
0000;
