#TITLE:Somebody's Watching Me;
#SUBTITLE:(Hi Tack Club Mix);
#ARTIST:Beat Freakz;
#TITLETRANSLIT:;
#SUBTITLETRANSLIT:;
#ARTISTTRANSLIT:;
#CREDIT:;
#BANNER:Somebody's Watching Me (Hi Tack Club Mix)-bn.png;
#BACKGROUND:Somebody's Watching Me (Hi Tack Club Mix)-bg.png;
#LYRICSPATH:;
#CDTITLE:sporktitles2.png;
#MUSIC:Somebody's Watching Me (Hi Tack Club Mix).mp3;
#OFFSET:-0.035;
#SAMPLESTART:56.285;
#SAMPLELENGTH:12.701;
#SELECTABLE:YES;
#BPMS:0.000=128.005;
#STOPS:;
#BGCHANGES:;
// cache tags:
#FIRSTBEAT:16.000;
#LASTBEAT:228.000;
#SONGFILENAME:Songs/Encore/Somebody's Watching Me (Hi Tack Club Mix)/Somebody's Watching Me (Hi Tack Club Mix).sm;
#HASMUSIC:1;
#HASBANNER:1;
#MUSICLENGTH:110.270;
// end cache tags

//---------------dance-single - ----------------
#NOTES:
     dance-single:
     :
     Hard:
     8:
     0.470,0.465,0.027,0.163,0.159,342.000,3.000,18.000,0.000,0.000:
0000
0000
0000
0000
,
0000
0000
0000
0000
,
0000
0000
0000
0000
,
0000
0000
0000
0000
,
1000
0000
0000
1000
0001
0000
0000
0000
0001
0000
0000
0001
0100
0000
0000
0000
,
0100
0000
0000
0100
0010
0000
0000
0000
0010
0000
0000
0010
1000
0000
0000
0000
,
0001
0000
0000
0010
0100
0000
0000
0000
1000
0000
0000
0010
0100
0000
0000
0000
,
0001
0000
0000
1000
0100
0000
0000
0000
0010
0000
0000
0001
1000
0000
0000
0000
,
0010
0100
0001
0100
0001
1000
0100
1000
,
0100
0010
0001
0010
0002
0000
0103
1000
,
0100
0010
1000
0010
1000
0001
0100
0001
,
0100
0000
0010
1000
0002
0000
0013
1000
,
0010
0001
0100
0010
1000
0001
0010
0100
,
1000
0001
0100
0010
,
1000
0100
0001
0100
1000
0010
0001
0010
,
2000
0000
0000
0000
0001
0000
0000
0000
3001
0100
0001
0000
1000
0000
0100
0000
,
0000
0000
1000
0000
0010
0000
0000
0100
0001
0000
0000
0000
1000
0000
0000
0100
,
1000
0010
0100
0001
0020
0000
0130
1000
,
0001
0000
0100
0000
0010
0000
0000
0010
1000
0000
0000
0000
0001
0000
0000
0010
,
0100
0010
0001
1000
0020
0000
0130
0001
,
0000
1000
0100
1000
0020
0000
0230
0000
,
0310
1000
0001
0010
0100
0000
0010
0001
,
1000
0000
0000
0000
0010
0000
0000
0000
0100
0000
0010
1000
0010
0000
1000
0000
,
1002
0000
0010
0000
0010
0000
0000
0000
0013
0100
1000
0000
0001
0000
0100
0000
,
0001
0000
1000
0000
0100
0000
0000
0100
1000
0000
0000
0000
0001
0000
0000
0100
,
0000
0000
0010
0000
0100
0001
0100
0010
,
1000
0000
0001
0000
0010
0000
0000
0010
0100
0000
0000
0000
0010
0000
0000
0001
,
0000
0000
0000
0000
1000
0000
0000
1000
0010
0000
0100
0000
0001
0000
1000
0000
,
0100
0000
0010
0000
0001
0000
0000
0001
1000
0000
0000
0000
0010
0000
0000
0100
,
0000
0000
0010
0000
0100
0001
1000
0010
,
0100
0000
0001
0000
0010
0000
0000
0010
0001
0000
0000
0000
1000
0000
0000
0010
,
0000
0000
0000
0000
0100
0000
0000
0100
0001
0000
0100
0000
0010
0000
1000
0000
,
0001
0010
0100
1000
0002
0000
2003
0000
,
3010
0000
0000
0000
0100
0000
0000
0100
0001
0000
1000
0000
0010
0000
0100
0000
,
0001
0010
0100
0010
0002
0000
2003
0000
,
3010
0000
0000
0000
0100
0000
0000
0100
0001
0000
1000
0000
0010
0000
0100
0000
,
0002
0010
0000
0013
0100
1000
0010
0000
,
0200
0001
0000
0301
1000
0100
0010
0000
,
0200
1000
0000
1300
0010
0100
0001
0000
,
1002
0000
0000
0000
1000
0000
0000
0000
1003
0010
1000
0000
0001
0000
0100
0000
,
0000
0010
1000
0001
0100
0000
0001
0000
,
1000
0100
1000
0100
0010
0000
0001
1000
,
0100
0000
0000
0000
1000
0000
0000
0000
0010
0000
0100
0001
0100
0000
0001
0000
,
0010
0100
1000
0000
0001
1000
0010
0100
,
0000
0010
1000
0100
0010
0000
0001
0000
,
0100
0010
0100
0010
1000
0000
0001
0010
,
0100
0000
0000
0000
0010
0000
0000
0000
0001
0000
1000
0100
1000
0000
0010
0000
,
0100
0001
1000
0000
0000
0010
0100
0010
,
0000
0000
0100
0000
0001
0000
1000
0000
0100
0000
0000
0000
0010
0000
0000
0010
,
0100
1000
0001
0100
0010
0000
1000
0001
,
0100
0000
0000
0000
0010
0000
0000
0000
1000
0000
0001
0100
0010
0000
1000
0000
,
0001
0010
0100
0000
0010
0001
1000
0010
,
0000
0000
0100
0000
0001
0000
1000
0000
0100
0000
0000
0000
1000
0000
0000
1000
,
0010
0100
0001
0010
0100
0000
0010
0001
,
1000
0000
0000
0000
0010
0000
0000
0000
0100
0000
0001
1000
0010
0000
0100
0000
,
0001
0000
0010
0000
0100
0000
0000
0000
0010
0001
0010
0000
0100
0000
1000
0000
,
2002
0000
0000
0000
,
3003
0000
0000
0000
;

//---------------dance-single - ----------------
#NOTES:
     dance-single:
     :
     Medium:
     5:
     0.294,0.284,0.045,0.200,0.000,200.000,5.000,22.000,0.000,0.000:
0000
0000
0000
0000
,
0000
0000
0000
0000
,
0000
0000
0000
0000
,
0000
0000
0000
0000
,
0010
0000
0010
0000
,
0100
0000
0100
0000
,
0001
0000
1000
0000
,
0010
0000
0200
0000
,
0310
1000
0001
0010
,
0001
0000
1000
0000
0010
0000
0100
0001
,
0100
0010
1000
0001
,
0010
0000
0100
1000
0100
0000
0010
0001
,
0010
0000
0001
0000
1000
0000
0010
0100
,
0001
1000
0100
0010
,
1001
0000
0101
0000
,
0010
1000
0001
0100
0010
0000
1000
0000
,
0001
0010
0001
0100
,
0010
0000
1000
0000
0010
0000
0100
0001
,
0010
0001
0100
0010
,
0100
0000
0001
1000
0100
0000
1000
0001
,
0100
0010
0100
0002
,
0000
0000
1003
0000
0020
0000
0000
0200
,
0000
0000
0030
0000
0000
0300
0001
0000
,
2002
0000
3003
0000
,
0010
0100
0000
0000
0010
0000
1000
0000
,
0001
1000
0000
0000
0100
0010
0100
0000
,
0010
0001
0000
0000
1000
0000
0010
0000
,
0100
0001
0000
0000
0100
0010
1000
0000
,
0001
0010
0000
0000
0100
0000
1000
0000
,
0001
0010
0000
0000
0100
1000
0001
0000
,
1000
0100
0000
0000
1000
0000
0010
0000
,
0100
0001
0000
0000
0100
0010
1000
0001
,
0010
0001
1000
0020
,
0000
0130
0001
1000
,
0001
0010
0100
2000
,
0000
3010
0100
0001
,
2000
0000
3010
0100
,
0002
0000
0013
0001
,
0200
0000
0310
1000
,
2002
0000
3003
0000
,
1000
0010
1000
0010
1000
0000
0001
0000
,
0100
0010
1000
0001
,
0020
0000
0031
1000
,
0100
0100
2000
0000
,
3010
0100
0010
0100
0010
0000
1000
0000
,
0001
0010
0100
1000
,
0002
0000
0103
0010
,
1000
0001
0020
0000
,
0130
1000
0100
1000
0100
0000
1000
0000
,
0010
0100
0001
1000
,
0020
0000
0130
0001
,
0010
0100
2000
0000
,
3001
0010
0001
0010
0001
0000
0100
0000
,
0010
1000
0001
0010
,
0200
0000
1300
0001
,
0100
0010
0100
0000
0010
0000
1000
0000
,
2002
0000
0000
0000
,
3003
0000
0000
0000
;

//---------------dance-single - ----------------
#NOTES:
     dance-single:
     :
     Easy:
     3:
     0.194,0.233,0.009,0.154,0.000,132.000,1.000,17.000,0.000,0.000:
0000
0000
0000
0000
,
0000
0000
0000
0000
,
0000
0000
0000
0000
,
0000
0000
0000
0000
,
1000
0000
0001
0000
,
0100
0000
0001
0000
,
1000
0000
0100
0000
,
1000
0000
0001
0000
,
0100
0000
0100
0000
,
0010
0000
1000
0001
,
0100
0000
0010
0000
,
1000
0001
0010
0100
,
1000
0000
0001
0100
,
0010
0000
1000
0000
,
0001
0001
1000
1000
,
0020
0000
0130
0001
,
1000
0000
0100
0000
,
1000
0000
0001
0100
,
0010
0000
0100
0000
,
0001
0000
1000
0010
,
0100
0001
1000
0100
,
0010
0000
0001
0000
,
2000
0000
3010
0000
,
0100
0100
0000
0000
,
0001
0000
0020
0000
,
0031
0000
0100
0010
,
1000
0000
0002
0000
,
0103
0000
0010
1000
,
0001
0000
0020
0000
,
0130
0000
1000
0001
,
0010
0000
0200
0000
,
1300
0000
0010
0100
,
0001
1000
0020
0100
,
0030
0000
0010
1000
,
0001
0010
0200
1000
,
0300
0000
0001
0100
,
0020
0000
0030
0000
,
2000
0000
3000
0000
,
0020
0000
0030
0000
,
2000
0000
3001
0001
,
0100
0000
0010
0000
,
1000
0000
0001
0010
,
0100
0000
0010
0000
,
0001
1000
0002
0000
,
1003
0001
1000
0000
,
0100
0000
1000
0001
,
0100
0000
0001
0000
,
1000
0100
2000
0000
,
3010
0100
0010
0000
,
0100
0000
0001
0010
,
0100
0000
1000
0000
,
0001
0100
0020
0000
,
0130
0001
1000
0000
,
0001
0000
0010
0001
,
0100
0000
0010
0000
,
1000
0001
0000
0000
,
2002
0000
0000
0000
,
3003
0000
0000
0000
;

//---------------dance-single - ----------------
#NOTES:
     dance-single:
     :
     Beginner:
     1:
     0.114,0.152,0.018,0.000,0.000,86.000,2.000,0.000,0.000,0.000:
0000
0000
0000
0000
,
0000
0000
0000
0000
,
0000
0000
0000
0000
,
0000
0000
0000
0000
,
0001
0000
0000
0000
,
1000
0000
0000
0000
,
0010
0000
0000
0000
,
0100
0000
0000
0000
,
0001
0000
0001
0000
,
0001
0000
0001
0000
,
1000
0000
1000
0000
,
1000
0000
1000
0000
,
0001
0000
0001
0000
,
1000
0000
1000
0000
,
0001
0000
0100
0000
,
0010
0000
1000
0000
,
0001
0000
0010
0000
,
0001
0000
0010
0000
,
0100
0000
1000
0000
,
0100
0000
1000
0000
,
0001
0000
0100
0000
,
0001
0000
0100
0000
,
0010
0000
1000
0000
,
0010
0000
1000
0000
,
0001
0000
0000
0000
,
1000
0000
0000
0000
,
0100
0000
0000
0000
,
1000
0000
0000
0000
,
0010
0000
0000
0000
,
0100
0000
0000
0000
,
0001
0000
0000
0000
,
0010
0000
0000
0000
,
0001
0000
1000
0000
,
0001
0000
0000
0000
,
0100
0000
0010
0000
,
0100
0000
0000
0000
,
0001
0000
1000
0000
,
0100
0000
0000
0000
,
1000
0000
0001
0000
,
1001
0000
0000
0000
,
0010
0000
1000
0000
,
0001
0000
0100
0000
,
0010
0000
0000
0000
,
0010
0010
0000
0000
,
0100
0000
0001
0000
,
1000
0000
0100
0000
,
0010
0000
0000
0001
,
0001
0000
0000
0000
,
0010
0000
1000
0000
,
0001
0000
0100
0000
,
0010
0000
0000
1000
,
1000
0000
0000
0000
,
1000
0000
0010
0000
,
0100
0000
0001
0000
,
1000
0000
0000
0010
,
0010
0000
0100
0000
,
1001
0000
0000
0000
;

//---------------dance-double - ----------------
#NOTES:
     dance-double:
     :
     Easy:
     3:
     0.194,0.203,0.045,0.163,0.000,127.000,5.000,18.000,0.000,0.000:
00000000
00000000
00000000
00000000
,
00000000
00000000
00000000
00000000
,
00000000
00000000
00000000
00000000
,
00000000
00000000
00000000
00000000
,
00000001
00000000
00000100
00000000
,
00000001
00000000
00000100
00000000
,
00000010
00000000
00001000
00000000
,
00000100
00000000
00010000
00000000
,
00001000
00000000
00010000
00000000
,
00001000
00000000
01000000
00100000
,
10000000
00000000
00010000
00000000
,
00100000
01000000
10000000
00010000
,
01000000
00000000
00100000
01000000
,
00010000
00000000
00100000
00000000
,
01000000
00000000
01000000
00000000
,
20020000
00000000
30030000
00000000
,
01000000
00000000
00001000
00000000
,
00010000
00000000
00001000
00010000
,
00000100
00000000
00001000
00000000
,
00000010
00000000
00000100
00000001
,
00001000
00000001
00000100
00000010
,
00001000
00000000
00000100
00000000
,
00001000
00000000
00000010
00000000
,
00002020
00000000
00003030
00000000
,
00000200
00000000
00001300
00000000
,
00000010
00000000
00010000
00000000
,
00002000
00000000
01003000
00000000
,
00100000
00000000
10000000
00000000
,
02000000
00000000
03100000
00000000
,
00010000
00000000
01000000
00000000
,
00002000
00000000
00013000
00000000
,
00000100
00000000
00001000
00000000
,
00000020
00000000
00000130
00000001
,
00001000
00000000
00000100
00000000
,
00000020
00000000
00000130
00001000
,
00000010
00000000
00010000
00000000
,
00002000
00000000
00103000
00010000
,
01000000
00000000
00100000
10000000
,
00010000
00000000
00100000
01000000
,
20020000
00000000
30030000
00000000
,
01000000
00010000
01000000
00000000
,
00100000
00000000
10000000
00010000
,
01000000
00000000
00001000
00000000
,
00010000
00001000
00020000
00000000
,
00030100
00001000
00000100
00000000
,
00001000
00000000
00000010
00000100
,
00000001
00000000
00001000
00000000
,
00000001
00000100
00000020
00000000
,
00000130
00000001
00000100
00000010
,
00001000
00000000
00000100
00010000
,
00000100
00000000
00001000
00000000
,
00000010
00010000
00002000
00000000
,
00103000
00010000
01000000
00100000
,
10000000
00000000
00010000
00100000
,
01000000
00000000
10000000
00000000
,
02020000
00000000
03030000
00000000
,
00011000
00000000
00000000
00000000
;

//---------------dance-double - ----------------
#NOTES:
     dance-double:
     :
     Medium:
     5:
     0.301,0.414,0.073,0.190,0.000,203.000,8.000,21.000,0.000,0.000:
00000000
00000000
00000000
00000000
,
00000000
00000000
00000000
00000000
,
00000000
00000000
00000000
00000000
,
00000000
00000000
00000000
00000000
,
01000000
00000000
00010000
00000000
,
01000000
00000000
00100000
00000000
,
10000000
00000000
00010000
00000000
,
00100000
00000000
00001000
00010000
,
00000100
00000000
00001000
00000000
00000010
00000000
00000100
00000001
,
00000100
00000000
00000010
00000000
00001000
00000000
00000001
00001000
,
00000100
00000010
00000100
00001000
,
00000010
00000000
00010000
00000100
00001000
00000000
00000100
00010000
,
00001000
00000000
00100000
00000000
00010000
00000000
01000000
00100000
,
10000000
00010000
00100000
01000000
,
10010000
01010000
01001000
00011000
,
00010000
00001000
00010000
00001000
00010000
00000000
00011000
00000000
,
00010000
00000010
00000100
00000001
,
00001000
00000000
00000100
00000000
00000010
00000000
00000001
00001000
,
00000100
00001000
00000010
00000100
,
00000001
00001000
00000100
00011000
,
00010000
00002000
02003000
03020000
,
10030000
00000000
01000000
10000000
00010000
00000000
01000000
00000000
,
00002000
00000000
00023000
00000000
,
00030100
00000000
00000100
00000000
00001000
00000010
00001000
00000010
,
00000100
00000000
00000010
00001000
,
00000001
00000000
00000000
00000000
00000010
00000000
00000001
00001000
,
00000100
00000000
00010000
00001000
,
01000000
00000000
00100000
10010000
,
01000000
00000000
00100000
10000000
,
00010000
00000000
00000000
00000000
00100000
00000000
00001000
00010000
,
00000100
00000000
00001000
00000010
,
00000100
00000000
00000010
00001001
,
00000100
00000000
00000020
00000000
,
00000130
00000001
00001000
00000100
,
00020000
00001000
00032000
01000000
,
01003000
00000000
00010000
00100000
,
00001000
00010000
00000000
00001000
00020000
00000000
00000000
00000000
,
00030100
00001000
00000000
00000100
00002000
00000000
00000000
00000000
,
00003010
00000100
00000000
00000010
00000200
00000000
00000000
00000000
,
00000310
00000000
00001000
00000000
00000001
00000100
00000010
00001000
,
00000001
00000010
00000100
00001000
,
00000010
00010000
00001000
01000000
,
00020000
00000000
00230000
00000000
,
01300000
00000000
01000000
00000000
10000000
01000000
00100000
00010000
,
10000000
00010000
01000000
00100000
,
10000000
00010000
01000000
00001000
,
00020000
00000000
00032000
00000000
,
00103000
00000000
00100000
00000000
00001000
00010000
00000100
00001000
,
00000010
00000100
00000001
00001000
,
00000100
00000010
00000100
00001000
,
00000020
00000000
00020030
00000000
,
00031000
00000000
00001000
00000000
00100000
00010000
01000000
00100000
,
10000000
00010000
01000000
00100000
,
10000000
00010000
00100000
00001000
,
00020000
00000000
00032000
00000000
,
00013000
00000000
00010000
00000000
00000100
00001000
00000020
00000200
,
00000000
00000000
00000000
00000000
,
00000330
00000000
00000000
00000000
;

//---------------dance-double - ----------------
#NOTES:
     dance-double:
     :
     Hard:
     8:
     0.531,0.517,0.082,0.345,0.159,363.000,9.000,38.000,0.000,0.000:
00000000
00000000
00000000
00000000
,
00000000
00000000
00000000
00000000
,
00000000
00000000
00000000
00000000
,
00000000
00000000
00000000
00000000
,
01000000
00000000
00000000
00100000
00010000
00000000
00000000
00000000
10000000
00000000
00000000
00010000
01000000
00000000
00000000
00000000
,
00100000
00000000
00000000
01000000
00001000
00000000
00000000
00000000
00010000
00000000
00000000
00000100
00001000
00000000
00000000
00000000
,
00000010
00000000
00000000
00000100
00000001
00000000
00000000
00000000
00001000
00000000
00000000
00000010
00000100
00000000
00000000
00000000
,
00000001
00000000
00000000
00001000
00000100
00000000
00000000
00000000
00010000
00000000
00000000
00000100
00001000
00000000
00000000
00000000
,
00000100
00010000
00000010
00010000
00000010
00000100
00000001
00000100
,
00000001
00000010
00001000
00000010
00002000
00000000
00013000
01000000
,
10000000
00100000
00010000
00100000
00010000
00001000
00000010
00001000
,
00000010
00000000
00000001
00000100
00002000
00000000
00013000
01000000
,
10000000
00010000
01000000
00010000
01000000
00100000
00010000
00100000
,
10000000
00000000
00100000
10000000
00010000
00000000
00100000
00000000
,
01000000
10000000
00100000
00010000
00001000
00000100
00000001
00000010
,
00000001
00000000
00000100
00000000
00001000
00000000
00010000
00000000
00100000
10000000
00010000
00000000
01000000
00000000
00001000
00000000
,
00000000
00010000
00000010
00000100
00000001
00000100
00001000
00010000
,
00100000
01000000
00010000
00100000
00001000
00010000
00000010
00000100
,
00000001
00001000
00000010
00000100
00000001
00001000
00000010
00010000
,
00100000
01000000
00010000
10000000
01000000
00100000
00010000
10000000
,
00100000
01000000
00001000
00010000
00000200
00000000
00002300
00000000
,
00003010
00000100
00000001
00000010
00002000
00000000
00013000
02000000
,
00000000
00000000
00000000
00000000
13000000
00000000
00000000
00000000
00010000
00000000
00100000
00001000
00010000
00000000
00000010
00000000
,
00000100
00000000
00000001
00000000
00001000
00000000
00000000
00000000
00000100
00000010
00000001
00000000
00001000
00000000
00000010
00000000
,
00010000
00000000
00000100
00000000
00001000
00000000
00000000
00000010
00000200
00000000
00000000
00000000
00000302
00000000
00000000
00001000
,
00000000
00000000
00000003
00000000
00000010
00000000
00000000
00000100
00000010
00000000
00001000
00000000
00000100
00000000
00010000
00000000
,
00001000
00000000
01000000
00000000
00010000
00000000
00000000
10000000
00200000
00000000
00000000
00000000
02300000
00000000
00000000
00010000
,
00000000
00000000
03000000
00000000
00100000
00000000
10000000
00010000
01000000
00000000
00001000
00000000
00010000
00000000
00100000
00000000
,
01000000
00000000
00001000
00000000
00010000
00000000
00000000
00000100
00002000
00000000
00000000
00000000
00003020
00000000
00000000
00000100
,
00000000
00000000
00000030
00000000
00001000
00000000
00000000
00000001
00000010
00000000
00000001
00000000
00000100
00000000
00001000
00000000
,
00000100
00000000
00000010
00000000
00001000
00000000
00000000
00000100
00020000
00000000
00000000
00000000
00032000
00000000
00000000
01000000
,
00000000
00000000
00003000
00000000
00010000
00000000
00001000
01000000
00010000
00000000
00100000
00000000
00001000
00000000
00010000
00000000
,
00000010
00000000
00000100
00000000
00000001
00000000
00001000
00000000
00000020
00000000
00000000
00000000
00020030
00000000
00000000
00001000
,
00030000
00000000
00000000
00000000
00100000
00000000
00000000
00010000
20000000
00000000
00100000
00000000
30200000
00000000
01000000
00000000
,
00300000
00000000
10000000
00000000
00010000
00000000
00100000
00000000
00002000
00000000
00000000
00000000
00023000
00000000
00000000
00000010
,
00030000
00000000
00000000
00000000
00000100
00000000
00000000
00000010
00002000
00000000
00000100
00000000
00003200
00000000
00000010
00000000
,
00000300
00000000
00000011
00000000
00000000
00000000
00000110
00000000
00000200
00000000
00001000
00000000
00002300
00000000
00000000
00000010
,
00003000
00001010
00000000
00010010
00020000
00001000
00032000
01000000
,
00003000
00000000
01010000
00000000
00000000
00000000
10100000
00000000
20000000
00000000
01000000
00000000
32000000
00000000
00000000
10000000
,
03000000
00000000
10100000
00000000
00000000
00000000
01010000
00000000
00010000
00100000
00001000
00000000
00010000
00000000
00000100
00000000
,
00001000
00000010
00000100
00000001
00001000
00000010
00010000
00000000
,
00001000
00100000
01000000
00100000
00010000
01000000
00001000
00000100
,
00000020
00000000
00000000
00000000
00002030
00000000
00000000
00000000
00003100
00000000
00010000
00001000
01000000
00000000
00100000
00000000
,
00010000
00100000
10000000
00000000
10000000
01000000
00010000
00001000
,
00010000
00000010
00000100
00000001
00001000
00000010
00010000
00000000
,
00100000
01000000
00010000
10000000
00010000
01000000
00100000
00010000
,
00002000
00000000
00000000
00000000
00003200
00000000
00000000
00000000
00000310
00000000
00001000
00000001
00000010
00000000
00000001
00000000
,
00000100
00001000
00010000
00000000
00001000
00010000
00000100
00000010
,
00000001
00000100
00000010
00001000
00000100
00010000
00100000
00000000
,
10000000
00010000
01000000
00001000
00010000
00100000
01000000
00010000
,
00200000
00000000
00000000
00000000
00302000
00000000
00000000
00000000
00013000
00000000
00000100
00001000
00000010
00000000
00000100
00000000
,
00000001
00001000
00000100
00000000
00000100
00010000
00001000
01000000
,
00100000
00010000
00001000
00000010
00000100
00001000
00000001
00000000
,
00000010
00000001
00000100
00000010
00001000
00000001
00000100
00001000
,
00020000
00000000
00000000
00000000
00230000
00000000
00000000
00000000
10300000
00000000
00010000
00100000
01000000
00000000
10000000
00000000
,
00010000
00000000
01000000
00000000
00001000
00000000
00000000
00000000
00010000
00000100
00001000
00000000
00000010
00000000
00000100
00000000
,
00002002
00000000
00000000
00000000
,
00003003
00000000
00000000
00000000
;
