#TITLE:Highly Evolved;
#SUBTITLE:;
#ARTIST:The Vines;
#TITLETRANSLIT:;
#SUBTITLETRANSLIT:;
#ARTISTTRANSLIT:;
#CREDIT:;
#BANNER:Highly Evolved-banner.png;
#BACKGROUND:Highly Evolved-BG.PNG;
#LYRICSPATH:;
#CDTITLE:;
#MUSIC:Highly Evolved.mp3;
#OFFSET:0.000;
#SAMPLESTART:44.280;
#SAMPLELENGTH:12.000;
#SELECTABLE:YES;
#BPMS:0.000=135.500;
#STOPS:;
#BGCHANGES:;
// cache tags:
#FIRSTBEAT:8.000;
#LASTBEAT:207.500;
#SONGFILENAME:Songs/DDI/Highly Evolved/Highly Evolved.sm;
#HASMUSIC:1;
#HASBANNER:1;
#MUSICLENGTH:93.108;
// end cache tags

//---------------dance-single - ----------------
#NOTES:
     dance-single:
     :
     Easy:
     4:
     0.328,0.330,0.387,0.107,0.000,168.000,36.000,10.000,0.000,0.000:  // measure 1
0000
0000
0000
0000
,  // measure 2
0000
0000
0000
0000
,  // measure 3
1000
0001
0100
0010
,  // measure 4
1000
0100
2000
0000
,  // measure 5
0000
3000
0000
0110
,  // measure 6
1100
0101
0220
0000
,  // measure 7
0000
0000
0330
0001
,  // measure 8
0010
1000
0100
0001
,  // measure 9
0010
0001
1000
0100
,  // measure 10
0000
0002
0000
0000
0000
0000
0000
0003
,  // measure 11
0000
1000
0001
0100
,  // measure 12
0101
1100
0110
1001
,  // measure 13
0010
0000
0010
0000
0100
0100
0000
0000
,  // measure 14
0200
0000
0000
0000
0000
0000
0000
0300
,  // measure 15
0000
0000
0000
0001
0000
0010
0000
0001
,  // measure 16
0000
1000
0000
0100
0000
0010
0000
0000
,  // measure 17
0001
1000
0000
1000
0001
0000
0010
0000
,  // measure 18
0010
0000
0100
0000
1000
0001
0000
0010
,  // measure 19
0100
0000
0001
0010
1000
0100
0000
0001
,  // measure 20
0000
0000
0000
0010
0000
0100
0000
0000
,  // measure 21
0000
1000
0000
0000
0000
0000
0000
0020
,  // measure 22
0000
0000
0000
0000
0000
0030
0000
0000
,  // measure 23
0000
0001
0000
1000
0000
0110
0000
1001
,  // measure 24
0000
1100
0000
0101
0000
0220
0000
0000
,  // measure 25
0000
0000
0000
0330
0000
1001
0000
0010
,  // measure 26
0000
0001
0000
0001
0000
0010
0000
0100
,  // measure 27
0000
0100
0000
0100
0000
0010
1000
1000
,  // measure 28
0000
0001
0100
0100
0000
0110
0000
1001
,  // measure 29
0000
0110
0000
1000
0000
0001
0000
0000
,  // measure 30
0010
0010
0000
0100
0100
0000
0001
0000
,  // measure 31
1000
0000
0010
0010
0000
0001
0000
0100
,  // measure 32
0000
1000
0000
0001
0000
1000
0000
0001
,  // measure 33
0000
1000
0000
0001
0000
1000
0000
0110
,  // measure 34
0000
1001
0000
0110
0000
0010
0000
0010
,  // measure 35
0000
1000
0001
0000
0100
0100
0000
0010
,  // measure 36
0000
0110
0000
0000
0000
0100
0000
1100
,  // measure 37
0000
0000
0000
0101
0000
0110
0000
2002
,  // measure 38
0000
0000
0000
0000
0000
0000
0000
3003
,  // measure 39
0000
0000
0001
1000
0010
0000
0000
0000
,  // measure 40
0110
0001
0000
0000
0000
1001
0100
0000
,  // measure 41
0000
0010
0001
1000
,  // measure 42
0001
0100
0010
1000
,  // measure 43
0001
0000
0000
0000
0001
1000
0100
0000
,  // measure 44
0000
0000
0010
1000
0100
0000
0001
0000
,  // measure 45
1000
0000
0000
0010
0000
0000
0100
0000
,  // measure 46
0110
1001
0110
1001
,  // measure 47
0000
0001
1000
0010
,  // measure 48
0100
0000
0001
1000
0100
0010
0000
0000
,  // measure 49
0000
0000
0000
0001
0000
0100
0000
1000
,  // measure 50
0000
0100
0000
0010
0000
0001
0000
0100
,  // measure 51
0100
0110
1001
1100
,  // measure 52
0101
1001
0000
0000
;

//---------------dance-single - ----------------
#NOTES:
     dance-single:
     :
     Medium:
     6:
     0.402,0.446,0.440,0.140,0.000,208.000,41.000,13.000,0.000,14.000:  // measure 1
0000
0000
0000
0000
,  // measure 2
0000
0000
0000
0000
,  // measure 3
0000
2002
0000
0000
0010
0000
3003
2200
,  // measure 4
0000
0000
0000
0000
,  // measure 5
0000
3300
0202
0000
0000
0000
0000
0000
,  // measure 6
0000
0000
0000
0000
0303
0000
0000
0010
,  // measure 7
1100
0000
1000
0001
0000
0001
0010
0000
,  // measure 8
1000
0100
0000
1000
0001
0100
0000
0000
,  // measure 9
0010
1000
0100
0000
0000
0010
0001
0100
,  // measure 10
0000
0000
0001
1000
0100
0000
0001
1000
,  // measure 11
0010
0000
2000
0000
0000
0000
0000
0100
,  // measure 12
0000
0000
0000
0010
0000
0000
0000
0001
,  // measure 13
0000
0000
0000
3000
0000
0220
0000
0000
,  // measure 14
1000
0001
1000
0001
,  // measure 15
1000
0330
0000
0000
0000
2002
0000
0010
,  // measure 16
0000
0000
0100
0000
0000
0010
0000
0000
,  // measure 17
0100
3003
1000
0010
,  // measure 18
0010
0000
1000
0000
0001
0100
0010
1000
,  // measure 19
0000
0100
0010
1000
0001
0000
0010
1000
,  // measure 20
0001
0100
0100
0010
0100
0010
0100
0010
,  // measure 21
1000
0001
0001
0000
0010
1000
0001
0000
,  // measure 22
0100
0010
1100
0000
0001
1000
0010
0000
,  // measure 23
0001
0100
0100
0000
0010
0010
0000
1000
,  // measure 24
1000
0000
0001
0001
0000
0100
0000
0110
,  // measure 25
0000
1001
0000
0110
0110
0000
1001
1001
,  // measure 26
0000
0000
0010
0000
0000
0001
0000
0101
,  // measure 27
0000
1100
0000
0010
,  // measure 28
0000
0100
0000
0220
,  // measure 29
1000
0001
1000
0001
,  // measure 30
0330
0000
0010
0000
,  // measure 31
0001
0000
0000
0000
0100
0000
0001
0010
,  // measure 32
1000
0000
0100
0001
1000
0000
0010
0100
,  // measure 33
0001
0000
0010
1000
0001
0100
0010
0000
,  // measure 34
0000
0001
0000
0000
0001
0010
1000
0100
,  // measure 35
0000
0001
0010
1000
0100
0000
0001
0010
,  // measure 36
1000
0100
0001
0100
0010
1000
0000
0000
,  // measure 37
0000
0001
0001
0000
0010
0010
0000
0100
,  // measure 38
0100
0000
1000
1000
1000
0000
0000
0000
,  // measure 39
0110
0000
0000
1001
0000
0110
0000
0000
,  // measure 40
0000
1001
0000
0000
0110
0000
1001
0010
,  // measure 41
0000
1000
0001
0000
0010
0100
0000
0110
,  // measure 42
0000
1001
0000
1100
0101
0000
0110
1100
,  // measure 43
0000
0000
0000
1001
0110
0000
0000
0000
,  // measure 44
0000
0000
0010
1000
0001
0100
0010
1000
,  // measure 45
0000
0000
0000
0000
0000
0001
0100
0010
,  // measure 46
0110
0000
0000
0000
0110
0000
1001
1001
,  // measure 47
0000
0110
0110
0000
1001
1001
0000
0110
,  // measure 48
0000
1100
0000
0010
0000
1000
0000
0001
,  // measure 49
0000
0010
0000
0100
0100
0001
0000
0000
,  // measure 50
0010
1000
1000
0000
0100
0100
0100
0001
,  // measure 51
0010
0010
0000
1000
0000
0010
1000
0001
,  // measure 52
0000
0100
0010
1000
0000
0000
0000
1001
;

//---------------dance-single - ----------------
#NOTES:
     dance-single:
     :
     Hard:
     7:
     0.439,0.474,0.548,0.226,0.000,214.000,51.000,21.000,0.000,16.000:  // measure 1
0000
0000
0000
0000
,  // measure 2
0000
0000
0000
0000
,  // measure 3
0000
0000
1100
0101
1100
0101
0000
0000
,  // measure 4
0010
0000
0000
1000
0000
0000
0001
0100
,  // measure 5
0000
0010
0100
0001
,  // measure 6
1000
0110
1001
0101
,  // measure 7
1100
0000
1000
0000
0001
0000
0010
1000
,  // measure 8
0100
0000
0000
0000
0220
1000
0000
0001
,  // measure 9
0001
0000
1000
0330
0000
1100
0000
0000
,  // measure 10
0000
0000
0000
0001
1000
0010
0100
0001
,  // measure 11
1000
0010
0100
0000
0101
0000
0000
0220
,  // measure 12
0000
0000
1000
0001
1000
0001
0000
0330
,  // measure 13
0000
0000
1000
0100
0000
1000
0000
0010
,  // measure 14
0000
0001
0000
0100
0000
1000
0001
0100
,  // measure 15
0010
0000
1000
0001
0100
0000
0010
0002
,  // measure 16
0000
0000
0003
0110
,  // measure 17
1001
1100
0101
1100
,  // measure 18
0101
1001
0000
0110
0000
0000
0000
0001
,  // measure 19
0000
0000
0000
0100
0001
1000
0000
0000
,  // measure 20
0000
0110
1000
0000
0000
0000
0110
0001
,  // measure 21
0000
0000
0000
1100
0100
0000
0000
0000
,  // measure 22
0101
0010
0000
0001
0000
0010
0000
0100
,  // measure 23
0000
0001
0100
0010
1000
0001
0100
0010
,  // measure 24
1000
1000
0010
0100
0001
0000
0110
0000
,  // measure 25
1001
0001
0220
0000
0000
0000
0000
0000
,  // measure 26
0330
0000
0000
0000
1000
1000
1000
1001
,  // measure 27
0100
0100
0100
0101
0010
0010
0010
0110
,  // measure 28
0010
1000
0001
0100
0000
0001
0000
0100
,  // measure 29
0000
1000
0010
0100
0000
0001
0000
1001
,  // measure 30
0000
0000
0000
0000
0000
1000
0000
0001
,  // measure 31
0000
0010
0001
0000
0010
0000
1000
0000
,  // measure 32
0001
0100
1000
0000
0000
0010
0000
1000
,  // measure 33
0000
0001
0000
0100
0000
0000
0000
0010
,  // measure 34
1000
0100
0000
0000
0000
0220
0000
1000
,  // measure 35
0000
1000
0000
0330
0000
0000
0000
1100
,  // measure 36
0101
0000
0000
0000
1100
1000
0000
0000
,  // measure 37
0000
1000
0010
0100
0001
1000
0001
1000
,  // measure 38
0010
0100
0001
0001
1000
0100
0001
1000
,  // measure 39
0100
0001
1000
0100
0001
0010
0100
1000
,  // measure 40
0010
0100
0001
1000
0100
0001
0010
1000
,  // measure 41
0001
0010
1000
1001
0010
0110
0000
2200
,  // measure 42
0000
0000
0000
0000
,  // measure 43
0000
3300
0000
0000
0220
0000
0001
0000
,  // measure 44
0330
2002
0000
0000
0000
3003
2200
0000
,  // measure 45
0000
0000
3300
0202
0000
0000
0000
0303
,  // measure 46
0000
0000
0000
1001
0100
0000
0000
0000
,  // measure 47
0001
1000
0100
0000
0001
1000
0100
0000
,  // measure 48
0001
1000
0100
0000
0001
1000
0100
0000
,  // measure 49
0000
0000
1001
1001
1001
0000
0000
0000
,  // measure 50
0110
0110
0110
0000
2002
0000
0010
0000
,  // measure 51
0100
0010
0100
0010
,  // measure 52
3003
0000
0000
0000
0010
1000
0001
1001
;
