#TITLE:Girls And Boys And Toys;
#SUBTITLE:;
#ARTIST:Mochipet feat. Jahcoozi;
#TITLETRANSLIT:;
#SUBTITLETRANSLIT:;
#ARTISTTRANSLIT:;
#CREDIT:;
#BANNER:Girls And Boys And Toys-bn.png;
#BACKGROUND:Girls And Boys And Toys-bg.png;
#LYRICSPATH:;
#CDTITLE:ddrencores3.png;
#MUSIC:Girls And Boys And Toys.mp3;
#OFFSET:-0.040;
#SAMPLESTART:54.857;
#SAMPLELENGTH:13.714;
#SELECTABLE:YES;
#BPMS:0.000=140.000;
#STOPS:;
#BGCHANGES:;
// cache tags:
#FIRSTBEAT:16.000;
#LASTBEAT:200.000;
#SONGFILENAME:Songs/DDI/Girls And Boys And Toys/Girls And Boys And Toys.sm;
#HASMUSIC:1;
#HASBANNER:1;
#MUSICLENGTH:95.015;
// end cache tags

//---------------dance-single - ----------------
#NOTES:
     dance-single:
     :
     Beginner:
     1:
     0.096,0.132,0.021,0.000,0.000,62.000,2.000,0.000,0.000,0.000:
0000
0000
0000
0000
,
0000
0000
0000
0000
,
0000
0000
0000
0000
,
0000
0000
0000
0000
,
1000
0000
1000
0000
,
0001
0000
0001
0000
,
0100
0000
0100
0000
,
0010
0000
0010
0000
,
0100
0000
0000
0000
,
0001
0000
0000
0000
,
1000
0000
0000
0000
,
0001
0000
0001
0000
,
0001
0000
0000
0000
,
1000
0000
0000
0000
,
0010
0000
0000
0000
,
0100
0000
0100
0000
,
0100
0000
0000
0000
,
0001
0000
0000
0000
,
1000
0000
0000
0000
,
0001
0000
0000
0000
,
0100
0000
0000
0000
,
0010
0000
0000
0000
,
0100
0000
0000
0000
,
0001
0000
0001
0000
,
0001
0000
0000
0000
,
1000
0000
0000
0000
,
0100
0000
0100
0000
,
1000
0000
1000
0000
,
0001
0000
0001
0000
,
0100
0000
0100
0000
,
0010
0000
0000
0000
,
1000
0000
0000
0000
,
0001
0000
0000
0000
,
1000
0000
0000
0000
,
0100
0000
0000
0000
,
1000
0000
0000
0000
,
0001
0000
0000
0000
,
0100
0000
0000
0000
,
0010
0000
0000
0000
,
1000
0000
0000
0000
,
0001
0000
0001
0000
,
1000
0000
0000
0000
,
1000
0000
1000
0000
,
0010
0000
0000
0000
,
0010
0000
0010
0000
,
0100
0000
0000
0000
,
0100
0000
0100
0000
,
0001
0000
0000
0000
,
1001
0000
0000
0000
,
0010
0000
0000
0000
,
0110
0000
0000
0000
;

//---------------dance-single - ----------------
#NOTES:
     dance-single:
     :
     Easy:
     4:
     0.212,0.237,0.095,0.000,0.000,132.000,9.000,0.000,0.000,0.000:
0000
0000
0000
0000
,
0000
0000
0000
0000
,
0000
0000
0000
0000
,
0000
0000
0000
0000
,
1000
0001
0100
0000
,
0010
1000
0001
0000
,
0010
0100
1000
0000
,
0001
0100
0010
0000
,
1000
0000
0001
1000
,
0100
0000
0010
0000
,
0001
1000
0010
1000
,
0001
0000
0001
0000
,
0100
0010
0100
0001
,
1000
0100
1000
0000
,
0001
0000
1000
0000
,
0010
0100
0010
1000
,
0001
0000
1000
0000
,
0100
0000
0100
0000
,
0010
0000
0001
1000
,
0010
0000
0100
0001
,
0100
0000
0010
1000
,
0001
0000
0010
0001
,
1000
0000
0010
0000
,
1000
1000
1000
0001
,
0010
0000
0100
0000
,
1000
0000
0001
0000
,
0100
0010
1000
0000
,
0001
0010
0100
0000
,
1000
0001
0100
0000
,
0001
1000
0010
0000
,
1000
1000
0001
0001
,
0100
0100
0010
0010
,
1000
0100
0010
0001
,
1000
0001
0100
0010
,
1000
0100
0010
0100
,
1000
0001
0100
0000
,
0010
1000
0001
1000
,
0100
1000
0001
0100
,
0010
1000
0001
0000
,
1000
0010
1000
0000
,
0001
0000
1001
0000
,
1000
0000
1010
0000
,
0010
0000
0110
0000
,
0100
0000
0101
0000
,
0001
0000
1001
0000
,
1000
0000
1100
0000
,
1000
0000
1001
0000
,
0001
0000
0101
0000
,
0100
0000
0010
0000
,
1000
0000
0001
0000
,
1001
0000
0000
0000
;

//---------------dance-single - ----------------
#NOTES:
     dance-single:
     :
     Medium:
     6:
     0.337,0.395,0.063,0.168,0.026,202.000,6.000,16.000,0.000,0.000:
0000
0000
0000
0000
,
0000
0000
0000
0000
,
0000
0000
0000
0000
,
0000
0000
0000
0000
,
1000
0001
0100
0000
0010
0000
1010
0000
,
0010
0100
0001
0000
0010
0000
1100
0000
,
1000
0010
0100
0000
0001
0000
1002
0000
,
1003
0010
0100
0000
0001
0000
2001
0000
,
3001
0010
0100
0000
1000
0000
0010
0000
,
0100
0001
0100
0000
0020
0000
2030
0000
,
3001
0000
0100
0010
0100
0000
0001
0000
,
0100
0000
0000
0100
0000
0000
0100
0000
0002
0000
0000
0000
0000
0000
0000
0000
,
1003
0000
0100
0000
0010
0001
0010
0000
,
0100
1000
0001
0100
,
0010
0000
1000
0000
0001
0010
0001
0000
,
0100
0000
0010
0000
1000
0001
1000
0001
,
1000
0000
0010
0000
0100
0001
0100
0000
,
0001
0000
1000
0000
,
0010
0100
0001
0000
1000
0100
1000
0000
,
0001
0000
0100
0010
0100
0000
0001
0000
,
1000
0000
0010
0000
1000
0001
1000
0000
,
0001
0100
0001
1000
,
0100
0000
0010
0001
0010
0000
0001
0000
,
1000
0000
0000
1000
0000
0000
0000
0000
1000
0000
0001
0000
0100
0000
0000
0000
,
0010
0000
1000
0000
0001
0010
0001
0000
,
0000
0100
0000
0010
1000
0000
0001
0000
,
2000
3001
0100
0010
,
0200
0301
1000
0010
,
2000
3001
0010
0100
,
2000
3010
1000
0100
,
0010
0001
0010
0000
0001
0010
0001
0000
,
1000
0001
0100
0110
,
0010
0000
1000
0000
0001
0000
0010
0100
,
0010
0000
0001
0000
1000
0000
0010
0100
,
0010
0000
0000
0000
0100
0000
0000
0000
0001
0000
0000
0001
0000
0000
0000
0000
,
1000
0000
0001
0000
0100
0000
0010
0000
1000
0000
0000
1000
0000
0000
1000
0000
,
0001
0000
1000
0000
0010
0100
0001
0000
,
2000
0000
3000
0000
0001
0000
1000
0001
,
1000
0010
0100
0010
,
1000
0000
0001
0000
1000
0000
0001
0100
,
0010
0000
0000
1000
0001
0000
0000
0000
,
1000
0000
0000
0100
0020
0000
0000
0000
,
0031
0000
0000
1000
0010
0000
0000
0000
,
0100
0000
0000
0001
2000
0000
0000
0000
,
3001
0000
0000
0010
0001
0000
0000
0000
,
1000
0000
0000
0010
0200
0000
0000
0000
,
0301
0000
0000
1000
0010
0000
0000
0000
,
0100
0000
0000
0100
0002
0000
0000
0000
,
1003
0000
0000
1000
0000
0000
1000
0000
0002
0000
0000
0000
0000
0000
0000
0000
,
0103
0000
0000
0010
2000
0000
3000
0000
,
1001
0000
0000
0000
;

//---------------dance-single - ----------------
#NOTES:
     dance-single:
     :
     Hard:
     8:
     0.565,0.553,0.137,0.053,0.326,358.000,13.000,5.000,0.000,0.000:
0000
0000
0000
0000
,
0000
0000
0000
0000
,
0000
0000
0000
0000
,
0000
0000
0000
0000
,
0001
0000
1000
0000
0100
0000
0000
0000
1000
0000
0000
0000
0010
0100
0010
0000
,
0100
0001
0010
0000
0100
1000
0101
0100
,
0010
0000
1000
0000
0001
0000
0000
0000
1000
0000
0000
0000
0001
0010
0001
0000
,
1000
0000
0010
0000
0100
0000
0000
0000
0001
0000
0000
0000
0010
0100
0010
0000
,
0001
0000
1001
0000
0001
0000
0100
0000
0010
1000
0000
1000
0200
0000
0010
0000
,
0310
0001
0010
0000
0100
0000
1000
0000
0001
0000
0100
0000
0001
0000
0100
0000
,
0010
0010
1000
0001
0010
0010
0001
1000
,
0010
0000
0100
0010
0000
0100
0010
0000
0100
0000
0002
0000
0000
0000
1003
0000
,
0010
0100
0001
0000
1000
1000
0100
0000
,
0010
0001
0010
0100
1000
0001
0100
0000
,
0010
0010
1000
1000
0001
0010
0100
1000
,
0001
0100
1000
0100
0010
1000
0100
0010
,
0001
0000
0001
0000
1000
0000
1000
0000
0010
0100
0010
0000
0100
0000
0001
0000
,
1000
0000
0100
0000
0100
0000
0010
0000
0001
0000
0100
0010
0100
0000
0001
0000
,
1000
1100
0100
0010
0001
1000
0020
0000
,
0130
0000
0001
1000
0001
0000
0100
0000
0010
0000
1000
0100
0010
0000
0000
0000
,
0011
0010
0100
1000
0001
0100
0020
0000
,
1030
0000
0001
0000
0010
0000
0100
1000
0100
0000
1000
0000
0001
0000
0000
0000
,
0100
0000
0010
0000
1000
0001
1000
0000
0010
0000
0100
0000
0001
0000
0000
0000
,
1000
0000
0100
1000
0000
0001
0100
0000
0010
0000
1000
0000
0100
0000
0000
0000
,
0010
0001
0100
0010
1000
0001
1000
0000
,
0000
0011
0001
1000
0100
1000
0010
0000
,
0100
0000
1000
0000
0100
0000
0001
0000
0010
0000
0100
1000
0100
0000
0000
0000
,
0010
0000
1000
0000
0010
0000
0001
0000
0100
0000
0010
1000
0010
0000
0000
0000
,
0100
0000
0001
0000
1000
0000
0100
0000
0010
0001
0010
0000
0100
0000
0000
0000
,
1000
0001
0100
0001
1000
0100
0010
0000
,
0001
0010
0001
0000
1000
0010
1000
0000
0001
0100
0001
0000
1000
0100
1000
0000
,
0010
1000
0100
0001
0100
0100
1000
0001
,
0100
0000
0010
1000
0010
0000
0100
0001
0100
0000
0001
0000
1000
0000
0100
0000
,
0010
0001
1000
0001
0100
1000
0100
0010
,
1000
0000
0001
0000
0100
0000
0100
0000
0010
0100
0000
0010
0100
0000
0001
0000
,
1000
1100
0010
0011
0001
1000
0010
0100
,
0001
0000
1001
0000
0001
0000
0100
0000
0010
1000
0010
0000
0100
0000
0000
0000
,
0001
0010
0001
0000
1000
0000
0010
0000
0100
0000
0001
0000
1000
0000
0001
0000
,
1000
0000
1000
0000
0010
0000
0010
0000
0100
0001
0000
0100
0001
0000
1000
0000
,
0100
0000
0001
0000
0100
0000
1000
0000
0010
0000
0010
0000
0100
0001
0100
0001
,
0100
0000
0000
0001
0000
0000
1000
0000
1001
0000
0000
0000
0000
0000
0000
0000
,
0001
0000
0000
0000
0000
0000
0000
0000
0000
0100
0000
0000
0000
0000
0000
0000
0000
0000
0010
0000
0000
0000
0000
0000
1000
0000
0000
0000
0001
0000
0000
0000
1000
0000
0000
0000
0001
0000
0000
0000
1000
0000
0000
0000
0001
0000
0000
0000
,
1000
0000
0000
0001
0000
0000
0100
0000
0110
0000
0000
0000
0000
0000
0000
0000
,
0010
0000
0000
0000
0000
0000
0000
0000
0000
1000
0000
0000
0000
0000
0000
0000
0000
0000
0001
0000
0000
0000
0000
0000
0010
0000
0000
0000
0100
0000
0000
0000
0010
0000
0000
0000
0100
0000
0000
0000
0010
0000
0000
0000
0100
0000
0000
0000
,
0010
0000
0000
0001
0000
0000
1000
0000
1010
0000
0000
0000
0000
0000
0000
0000
,
1000
0000
0000
0000
0000
0000
0000
0000
0000
0001
0000
0000
0000
0000
0000
0000
0000
0000
0010
0000
0000
0000
0000
0000
0001
0000
0000
0000
0100
0000
0000
0000
0001
0000
0000
0000
0100
0000
0000
0000
0001
0000
0000
0000
0100
0000
0000
0000
,
0001
0000
0000
1000
0000
0000
0100
0000
0110
0000
0000
0000
0000
0000
0000
0000
,
0100
0000
0000
0000
0000
0000
0000
0000
0000
1000
0000
0000
0000
0000
0000
0000
0000
0000
0001
0000
0000
0000
0000
0000
1000
0000
0000
0000
0010
0000
0000
0000
1000
0000
0000
0000
0010
0000
0000
0000
1000
0000
0000
0000
0010
0000
0000
0000
,
1000
0000
0001
0010
0000
0001
0010
0000
0100
0000
0000
0000
2000
0000
0000
0000
,
3001
0000
0000
0000
0000
0000
0000
0000
0000
0100
0000
0000
0000
0000
0000
0000
0000
0000
0001
0000
0000
0000
0000
0000
1000
0000
0000
0000
0001
0000
0000
0000
1000
0000
0000
0000
0001
0000
0000
0000
0000
0000
0000
0000
0000
0000
0000
0000
,
1001
0000
0000
0000
;

//---------------dance-double - ----------------
#NOTES:
     dance-double:
     :
     Easy:
     4:
     0.230,0.237,0.095,0.011,0.000,143.000,9.000,1.000,0.000,0.000:
00000000
00000000
00000000
00000000
,
00000000
00000000
00000000
00000000
,
00000000
00000000
00000000
00000000
,
00000000
00000000
00000000
00000000
,
10000000
00100000
01000000
00000000
,
00010000
10000000
01000000
00000000
,
00100000
00001000
00010000
00000000
,
00000100
00010000
00001000
00000000
,
00010000
00000000
00000100
00001000
,
00000010
00000000
00000100
00000001
,
00001000
00001000
00000010
00000010
,
00000100
00000001
00001000
00000000
,
00000100
00000000
00010000
00001000
,
00010000
00000000
00001000
00100000
,
00010000
00010000
10000000
10000000
,
00100000
01000000
00010000
10000000
,
01000000
01000000
00100000
00100000
,
00010000
00000000
10000000
00000000
,
00010000
00000000
01000000
00100000
,
10000000
10000000
00010000
00100000
,
01000000
01000000
10000000
00100000
,
01000000
00010000
10000000
00000000
,
00010000
00100000
00100000
00000000
,
00001000
00001000
00010000
00000000
,
00000100
00000100
00001000
00000000
,
00000001
00000100
00000001
00001000
,
00000100
00000000
00001000
00000010
,
00000100
00000000
00000010
00001000
,
00000100
00000000
00010000
00000000
,
00001000
00100000
00010000
00000000
,
10000000
10000000
00100000
00100000
,
01000000
01000000
00010000
00000000
,
10000000
01000000
10000000
00010000
,
01000000
00010000
00100000
00001000
,
00010000
00000010
00000100
00000100
,
00000001
00000001
00001000
00001000
,
00000100
00010000
00001000
01000000
,
00100000
00100000
10000000
01000000
,
00100000
00010000
01000000
01000000
,
00010000
00100000
00001000
00000000
,
00010000
00000000
00010100
00000000
,
00010000
00000000
00010010
00000000
,
00000010
00000000
00000110
00000000
,
00000100
00000000
00000101
00000000
,
00000001
00000000
00001001
00000000
,
00001000
00000000
00001100
00000000
,
00000100
00000000
00010100
00000000
,
00010000
00000000
00011000
00000000
,
00001000
00001000
00020000
00000000
,
00031000
00000000
01000000
00000000
,
01100000
00000000
00000000
00000000
;

//---------------dance-double - ----------------
#NOTES:
     dance-double:
     :
     Medium:
     6:
     0.341,0.368,0.042,0.147,0.011,209.000,4.000,14.000,0.000,0.000:
00000000
00000000
00000000
00000000
,
00000000
00000000
00000000
00000000
,
00000000
00000000
00000000
00000000
,
00000000
00000000
00000000
00000000
,
10000000
00000000
00010000
00000000
01000000
00000000
00100000
10000000
,
00100000
00000000
01000000
00000000
00001000
00000000
00010000
00001000
,
00010000
00000000
00000010
00000000
00000100
00000000
00000001
00001000
,
00000001
00000100
00000010
00002000
,
00003001
00000010
00000001
00000000
00000100
00000000
00000010
00000000
,
00001000
00000001
00000100
00000000
00000001
00000000
00000100
00000000
,
00000010
00000000
00001000
00000001
00001000
00000000
00000001
00000010
,
00000001
00001000
00000020
00000000
,
00000130
00000000
00000001
00000000
00001000
00000100
00001000
00000000
,
00000010
00000100
00000001
00001001
,
00000001
00000000
00000100
00000000
00000010
00001000
00000010
00000000
,
00000100
00000000
00000001
00000000
00001000
00000100
00000010
00000000
,
00000001
00000000
00000100
00000000
00000010
00001000
00000010
00000000
,
00010000
00000000
00001000
00000000
,
00100000
00010000
01000000
00000000
00100000
10000000
00100000
00000000
,
01000000
00000000
00010000
10000000
00010000
00000000
00100000
00000000
,
00001000
00000000
00010000
00000000
00000010
00000100
00000010
00000000
,
00000100
00000000
00000001
00000000
00001000
00000100
00001000
00000000
,
00000001
00000000
00000100
00000000
00000010
00001000
00000010
00000000
,
00001000
00000000
00000000
00001000
00000000
00000000
00001000
00000000
00000010
00000000
00000100
00000000
00000001
00000000
00000000
00000000
,
00000001
00000000
00001000
00000000
00000100
00000010
00000100
00000000
,
00000000
00001000
00000001
00000000
00001000
00000000
00000010
00000000
,
00020000
00000000
00031000
00000000
01000000
00100000
01000000
00000000
,
00020000
00000000
00130000
00000000
01000000
10000000
01000000
00000000
,
20000000
00000000
30010000
00000000
01000000
00100000
01000000
00000000
,
00020000
00000000
10030000
00000000
00100000
01000000
00100000
00000000
,
01000000
00010000
01000000
00000000
00001000
00010000
00001000
00000000
,
00010000
00000010
00000200
00000301
,
00000001
00000000
00001000
00000000
00000100
00000000
00000010
00000001
,
00000010
00000000
00000001
00000000
00000100
00000000
00000010
00001000
,
00000010
00000000
00010000
00000000
00001000
00100000
00010000
00000000
,
00101000
00000000
00110000
00000000
00010000
01000000
00100000
00000000
,
10000000
00010000
01000000
00000000
00010000
00000000
10000000
00000000
,
00100000
01000000
00010000
00000000
00100000
00000000
01000000
00000000
,
00100000
00000000
00001000
00000000
00010000
00000100
00010000
00000000
,
00010000
00001000
00010000
00000010
00002000
00000000
00003010
00000100
,
00000010
00000000
00000000
00001000
00000001
00000000
00000000
00000000
,
00001000
00000000
00000000
00000100
00020000
00000000
00000000
00000000
,
00031000
00000000
00000000
01000000
00100000
00000000
00000000
00000000
,
10000000
00000000
00000000
00010000
00200000
00000000
00000000
00000000
,
00301000
00000000
00000000
00010000
00001000
00000000
00000000
00000000
,
00100000
00000000
00000000
00010000
02000000
00000000
00000000
00000000
,
03001000
00000000
00000000
00010000
00000010
00000000
00000000
00000000
,
00000100
00000000
00000000
00000001
00002000
00000000
00000000
00000000
,
00003100
00000000
00000000
00000100
00000000
00000000
00000100
00000000
00002000
00000000
00000000
00000000
00000000
00000000
00000000
00000000
,
00003001
00000000
00000000
00001000
00000020
00000000
00000030
00000000
,
00001010
00000000
00000000
00000000
;

//---------------dance-double - ----------------
#NOTES:
     dance-double:
     :
     Hard:
     8:
     0.550,0.553,0.189,0.042,0.305,344.000,18.000,4.000,0.000,0.000:
00000000
00000000
00000000
00000000
,
00000000
00000000
00000000
00000000
,
00000000
00000000
00000000
00000000
,
00000000
00000000
00000000
00000000
,
10000000
00010000
01000000
00010000
00100000
00000000
00101000
00000000
,
00001000
00010000
00000010
00000100
00000001
00000000
00001001
00000000
,
00000001
00000100
00000001
00001000
00000100
00000000
00010100
00000000
,
00010000
00001000
00100000
00010000
10000000
00000000
10010000
00000000
,
00010000
01010000
00010000
10000000
01000000
00100000
00010000
00000000
,
01000000
00100000
01000000
00000000
00010000
00000000
10000000
00000000
01000000
00000000
00100000
00000000
00001000
00000000
00000000
00000000
,
00010000
00000100
00001000
00000000
00000100
00010000
00001000
00000000
,
00010000
00000000
00001000
00100000
00000000
00001000
00100000
00000000
00020000
00000000
00000000
00000000
02030000
00000000
00000000
00000000
,
03010000
00000000
10000000
00000000
01000000
00000000
00000000
00000000
00100000
00010000
00100000
00010000
00100000
00000000
00000000
00000000
,
00001000
00010000
00000010
00001000
00000100
00001000
00000001
00000000
,
00000100
00000000
00000100
00000000
00000010
00000000
00000010
00000000
00001000
00000100
00001000
00000000
00000001
00000000
00000100
00000000
,
00000010
00000000
00001000
00000000
00000100
00000000
00010000
00000000
00000100
00001000
00000100
00000000
00001000
00000000
00000001
00000000
,
00000100
00000000
00000100
00000000
00000001
00000000
00000001
00000000
00001000
00000100
00001000
00000000
00000010
00000000
00000100
00000000
,
00000001
00001000
00000100
00010000
,
00001000
00011000
00001000
01000000
00100000
10000000
01000000
00000000
,
00100000
00000000
00010000
00000000
10000000
00100000
10000000
00000000
00010000
00000000
10000000
00000000
01000000
00000000
00000000
00000000
,
00100000
00000000
00010000
00000000
01000000
00000000
00001000
00000000
00010000
00000000
00001000
00000000
01000000
00000000
00100000
10000000
,
00100000
01000000
00010000
00100000
00001000
00010000
00000100
00000000
,
00000010
00000001
00000010
00000000
00000001
00001000
00000001
00000000
00000100
00000000
00000100
00000000
00000010
00000000
00000000
00000000
,
00001000
00000000
00000100
00010000
00000000
00010000
00001000
00000000
01000000
00000000
01000000
00000000
00100000
00000000
00000000
00000000
,
10000000
00010000
10000000
00000000
00100000
00000000
01000000
00000000
00010000
00000000
00010000
00000000
10000000
00000000
00000000
00000000
,
00000000
00110000
00010000
01000000
00001000
00010000
00000010
00000000
,
00000100
00000000
00001000
00000000
00000100
00000000
00000001
00000000
00000010
00000000
00000100
00001000
00000100
00000000
00000000
00000000
,
00000010
00000000
00001000
00000000
00000010
00000000
00000001
00001000
00000001
00000000
00000100
00000000
00000010
00000000
00000000
00000000
,
00001000
00000000
00000100
00000000
00000010
00000000
00000001
00000000
00001000
00000100
00001000
00000000
00000100
00000000
00000000
00000000
,
00010000
00001000
01000000
00010000
10000000
01000000
00100000
00000000
,
00010000
01000000
00010000
00000000
10000000
00100000
10000000
00000000
00100000
01000000
00100000
00000000
01000000
00010000
01000000
00000000
,
00010000
00010000
10000000
10000000
01000000
01000000
10000000
00010000
,
00100000
00000000
00001000
00010000
00001000
00000000
00010000
00001000
00010000
00000000
00000100
00000000
00001000
00000000
00000010
00000000
,
00000100
00000001
00000010
00000001
00001000
00000010
00000001
00000010
,
00001000
00000000
00001000
00000000
00000010
00000000
00000100
00000000
00000001
00000010
00000000
00000100
00001000
00000000
00000000
00000000
,
00000001
00000000
00000011
00000000
00000001
00000000
00001001
00000000
00000001
00000000
00000100
00000000
00000010
00001000
00000010
00000000
,
00000100
00000101
00000000
00000001
00001000
00000100
00000010
00000001
,
00001000
00000010
00001000
00000000
00000001
00000000
00000100
00000000
00000001
00000000
00000010
00000000
00001000
00000000
00000010
00000000
,
00000001
00000001
00001000
00001000
00000010
00010000
00001000
00100000
,
00010000
00000000
00110000
00000000
01000000
00000000
11000000
00000000
20000000
00000000
00000000
00000000
30010000
01000000
00010000
01000000
,
00010000
00000000
00000000
10000000
00000000
00000000
01000000
00000000
01100000
00000000
00000000
00000000
00000000
00000000
00000000
00000000
,
01000000
00000000
00000000
00000000
00000000
00000000
00000000
00000000
00000000
10000000
00000000
00000000
00000000
00000000
00000000
00000000
00000000
00000000
00010000
00000000
00000000
00000000
00000000
00000000
01000000
00000000
00000000
00000000
00100000
00000000
00000000
00000000
01000000
00000000
00000000
00000000
00100000
00000000
00000000
00000000
01000000
00000000
00000000
00000000
00100000
00000000
00000000
00000000
,
01000000
00000000
00000000
00010000
00000000
00000000
10000000
00000000
10010000
00000000
00000000
00000000
00000000
00000000
00000000
00000000
,
00010000
00000000
00000000
00000000
00000000
00000000
00000000
00000000
00000000
00100000
00000000
00000000
00000000
00000000
00000000
00000000
00000000
00000000
00001000
00000000
00000000
00000000
00000000
00000000
00010000
00000000
00000000
00000000
00001000
00000000
00000000
00000000
00010000
00000000
00000000
00000000
00001000
00000000
00000000
00000000
00010000
00000000
00000000
00000000
00001000
00000000
00000000
00000000
,
00010000
00000000
00000000
00000010
00000000
00000000
00000100
00000000
00000101
00000000
00000000
00000000
00000000
00000000
00000000
00000000
,
00000001
00000000
00000000
00000000
00000000
00000000
00000000
00000000
00000000
00000010
00000000
00000000
00000000
00000000
00000000
00000000
00000000
00000000
00000001
00000000
00000000
00000000
00000000
00000000
00001000
00000000
00000000
00000000
00000010
00000000
00000000
00000000
00001000
00000000
00000000
00000000
00000010
00000000
00000000
00000000
00001000
00000000
00000000
00000000
00000010
00000000
00000000
00000000
,
00001000
00000000
00000000
00000100
00000000
00000000
00010000
00000000
00011000
00000000
00000000
00000000
00000000
00000000
00000000
00000000
,
00001000
00000000
00000000
00000000
00000000
00000000
00000000
00000000
00000000
00100000
00000000
00000000
00000000
00000000
00000000
00000000
00000000
00000000
00010000
00000000
00000000
00000000
00000000
00000000
10000000
00000000
00000000
00000000
00100000
00000000
00000000
00000000
10000000
00000000
00000000
00000000
00100000
00000000
00000000
00000000
10000000
00000000
00000000
00000000
00100000
00000000
00000000
00000000
,
10000000
00000000
00000000
00010000
00000000
00000000
00100000
00000000
00101000
00000000
00000000
00000000
00002000
00000000
00000000
00000000
,
00013000
00000000
00000000
00000000
00000000
00000000
00000000
00000000
00000000
00000010
00000000
00000000
00000000
00000000
00000000
00000000
00000000
00000000
00000100
00000000
00000000
00000000
00000000
00000000
00000001
00000000
00000000
00000000
00001000
00000000
00000000
00000000
00000001
00000000
00000000
00000000
00001000
00000000
00000000
00000000
00000000
00000000
00000000
00000000
00000000
00000000
00000000
00000000
,
00001001
00000000
00000000
00000000
;

//---------------dance-double - ----------------
#NOTES:
     dance-double:
     :
     Challenge:
     9:
     0.594,0.553,0.158,0.053,0.447,375.000,15.000,5.000,0.000,0.000:
00000000
00000000
00000000
00000000
,
00000000
00000000
00000000
00000000
,
00000000
00000000
00000000
00000000
,
00000000
00000000
00000000
00000000
,
00000001
00000000
00000010
00000000
00000001
00000000
00000000
00000001
00000010
00000000
00000100
00000000
00001000
00000001
00001000
00000001
,
00001000
00000000
00000010
00000000
00000100
00000000
00000000
00000100
00000001
00000000
00001000
00000000
00000100
00000000
00000110
00000000
,
00000100
00000000
00001000
00000000
00000010
00000000
00000000
00000010
00001000
00000000
00000001
00000000
00000010
00000100
00000010
00000100
,
00000010
00000000
00000100
00000000
00001000
00000000
00000000
00001000
00000100
00000000
00010000
00000000
00001000
00010000
00001000
00010000
,
00001000
00000000
01001000
00000000
00000000
00000000
01000000
00000000
00100000
10000000
00000000
00010000
00100000
00000000
01000000
10000000
,
00010000
01000000
00010000
00000000
10000000
00000000
00100000
00000000
10000000
00000000
01000000
00000000
00010000
00000000
01000000
00000000
,
10000000
10000000
00100000
01000000
00010000
00010000
00100000
01000000
,
10000000
00000000
00010000
01000000
00000000
00010000
00100000
00000000
00001000
00000000
00001000
00000000
00020000
00000000
00000000
00000000
,
00031000
00000000
00010000
00000000
00000100
00000000
00000000
00000000
00001000
00000100
00001000
00000100
00001000
00000000
00000000
00000000
,
00000001
00000100
00000001
00000000
00001000
00000000
00000010
00000100
00000010
00000000
00000100
00000000
00000001
00000000
00000000
00000000
,
00001000
00000000
00001000
00000000
00000100
00000000
00000100
00000000
00001000
00000001
00001000
00000000
00000001
00000000
00000100
00000000
,
00000010
00001000
00000010
00000000
00000100
00000000
00000001
00000000
00001000
00000100
00001000
00000000
00000010
00000000
00000100
00000000
,
00000001
00000000
00000001
00000000
00000010
00000000
00000010
00000000
00000001
00000100
00000001
00000000
00001000
00000000
00001000
00000000
,
00000001
00000100
00000001
00000000
00001000
00000000
00000100
00000000
,
00010000
00000000
00011000
00000000
00001000
00000000
01000000
00000000
00100000
10000000
00100000
00000000
01000000
00000000
00000000
00000000
,
00010000
00000000
10000000
00000000
00100000
01000000
00100000
01000000
00100000
00000000
10000000
00000000
00010000
00000000
00000000
00000000
,
10000000
00000000
01000000
00000000
10000000
00000000
00010000
00100000
00010000
00000000
01000000
00000000
00100000
00000000
10000000
00000000
,
10000000
00010000
00100000
00010000
01000000
00001000
00010000
00000000
,
00001000
00010000
00001000
00000000
00010000
00001000
00010000
00000000
00000100
00000000
00001000
00000000
00000010
00000000
00000000
00000000
,
00000100
00000000
00000001
00000100
00000000
00000001
00001000
00000001
00001000
00000000
00000100
00000000
00000010
00000000
00000000
00000000
,
00000001
00000100
00000001
00000000
00001000
00000000
00000010
00000000
00000010
00000000
00000100
00000000
00000001
00000000
00000000
00000000
,
00000000
00000000
00001001
00000000
00000001
00000100
00000001
00000000
00001000
00000000
00000100
00000000
00010000
00000000
00000000
00000000
,
00001000
00000000
00010000
00000000
00001000
00000000
01000000
00000000
00100000
00000000
01000000
00010000
01000000
00000000
00000000
00000000
,
00001000
00000000
00010000
00000000
00001000
00000000
00010000
00000100
00010000
00000000
00000100
00000010
00000100
00000000
00000000
00000000
,
00010000
00000000
00001000
00000000
00010000
00000000
00000010
00000000
00000100
00000010
00000100
00000000
00000010
00000000
00000000
00000000
,
00010000
00001000
00010000
00001000
01000000
01000000
00100000
00000000
,
10000000
00010000
10000000
00000000
00010000
01000000
00010000
00000000
00100000
00010000
00100000
00000000
00001000
00010000
00001000
00000000
,
00010000
00010000
00000100
00000100
00020000
00000000
00001000
00030000
,
00010000
00000000
00000100
00000000
00001000
00000000
00001000
00000000
00000010
00000000
00000100
00000000
00000001
00000010
00000001
00000010
,
00000001
00000100
00000010
00000100
00000001
00000010
00001000
00000010
,
00000001
00000000
00000001
00000000
00001000
00000000
00001000
00000000
00000010
00000100
00000000
00000010
00001000
00000000
00000000
00000000
,
00001010
00000000
00000100
00000000
00011000
00000000
00010000
00000000
00011000
00000000
00000000
01001000
00000000
00000000
00000000
00000000
,
01000000
00000000
01100000
00000000
00100000
00000000
10000000
00000000
00010000
00100000
00000000
01000000
10000000
00000000
00010000
01000000
,
00010000
10000000
00100000
00000000
01000000
00000000
00010000
00000000
10000000
00000000
01000000
00000000
00010000
00000000
01000000
00000000
,
10000000
00000000
10000000
00000000
00100000
00000000
01000000
00000000
00010000
00100000
00000000
00010000
01000000
00000000
00010000
00000000
,
00100000
00000000
00010000
00000000
00100000
00000000
00001000
00000000
00020000
00000000
00000000
00000000
00031000
00010000
00001000
00010000
,
00000100
00000000
00000000
00001000
00000000
00000000
00000001
00000000
00000101
00000000
00000000
00000000
00000000
00000000
00000000
00000000
,
00000001
00000000
00000000
00000000
00000000
00000000
00000000
00000000
00000000
00001000
00000000
00000000
00000000
00000000
00000000
00000000
00000000
00000000
00000100
00000000
00000000
00000000
00000000
00000000
00000010
00000000
00000000
00000000
00000001
00000000
00000000
00000000
00000010
00000000
00000000
00000000
00000001
00000000
00000000
00000000
00000010
00000000
00000000
00000000
00000001
00000000
00000000
00000000
,
00000010
00000000
00000000
00000001
00000000
00000000
00000100
00000000
00000110
00000000
00000000
00000000
00000000
00000000
00000000
00000000
,
00000010
00000000
00000000
00000000
00000000
00000000
00000000
00000000
00000000
00001000
00000000
00000000
00000000
00000000
00000000
00000000
00000000
00000000
00000100
00000000
00000000
00000000
00000000
00000000
00010000
00000000
00000000
00000000
00001000
00000000
00000000
00000000
00010000
00000000
00000000
00000000
00001000
00000000
00000000
00000000
00010000
00000000
00000000
00000000
00001000
00000000
00000000
00000000
,
00010000
00000000
00000000
01000000
00000000
00000000
10000000
00000000
10100000
00000000
00000000
00000000
00000000
00000000
00000000
00000000
,
01000000
00000000
00000000
00000000
00000000
00000000
00000000
00000000
00000000
00100000
00000000
00000000
00000000
00000000
00000000
00000000
00000000
00000000
10000000
00000000
00000000
00000000
00000000
00000000
00010000
00000000
00000000
00000000
01000000
00000000
00000000
00000000
00010000
00000000
00000000
00000000
01000000
00000000
00000000
00000000
00010000
00000000
00000000
00000000
01000000
00000000
00000000
00000000
,
00010000
00000000
00000000
00100000
00000000
00000000
00001000
00000000
00011000
00000000
00000000
00000000
00000000
00000000
00000000
00000000
,
00000100
00000000
00000000
00000000
00000000
00000000
00000000
00000000
00000000
00010000
00000000
00000000
00000000
00000000
00000000
00000000
00000000
00000000
00001000
00000000
00000000
00000000
00000000
00000000
00010000
00000000
00000000
00000000
00001000
00000000
00000000
00000000
00010000
00000000
00000000
00000000
00001000
00000000
00000000
00000000
00010000
00000000
00000000
00000000
00001000
00000000
00000000
00000000
,
00010000
00000000
00001000
00100000
00000000
00100000
00001000
00000000
00021000
00000000
00000000
00000000
00032000
00000000
00000000
00000000
,
00013000
00000000
00000000
00000000
00000000
00000000
00000000
00000000
00000000
00001000
00000000
00000000
00000000
00000000
00000000
00000000
00000000
00000000
00010000
00000000
00000000
00000000
00000000
00000000
00000100
00000000
00000000
00000000
00001000
00000000
00000000
00000000
00000100
00000000
00000000
00000000
00001000
00000000
00000000
00000000
00000000
00000000
00000001
00000000
00000000
00000000
00000000
00000000
,
00001001
00000000
00000000
00000000
;

//---------------dance-single - ----------------
#NOTES:
     dance-single:
     :
     Challenge:
     9:
     0.604,0.553,0.189,0.063,0.426,378.000,18.000,6.000,0.000,0.000:
0000
0000
0000
0000
,
0000
0000
0000
0000
,
0000
0000
0000
0000
,
0000
0000
0000
0000
,
0001
0000
1000
0000
0100
0000
1000
0000
1000
0000
0010
0000
0100
0001
0100
0001
,
0100
0010
1000
0100
0100
1000
0010
0100
,
0001
0000
0010
0000
0001
0000
0100
0000
0100
0000
0010
0000
1000
0001
1000
0001
,
1000
0000
0010
0000
0100
0000
0001
0000
0001
0000
1000
0000
0100
0010
0100
0010
,
0100
0000
1100
0000
1000
0000
0001
0000
0100
0010
0000
0010
1000
0000
0001
0010
,
0100
1000
0100
0000
1000
0000
0001
0000
0100
0000
1000
0000
0100
0000
0001
0000
,
1000
1000
0100
0010
0001
0001
0100
0010
,
1000
0000
0001
0100
0000
0001
1000
0000
0020
0000
0200
0000
0000
0000
0330
0000
,
0110
0000
0010
0000
1000
0000
0000
0000
0001
0010
0001
0010
0001
0000
0000
0000
,
1000
0001
0100
1000
0100
0010
1000
0000
,
0001
0000
0001
0000
0010
0000
0010
0000
0001
0100
0010
0000
1000
0000
0100
0000
,
0010
0000
0001
0000
0100
0000
1000
0000
0100
0010
0100
0000
0010
0000
1000
0000
,
0001
0000
0001
0000
0100
0000
0100
0000
0010
1000
0010
0000
0100
0000
0100
0000
,
0001
0010
1000
0010
0001
0100
1000
0100
,
0010
0000
1010
0000
1000
0000
0001
0100
0001
0000
1000
0000
0010
0000
0000
0000
,
0100
0000
0001
0000
0010
0100
0010
0100
0010
0000
0001
0000
1000
0000
0000
0000
,
0110
0000
0000
0000
0101
0000
0001
1000
0100
0000
1000
0000
0010
0000
0100
0000
,
1000
0000
0100
0000
0010
0000
1000
0001
1000
0000
0001
0000
0010
0000
0000
0100
,
1000
0000
0010
0000
0100
0001
0100
0000
0010
0000
1000
0000
0100
0000
0000
0000
,
1000
0000
0001
1000
0000
0010
0100
0000
0001
0000
1000
0000
0100
0000
0000
0000
,
1000
0000
0001
0000
0100
0000
0010
1000
0010
0000
0100
0000
0001
0000
0000
0000
,
0000
1100
0100
0010
0001
1000
0010
0000
,
0100
0000
1000
0000
0100
0000
0010
0000
1000
0000
0100
0010
0001
0000
0000
0000
,
1000
0000
0010
0000
0001
0000
0010
0100
0010
0000
0100
0001
0100
0000
0000
0000
,
0001
0000
0100
0000
1000
0000
0100
0000
0010
1000
0010
0000
0100
0000
0000
0000
,
0001
0000
0010
0000
1000
0000
0010
0000
0001
1000
0001
0000
0100
0000
0000
0000
,
0001
0010
0100
0000
1000
0010
0100
0000
0001
1000
0100
0000
0010
0001
1000
0000
,
0001
0010
1000
0010
0001
0100
0020
0000
,
1030
0000
0001
0100
0001
0000
1000
0100
1000
0000
0010
0000
0100
0001
0100
0001
,
0100
0001
1000
0100
0010
0001
0100
1000
,
0100
0000
0100
0000
0010
0000
1000
0000
0001
0010
0000
0001
0010
0000
0000
0000
,
0001
0000
0101
0000
0010
0000
1010
0000
0110
0000
0000
0110
0000
0000
0010
1000
,
0001
0000
1001
0000
0001
0000
0010
0000
0100
1000
0000
0001
0100
0000
0010
1000
,
0100
0010
0100
0000
1000
0000
0001
0000
1000
0000
0100
0000
0001
0000
0100
0000
,
1000
0000
1000
0000
0010
0000
0010
0000
0100
0001
0000
0100
0001
0000
0000
0000
,
1000
0000
1010
0000
0100
0000
0101
0000
0002
0000
0000
0000
1003
0010
0100
0001
,
1000
0000
0000
1000
0000
0000
1000
0000
1001
0000
0000
0000
0000
0000
0000
0000
,
0001
0000
0000
0000
0000
0000
0000
0000
0000
0001
0000
0000
0000
0000
0000
0000
0000
0000
0001
0000
0000
0000
0000
0000
0100
0000
0000
0000
0010
0000
0000
0000
0100
0000
0000
0000
0010
0000
0000
0000
0100
0000
0000
0000
0010
0000
0000
0000
,
0100
0000
0000
0100
0000
0000
0100
0000
0101
0000
0000
0000
0000
0000
0000
0000
,
0001
0000
0000
0000
0000
0000
0000
0000
0000
0001
0000
0000
0000
0000
0000
0000
0000
0000
0001
0000
0000
0000
0000
0000
1000
0000
0000
0000
0010
0000
0000
0000
1000
0000
0000
0000
0010
0000
0000
0000
1000
0000
0000
0000
0010
0000
0000
0000
,
1000
0000
0000
1000
0000
0000
1000
0000
1010
0000
0000
0000
0000
0000
0000
0000
,
0010
0000
0000
0000
0000
0000
0000
0000
0000
0010
0000
0000
0000
0000
0000
0000
0000
0000
0010
0000
0000
0000
0000
0000
0100
0000
0000
0000
0001
0000
0000
0000
0100
0000
0000
0000
0001
0000
0000
0000
0100
0000
0000
0000
0001
0000
0000
0000
,
0100
0000
0000
0100
0000
0000
0100
0000
0101
0000
0000
0000
0000
0000
0000
0000
,
0001
0000
0000
0000
0000
0000
0000
0000
0000
0001
0000
0000
0000
0000
0000
0000
0000
0000
0001
0000
0000
0000
0000
0000
1000
0000
0000
0000
0100
0000
0000
0000
1000
0000
0000
0000
0100
0000
0000
0000
1000
0000
0000
0000
0100
0000
0000
0000
,
1000
0000
0010
0100
0000
0001
0010
0000
0200
0000
0000
0000
0302
0000
0000
0000
,
0103
0000
0000
0000
0000
0000
0000
0000
0000
0010
0000
0000
0000
0000
0000
0000
0000
0000
0001
0000
0000
0000
0000
0000
1000
0000
0000
0000
0010
0000
0000
0000
1000
0000
0000
0000
0010
0000
0000
0000
0000
0000
0100
0000
0000
0000
0000
0000
,
1001
0000
0000
0000
;
