#TITLE:Voyage;
#SUBTITLE:(Silver & Chrome Remix);
#ARTIST:DJ Mind-X;
#TITLETRANSLIT:;
#SUBTITLETRANSLIT:;
#ARTISTTRANSLIT:;
#CREDIT:;
#BANNER:Voyage (Silver & Chrome Remix)-bn.png;
#BACKGROUND:Voyage (Silver & Chrome Remix)-bg.png;
#LYRICSPATH:Voyage (Silver & Chrome Remix).lrc;
#CDTITLE:sporktitles3.png;
#MUSIC:Voyage (Silver & Chrome Remix).mp3;
#OFFSET:-0.048;
#SAMPLESTART:44.644;
#SAMPLELENGTH:13.737;
#SELECTABLE:YES;
#DISPLAYBPM:140.000;
#BPMS:0.000=139.772,96.000=34.943,98.000=139.772;
#STOPS:;
#BGCHANGES:;
// cache tags:
#FIRSTBEAT:16.000;
#LASTBEAT:234.000;
#SONGFILENAME:Songs/DDI/Voyage (Silver & Chrome Remix)/Voyage (Silver & Chrome Remix).sm;
#HASMUSIC:1;
#HASBANNER:1;
#MUSICLENGTH:104.001;
// end cache tags

//---------------dance-single - ----------------
#NOTES:
     dance-single:
     :
     Beginner:
     2:
     0.173,0.276,0.154,0.000,0.000,110.000,16.000,0.000,0.000,0.000:
0000
0000
0000
0000
,
0000
0000
0000
0000
,
0000
0000
0000
0000
,
0000
0000
0000
0000
,
1000
0000
0100
0000
,
1000
0000
0001
0000
,
0100
0000
0010
0000
,
1001
0000
0000
0000
,
1000
0000
1000
0000
,
0001
0000
0001
0000
,
0100
0000
0100
0000
,
0010
0000
1000
0000
,
0001
0000
0001
0000
,
0010
0000
0010
0000
,
0100
0000
0100
0000
,
1000
0000
0001
0000
,
1001
0000
0000
0000
,
0000
0000
0110
0000
,
0110
0000
0000
0000
,
0000
0000
0000
0110
,
0110
0000
0000
0000
,
0000
0000
1001
1001
,
1001
0000
0000
1001
,
1001
0000
0110
0000
,
1001
0000
1000
0000
,
0001
0000
0100
0000
,
0010
0000
1001
0000
,
0100
0000
0001
0000
,
0010
0010
0010
0000
,
0001
0000
1000
0000
,
0001
0000
0110
0000
,
1000
0000
0001
0000
,
0100
0100
0100
0000
,
0010
0000
0100
0000
,
0001
0001
0001
0000
,
1000
0000
0001
0000
,
0100
0100
0100
0000
,
0010
0000
1000
0000
,
0001
0001
0001
0000
,
0000
0000
1000
0000
,
0000
0000
0100
0000
,
1000
0000
0100
0000
,
1000
0000
0001
0000
,
0100
0000
0001
0000
,
0100
0000
0010
0000
,
0010
0000
0100
0000
,
0100
0000
0001
0000
,
0001
0000
1000
0000
,
0100
0000
1000
1000
,
1000
0000
0001
0001
,
0001
0000
1000
1000
,
1000
0000
0010
0000
,
0100
0000
0001
0001
,
0001
0000
1000
1000
,
1000
0000
0100
0100
,
0100
0000
0010
0000
,
0001
0000
1001
0000
,
0000
0000
0100
0000
;

//---------------dance-single - ----------------
#NOTES:
     dance-single:
     :
     Easy:
     4:
     0.235,0.253,0.038,0.154,0.000,151.000,4.000,16.000,0.000,0.000:
0000
0000
0000
0000
,
0000
0000
0000
0000
,
0000
0000
0000
0000
,
0000
0000
0000
0000
,
0010
1000
0000
0001
,
0000
0100
0000
0001
,
0000
1000
0000
0100
,
0020
0000
0000
0030
,
0100
1000
0010
0010
,
1000
0001
0100
0100
,
0010
1000
0001
0001
,
0100
0010
1000
0001
,
1000
0010
0100
0100
,
0001
1000
0010
0010
,
0100
0001
1000
1000
,
0001
0000
0110
0000
,
2000
0000
0000
0000
,
3000
0000
0010
0000
,
0200
0000
0000
0000
,
0300
0000
0000
0100
,
0002
0000
0000
0000
,
0003
0000
1000
0100
,
0020
0000
0000
0100
,
0230
0000
0000
0000
2000
0000
0000
3300
,
1001
0000
0001
1000
,
0010
0100
0001
1000
,
0100
0000
0010
0100
,
1000
0010
0100
0001
,
1000
0010
0010
0100
,
0001
0010
0100
1000
,
0001
0000
1000
0010
,
0100
0001
0100
0010
,
1000
0001
0001
0000
,
0010
0000
0100
0000
,
1000
0010
0001
0000
,
0010
0000
1000
0000
,
0001
0000
1001
0000
,
0010
0000
0100
0000
,
0001
0010
0200
0000
,
0300
0000
0020
0000
,
0030
0000
0001
1000
,
0100
0000
1000
0001
,
0100
0000
0001
1000
,
0010
0000
1000
0001
,
0010
0000
0100
1000
,
0100
1000
0001
0100
,
0001
0100
0010
1000
,
0001
0100
0010
1000
,
0001
0100
0020
0000
,
1030
0001
0200
0000
,
0310
1000
0002
0000
,
0013
0100
2000
0000
,
3002
0000
1003
0010
,
0100
0100
0001
1000
,
0010
0010
0100
0001
,
1000
1000
0100
0000
,
1001
0000
0200
0000
,
0000
0000
0020
0000
,
0000
0000
0330
0000
;

//---------------dance-single - ----------------
#NOTES:
     dance-single:
     :
     Medium:
     5:
     0.341,0.394,0.212,0.163,0.000,209.000,22.000,17.000,0.000,0.000:
0000
0000
0000
0000
,
0000
0000
0000
0000
,
0000
0000
0000
0000
,
0000
0000
0000
0000
,
1000
0000
0010
0000
0100
0001
0100
0000
,
0010
0000
1000
0000
0100
1000
0100
0000
,
0010
0000
0001
0000
1000
0001
1000
0000
,
2002
0000
0000
3003
,
0001
0000
0100
0000
0010
1000
0000
1000
,
0010
0000
0100
0000
0001
1000
0000
1000
,
0001
0000
0010
0000
0100
1000
0000
1000
,
0100
0010
0001
1000
,
0010
0000
0100
0000
0001
0100
0000
0100
,
0001
0000
1000
0000
0010
1000
0000
1000
,
0010
0000
0100
0000
0001
1000
0000
1000
,
0200
0000
0010
0310
,
0012
0000
0000
0000
,
1003
0010
1001
0000
,
0201
0000
0000
0000
,
0310
1000
0001
1001
,
2001
0000
0000
0000
,
3010
0100
0110
0110
,
1020
0000
0000
1030
,
0002
0000
0000
0000
0200
0000
0000
0303
,
1001
0000
0001
0100
,
0010
1000
0010
0100
,
0101
0001
1001
1000
,
0010
0100
0001
0010
,
0100
1000
0110
1000
,
0001
0010
0100
1000
,
1010
0010
0110
0100
,
0001
1000
0010
0100
,
0001
0010
0110
0000
,
1000
0000
0010
0100
,
0001
1000
0101
0000
,
0001
0000
0010
0100
,
1000
0001
1010
0000
,
0010
0000
0100
0001
,
1000
0100
0020
0001
,
0031
0100
0020
1000
,
1030
0000
0001
0000
0100
0010
0000
0100
,
0000
0010
0000
1000
0000
0001
0000
1000
,
0000
0001
0000
0010
0000
0100
0000
1000
,
0000
0010
0000
0100
0000
0001
0000
1000
,
0000
0100
0000
0010
0100
0000
1000
0000
,
0100
0010
0001
0000
1000
0000
0010
0000
,
0100
0001
1000
0000
0010
0000
1000
0000
,
0010
0100
0001
0000
1000
0000
0001
0000
,
0010
0100
1000
0100
0020
0000
0001
0000
,
0031
0000
0001
0100
0002
0000
1000
0000
,
1003
0000
1000
0010
2000
0000
0100
0000
,
3100
0000
0100
0010
0200
0000
1000
0000
,
1300
0000
0001
0100
0010
0000
1001
0000
,
0100
0000
0001
0010
0100
0000
1001
0000
,
0010
0000
0100
1000
0001
0000
1001
0000
,
0100
0000
0010
1000
0001
0000
0010
0000
,
0100
0010
2001
0000
,
0000
0000
0200
0000
,
0000
0000
3300
0000
;

//---------------dance-double - ----------------
#NOTES:
     dance-double:
     :
     Easy:
     4:
     0.235,0.253,0.019,0.192,0.000,149.000,2.000,20.000,0.000,0.000:
00000000
00000000
00000000
00000000
,
00000000
00000000
00000000
00000000
,
00000000
00000000
00000000
00000000
,
00000000
00000000
00000000
00000000
,
00100000
00000000
01000000
00000000
00000000
00010000
00000000
00000000
,
01000000
00000000
00001000
00000000
00000000
00010000
00000000
00000000
,
00001000
00000000
00010000
00000000
00000000
00000100
00000000
00000000
,
00001001
00000000
00000000
00000000
,
00000001
00000100
00000010
00000010
,
00001000
00000100
00010000
00010000
,
00000100
00001000
00000001
00000001
,
00000100
00000010
00001000
00000100
,
00010000
00001000
00100000
00100000
,
00001000
00010000
00000100
00000100
,
00010000
00001000
01000000
01000000
,
00200000
00000000
10000000
10300000
,
20000000
00000000
00000000
00000000
,
30000000
00000000
00010000
00000000
,
02000000
00000000
00000000
00000000
,
03000000
00000000
00000000
00001000
,
00020000
00000000
00000000
00000000
,
00030000
00000000
00000100
00001000
,
00000020
00000000
00000000
00000100
,
00000230
00000000
00000000
00000000
00000002
00000000
00000000
00000303
,
00001001
00000000
00000001
00000010
,
00000100
00001000
00000010
00010000
,
00001000
00000000
00010000
00001000
,
01000000
00010000
00100000
01000000
,
10000000
01000000
01000000
00100000
,
00010000
01000000
00001000
00010000
,
00000100
00000000
00001000
00000010
,
00000100
00000001
00000100
00000010
,
00001000
00000100
00000100
00000000
,
00000010
00000000
00000100
00000000
,
00001000
00000001
00000100
00000000
,
00000010
00000000
00010000
00001000
,
00010000
00000100
00001000
00000000
,
00000010
00000000
00000100
00000000
,
00000001
00000010
00000200
00000000
,
00000300
00000000
00000020
00000000
,
00000030
00000000
00000001
00000000
,
00000100
00000000
00000010
00000000
,
00010000
00000000
00001000
00000000
,
01000000
00000000
00100000
00000000
,
10000000
00000000
10000000
01000000
,
00100000
00001000
00010000
00000100
,
00000010
00000001
00000001
00000010
,
00000100
00010000
00001000
00100000
,
01000000
10000000
00020000
00000000
,
01030000
00100000
20000000
00000000
,
30100000
01000000
00200000
00000000
,
10300000
00010000
02000000
00000000
,
03002000
00000000
00023000
00000000
,
00030100
00001000
00000020
00000000
,
00000130
00000001
00002000
00000000
,
00003100
00000010
00000002
00000000
,
00001003
00000000
00000020
00000000
,
00000000
00000000
00000200
00000000
,
00000000
00000000
00000330
00000000
;

//---------------dance-double - ----------------
#NOTES:
     dance-double:
     :
     Medium:
     5:
     0.338,0.366,0.212,0.163,0.010,207.000,22.000,17.000,0.000,0.000:
00000000
00000000
00000000
00000000
,
00000000
00000000
00000000
00000000
,
00000000
00000000
00000000
00000000
,
00000000
00000000
00000000
00000000
,
00001000
00000000
00000001
00000000
00000000
00001100
00000000
00000000
,
00001000
00000000
00000010
00000000
00000000
00011000
00000000
00000000
,
00010000
00000000
00001000
00000000
00000000
01010000
00000000
00000000
,
20000000
00000000
30020000
00000000
,
01030000
00000000
00100000
00000000
10000000
00010000
00000000
00010000
,
01000000
00000000
00100000
00000000
10000000
01000000
00000000
01000000
,
00100000
00000000
00010000
00000000
00100000
00001000
00000000
00001000
,
00010000
00000100
00001000
00000010
,
00010000
00000000
00000010
00000000
00001000
00000001
00000000
00000001
,
00000100
00000000
00000010
00000000
00001000
00000100
00000000
00000100
,
00000010
00000000
00000100
00000000
00001000
00000010
00000000
00000010
,
00000100
00000000
00000010
00000000
,
00002001
00000000
00000000
00000000
,
00003001
00000100
00000101
00000001
,
00000020
00000000
00000000
00000000
,
00000130
00010000
00001000
00100000
,
00120000
00000000
00000000
00000000
,
10030000
00100000
01100000
01100000
,
20100000
00000000
30010000
01000000
,
01200000
00000000
00000000
00000000
02000000
00000000
00000000
03300000
,
10010000
00000000
10000000
01000000
,
00100000
00100000
00001000
00010000
,
00010100
00000100
00001100
00001000
,
00000010
00000100
00000001
00000010
,
00000100
00001100
00001001
00000001
,
00000100
00000010
00001000
00000100
,
00001100
00001000
00001001
00000001
,
00000100
00000010
00010000
00001000
,
00100000
00000000
00010000
00000000
01000000
00000000
00100000
10000000
,
00100000
01000000
00010000
00100000
,
01000000
00000000
01000000
00000000
11000000
00000000
10000000
00010000
,
01000000
00010000
00100000
00001000
,
00010000
00000000
00000100
00000000
00001100
00000000
00001000
00000010
,
00000100
00000001
00001000
00000100
,
00010000
00000000
00000000
00000000
00001000
00000000
00000000
00000000
00200000
00000000
00010000
00000000
00000000
00010000
00000000
00000000
,
00310000
00000000
00000000
00000000
10000000
00000000
00000000
00000000
00020000
00000000
01000000
00000000
00000000
01000000
00000000
00000000
,
01030000
00000000
00100000
00000000
10000000
01000000
00000000
00100000
,
00000000
01000000
00000000
10000000
00000000
00010000
00000000
01000000
,
00000000
01001000
00000000
00001000
00000000
00010000
00000000
00000010
,
00000000
00000100
00000000
00000001
00000000
00001000
00000000
00000100
,
00000000
00010100
00000000
00010000
00001000
00000000
00100000
00000000
,
00010000
00000000
00100000
00001000
00010000
00000000
00000100
00000000
,
00001000
00000000
00000010
00001000
00000001
00000000
00000010
00000000
,
00000100
00000000
00001000
00000001
00000100
00000000
00000010
00000000
,
00001000
00000001
00001000
00000001
00000200
00000000
00000000
00000000
,
00000310
00001000
00000020
00000000
,
00010030
00001000
00020000
00000000
,
00031000
01000000
00002000
00000000
,
00203000
00000000
00310000
10000000
,
01000000
00100000
00000000
00100000
00010000
00000000
01000000
00000000
,
00001000
00010000
00000000
00010000
00000100
00000000
00001000
00000000
,
00000010
00010000
00000000
00010000
00001000
00000000
00100000
00000000
,
00010000
01000000
02100000
00000000
,
00000000
00000000
00020000
00000000
,
00000000
00000000
03030000
00000000
;

//---------------dance-double - ----------------
#NOTES:
     dance-double:
     :
     Hard:
     8:
     0.492,0.591,0.125,0.087,0.159,336.000,13.000,9.000,0.000,0.000:
00000000
00000000
00000000
00000000
,
00000000
00000000
00000000
00000000
,
00000000
00000000
00000000
00000000
,
00000000
00000000
00000000
00000000
,
00001000
00000000
00100000
00000000
00010000
01000000
00000000
01000000
,
00100000
00000000
10000000
00000000
00010000
00100000
00000000
00100000
,
00001000
00000000
01000000
00000000
00010000
00100000
00000000
00100000
,
00001000
00000000
00000000
00000000
00010000
00000000
00000000
00000000
00001000
00010000
00001000
00010000
00001000
00010000
00001000
00010000
,
00000100
00001000
00000010
00000100
00000001
00001000
00000000
00000100
,
00001000
00000010
00000100
00000001
00000010
00000100
00000000
00001000
,
00000010
00000100
00000001
00000010
00000100
00001000
00000000
00000010
,
00000100
00000001
00001000
00000010
00010000
00001000
01000000
00010000
,
01000000
00100000
10000000
01000000
00100000
00010000
00000000
00010000
,
00100000
01000000
00100000
00001000
00010000
00000100
00000000
00000100
,
00001000
00000010
00000100
00000001
00000100
00000010
00000000
00001000
,
00000001
00000000
00000000
00000000
00000100
00000000
00000000
00000000
00000001
00001000
00000001
00001000
00000001
00001000
00000001
00001000
,
00000020
00000000
00000000
00000000
00000100
00000000
00000000
00000000
00000100
00000000
00000000
00000100
00000000
00000000
00000130
00000000
,
00000010
00010000
00011000
00001000
,
02000000
00000000
00000000
00000000
00010000
00000000
00000000
00000000
00010000
00000000
00000000
00010000
00000000
00000000
03010000
00000000
,
01000000
00100000
10000000
01010000
,
00020000
00000000
00000000
00000000
10000000
00000000
00000000
00000000
10000000
00000000
00000000
10000000
00000000
00000000
10030000
00000000
,
00010000
00100000
00101000
00011000
,
00020000
00000000
00000100
00000000
00000100
00030000
00000200
00000000
,
00002000
00000300
00000000
00000000
00003002
00000000
00000000
00000000
,
00000103
00000000
00000000
00000000
00000001
00000100
00000010
00000100
,
00000001
00000010
00000100
00001000
00000100
00000010
00000100
00010000
,
00001000
00000000
01000000
00000000
00100000
10000000
00010000
00100000
,
01000000
00100000
00010000
01000000
00100000
10000000
00100000
01000000
,
00010000
00000000
00100000
00000000
01000000
10000000
00010000
01000000
,
00100000
01000000
00010000
00100000
01000000
10000000
01000000
00100000
,
00001000
00000000
00010000
00000000
00000100
00001000
00000010
00000100
,
00000001
00001000
00000010
00001000
00000001
00000010
00000100
00010000
,
00000100
00000000
00000000
00000000
00001000
00000000
00000000
00000000
00000010
00000000
00000100
00000000
00000000
00000001
00000000
00000000
,
00001000
00000000
00000000
00000010
00000000
00000000
00000100
00000000
00000001
00000000
00000010
00000000
00000000
00000100
00000000
00000000
,
00001000
00000000
00000000
00000000
00000010
00000000
00000000
00000000
00000100
00000000
00000010
00000000
00000000
00001000
00000000
00000000
,
00000100
00000000
00000000
00010000
00000000
00000000
00001000
00000000
01000000
00000000
00010000
00000000
00000000
01000000
00000000
00000000
,
00100000
00000000
00000000
00000000
10010000
00000000
00000000
00000000
10000000
00000000
00100000
00000000
00000000
01000000
00000000
00000000
,
00010000
00000000
00000000
00100000
00000000
00000000
01000000
00000000
10000000
00000000
00010000
00000000
00000000
00100000
00000000
00000000
,
00001000
00000000
00000000
00000000
00010000
00000000
00000000
00000000
00001000
00000000
00100000
00000000
00100000
00001000
00000000
00000000
,
00010000
00000000
00000000
00000100
00000000
00000000
00001000
00000000
00000010
00000000
00000100
00000000
00000100
00000001
00000000
00000000
,
00001000
00000000
00000000
00000010
00000000
00000000
00000100
00000000
00000001
00000000
00001000
00000000
00000000
00000000
00000010
00000000
,
00000000
00000110
00000000
00000100
00000000
00000001
00000000
00000010
,
00000000
00001100
00000000
00000100
00010000
00001000
00000000
01000000
,
00000000
01010000
00000000
00010000
00000000
10000000
00000000
00100000
,
00000000
01100000
00000000
01000000
00010000
00100000
01000000
10000000
,
01000000
00100000
00001000
00010000
00001000
01000000
00100000
10000000
,
00100000
01000000
00001000
00000000
00010000
00000100
00000010
00000001
,
00000010
00000100
00001000
00000010
00000100
00000001
00000100
00000010
,
00010000
00001000
00010000
00001000
00010000
00001000
00010000
00001000
01000000
00000000
00010000
00000000
00100000
00000000
01100000
00000000
,
00000000
01000000
10000000
10010000
00000000
00010000
01000000
00001000
,
00100000
00001000
00010000
00000100
00001000
00000010
00000100
00000110
,
00000000
00000100
00000001
00001001
00000000
00000001
00000010
00000100
,
00001000
00000000
00000001
00001000
00000001
00000000
00000100
00000000
00000000
00000000
00000010
00000000
00000100
00000000
00000001
00000000
,
00000000
00000010
00000100
00001000
00000000
00000100
00010000
00001000
,
01000000
00100000
10000000
00010000
00100000
01000000
10000000
00100000
,
00000000
01000000
00010000
00100000
00000000
00001000
00010000
00000000
,
00000010
00001000
00000010
00001000
00000010
00001000
00000010
00001000
00000002
00000000
00000000
00000000
00000000
00000000
00000000
00000000
,
00000000
00000000
00000200
00000000
,
00000000
00000000
00000303
00000000
;

//---------------dance-single - ----------------
#NOTES:
     dance-single:
     :
     Hard:
     8:
     0.514,0.591,0.279,0.154,0.120,329.000,29.000,16.000,0.000,0.000:
0000
0000
0000
0000
,
0000
0000
0000
0000
,
0000
0000
0000
0000
,
0000
0000
0000
0000
,
0010
0000
0100
0000
0000
0201
0000
0000
,
0301
0000
1000
0000
0000
2100
0000
0000
,
3100
0000
0010
0000
0000
0021
0000
0000
,
0031
0000
0000
0000
1000
0000
0000
0000
0001
0100
0001
0100
0001
0100
0001
0100
,
0001
0010
1000
0010
0001
0100
0000
0010
,
1000
0100
0001
0100
1000
0010
0000
0100
,
0001
0100
1000
0100
0001
0010
0000
0100
,
1000
0100
0001
0100
1000
0010
0100
0100
,
0001
0010
0100
0010
0001
1000
0000
0001
,
1000
0010
0100
0010
1000
0001
0000
1000
,
0001
0100
0010
0100
0001
1000
0000
0001
,
1000
0000
0000
0000
0010
0000
0000
0000
1000
0001
1000
0001
1000
0001
1000
0001
,
0200
0000
0000
0000
0010
0000
0000
0000
0001
0000
0000
0001
0000
0000
0002
0000
,
0300
1003
0101
0001
,
1200
0000
0000
0000
0010
0000
0000
0000
1000
0000
0000
1000
0000
0000
2000
0000
,
0300
3001
0100
1010
,
0102
0000
0000
0000
1000
0000
0000
0000
0100
0000
0000
0100
0000
0000
0200
0000
,
0003
0310
0101
1001
,
2010
0001
3100
1100
,
0012
0000
0000
0000
2000
0000
0000
3003
,
0110
0000
0000
0000
0001
0000
1000
0100
1000
0000
0010
0000
0100
0000
0001
0000
,
0010
0100
0010
0001
1000
0010
0100
0001
,
1000
0000
0001
0000
0010
0001
0100
0010
,
1000
0100
0010
0100
1000
0010
0100
0001
,
1000
0000
0100
0000
1000
0010
0100
0001
,
0010
0100
1000
0010
0100
0010
1000
0001
,
0010
0000
0001
0000
1000
0010
0100
0001
,
1000
0001
0010
0100
1000
0010
1000
0001
,
0100
0000
0010
0000
1000
0100
0001
0100
,
0010
0100
0010
0001
1000
0010
0100
0001
,
1000
0000
1000
0000
0001
0100
1000
0100
,
0010
0100
0010
1000
0100
0010
0001
1000
,
0001
0000
0001
0000
0001
0010
1000
0010
,
0100
0010
0100
1000
0010
0100
0001
1000
,
0100
0000
0000
0000
0100
0000
0000
0000
1000
0000
0001
0000
0000
0100
0000
0000
,
0001
0000
0000
0010
0000
0000
0100
0000
1000
0000
0001
0000
0000
0010
0000
0000
,
0001
0000
0000
0100
0000
0000
0010
0000
2000
0000
0001
0000
0000
0000
0010
0000
,
0000
3001
0000
1000
0000
0010
0000
0110
,
0000
1001
0000
0100
0002
1000
0000
0010
,
0000
1003
0000
0001
0000
0010
0000
0110
,
0000
1001
0000
1000
0010
0000
0100
0000
,
0110
0000
1001
0001
0100
0000
0010
0000
,
1000
0100
0001
0100
0010
0000
0001
0000
,
0110
0000
1001
1000
0010
0000
0100
0000
,
0001
1000
0001
1000
0001
1000
0001
1000
0010
0000
0100
0000
0001
0000
0011
0000
,
0000
0100
1000
1010
0000
0100
0001
0010
,
0100
0001
0100
1000
0010
0100
0001
0011
,
0000
1000
0010
0110
0000
0100
0001
1000
,
0010
0000
1000
0000
0001
0000
0100
0001
0100
0000
0010
0000
1000
0000
1100
0000
,
0000
0010
0001
0101
0000
0010
1000
0100
,
0010
1000
0010
0001
0100
0010
1000
1010
,
0000
0100
0001
0101
0000
1000
0010
0000
,
1000
0001
1000
0001
1000
0001
1000
0001
0200
0000
0000
0000
0000
0000
0000
0000
,
0000
0000
0020
0000
,
0000
0000
0330
0000
;
