#TITLE:ECSTASY;
#SUBTITLE:;
#ARTIST:d-complex;
#TITLETRANSLIT:;
#SUBTITLETRANSLIT:;
#ARTISTTRANSLIT:;
#CREDIT:;
#BANNER:ECSTASY.png;
#BACKGROUND:ECSTASY-bg.png;
#LYRICSPATH:;
#CDTITLE:./CDTITLES/DANCE DANCE REVOLUTION 5TH MIX.PNG;
#MUSIC:ECSTASY.mp3;
#OFFSET:-0.048;
#SAMPLESTART:13.230;
#SAMPLELENGTH:12.000;
#SELECTABLE:YES;
#BPMS:0.000=145.280,96.000=142.470,97.000=134.000,101.000=133.260,105.000=145.320,185.000=142.620,186.000=150.300;
#STOPS:96.000=2.948
,185.000=6.310
;
#BGCHANGES:;
// cache tags:
#FIRSTBEAT:16.000;
#LASTBEAT:221.000;
#SONGFILENAME:Songs/Techno/ECSTASY/ECSTASY.sm;
#HASMUSIC:1;
#HASBANNER:1;
#MUSICLENGTH:103.241;
// end cache tags

//---------------dance-single - ----------------
#NOTES:
     dance-single:
     :
     Easy:
     4:
     0.249,0.317,0.107,0.000,0.000,169.000,11.000,0.000,0.000,0.000:
0000
0000
0000
0000
,
0000
0000
0000
0000
,
0000
0000
0000
0000
,
0000
0000
0000
0000
,
0010
1000
0001
0100
,
0010
1000
0001
0100
,
1000
0100
0001
0100
,
1000
0100
0001
0100
,
1001
0001
0100
0001
,
1001
1000
0100
1000
,
1001
0001
0100
0001
,
1001
1000
0100
1000
,
0010
1000
0001
0100
,
0010
1000
0001
0100
,
1000
0000
0001
0000
,
1000
0000
0001
0000
,
1000
0100
0001
0100
,
1000
0100
0001
0100
,
0010
0010
0100
0100
,
0001
1000
0100
0001
,
1001
0100
1000
0100
,
0001
1000
0010
0100
,
0001
1000
0010
0100
,
0001
1000
0001
1000
,
0100
0100
0000
0100
,
0000
0001
0000
1000
,
0000
0001
0000
0100
,
0000
0010
1000
0100
,
0100
0001
0100
1000
,
0100
0001
0100
1000
,
0100
1001
0100
0010
,
1000
0001
0100
0010
,
1000
0001
0100
1000
,
0100
0010
0001
1000
,
0100
0001
0000
0000
,
0000
1000
0000
0000
,
0000
0100
0000
0000
,
0000
0010
0000
0000
,
0000
0001
0000
0001
,
0000
1000
0000
1000
,
0000
0010
0000
0100
,
0000
0001
0000
1000
,
0000
1001
0100
1000
,
0100
1001
0100
0001
,
0100
1001
0010
1000
,
0100
1001
0010
0001
,
0100
1000
0100
0000
,
1001
0000
0100
0000
,
0100
0000
0001
1000
,
0001
0100
1000
0001
,
1000
0100
0001
0100
,
1000
0100
0001
0010
,
1000
0010
0100
0100
,
0001
0100
1000
1000
,
0010
0100
0001
0000
;

//---------------dance-single - ----------------
#NOTES:
     dance-single:
     :
     Medium:
     6:
     0.345,0.396,0.136,0.000,0.000,235.000,14.000,0.000,0.000,0.000:
0000
0000
0000
0000
,
0000
0000
0000
0000
,
0000
0000
0000
0000
,
0000
0000
0000
0000
,
0010
0000
1000
0000
0001
1000
0100
0000
,
0010
0000
1000
0000
0001
1000
0100
0000
,
1000
0000
0100
0000
0001
0100
0001
0000
,
1000
0000
0100
0000
0010
0001
0100
0000
,
1001
0000
0100
0000
0010
0001
0010
0000
,
0001
1000
0100
0000
0001
0000
0101
0000
,
1001
0000
0001
0000
0010
1000
0100
0000
,
0001
1000
0100
0000
0010
0000
1001
0000
,
0010
0000
1000
0000
0001
0100
0001
0000
,
1000
0001
1000
0000
0010
0000
0100
0000
,
1000
0000
0100
0000
0010
0001
0001
0000
,
1000
0100
0100
0000
0001
0000
0100
0000
,
1000
0000
0100
0000
0001
1000
0001
0000
,
1000
1000
0100
0000
0010
0000
0001
0000
,
0010
0000
0010
0000
0100
0100
0100
0000
,
0001
0010
0100
0000
1000
0000
0100
0000
,
1001
0000
0100
0000
0010
0001
0100
0000
,
0010
1000
0100
0000
0001
0000
0100
0000
,
0001
0001
1000
1000
,
0001
1000
0001
1000
0001
1000
0100
0000
,
0100
0100
0000
0100
,
0000
0001
1000
0001
,
0100
0000
1000
0100
0100
0000
0100
0000
,
0000
0000
0010
1000
1000
0000
0100
0000
,
0000
0000
0001
0100
0100
0000
1000
0000
,
0000
0000
1000
0100
0100
0000
1000
0000
,
0000
0000
1001
0000
0100
0000
0010
1000
,
0100
0000
0001
0010
0100
0000
0010
0000
,
1000
0000
0001
0000
0100
0000
1000
1000
,
0100
0000
0010
0010
0001
0000
1000
0000
,
0100
0000
0001
0000
0000
1000
0000
0000
,
0100
0000
0000
1000
0000
0001
0000
0100
,
0000
1000
0000
0100
0000
0001
0000
1000
,
0000
0100
0000
0010
0000
0001
0000
1000
,
0000
0100
0100
0000
0000
0000
0000
0000
,
0000
0000
0000
0000
,
0000
0010
0010
0010
,
0010
0010
0010
0010
,
0010
0000
1001
0100
0010
0000
1001
0100
,
0010
0000
1001
0100
0010
0000
0001
0000
,
0100
0010
1000
0100
,
0001
0000
0010
1000
0010
1000
0001
1000
,
0100
1001
0110
0000
,
0110
0000
0110
0000
,
0110
0000
0000
0000
0001
1000
0100
0000
,
1000
0001
0100
0000
0001
1000
0001
1000
,
0010
1000
0100
0000
0001
0100
0001
0000
,
1000
0100
1000
0000
0001
0010
0100
0100
,
1000
0001
0100
0000
0100
0100
0100
0000
,
0010
1000
0100
0000
1000
0001
1000
0001
,
0001
1000
0100
0000
0001
0000
0000
0000
;

//---------------dance-single - ----------------
#NOTES:
     dance-single:
     :
     Hard:
     7:
     0.412,0.455,0.213,0.000,0.000,276.000,22.000,0.000,0.000,0.000:
0000
0000
0000
0000
,
0000
0000
0000
0000
,
0000
0000
0000
0000
,
0000
0000
0000
0000
,
0010
1000
0100
0001
0100
1000
1000
0000
,
1000
0010
1000
0100
0010
0001
0100
0000
,
1000
0000
0001
0100
0010
1000
0100
0000
,
0100
0000
1000
0100
0000
0001
0100
0000
,
1001
0000
1000
0100
0000
0001
0000
0100
,
0000
0010
1000
0100
0001
0000
1100
0000
,
1001
0000
0001
0100
0000
1000
0000
0100
,
0000
0010
0001
0100
1000
0000
1100
0000
,
0001
0000
1000
0100
0000
0010
0000
0001
,
0000
1000
0100
1000
0100
0000
0101
0000
,
0100
0000
0010
1000
0000
0001
0000
0100
,
0000
1000
0100
0010
0001
0000
1100
0000
,
0001
0000
1000
0100
0000
1000
0000
0001
,
0000
1000
0000
0100
0000
0001
0100
0000
,
1000
0000
0001
0100
0000
0010
0000
0100
,
0000
1000
0000
0100
0000
0001
0100
0000
,
1000
0001
1000
0001
1000
0100
1000
0000
,
0001
0010
0001
0010
0001
1000
0100
0000
,
0010
1000
0100
1000
0001
0010
0100
1000
,
0001
0100
0010
1000
0100
0010
0001
0100
,
0010
0100
0000
0000
,
0000
0100
0000
0000
,
0000
0000
1001
0000
0100
1000
0000
0001
,
0000
1000
0000
0010
0001
0100
0000
0000
,
0100
0000
0001
0000
0001
0001
0000
1000
,
0000
0001
0000
0100
0010
1000
0000
0000
,
0100
0000
1100
0000
1001
0000
0010
1000
,
0100
0000
0100
0000
0101
0000
0010
1000
,
0100
0000
0101
0000
1001
0000
0010
0001
,
0100
0000
0100
0000
1100
0000
0010
0001
,
0100
0000
0100
0000
0000
1000
0000
0000
,
0100
0000
0000
0010
1000
0100
0000
0010
,
0001
1000
0000
0100
0010
0001
0000
1000
,
0001
0100
0000
0010
0100
0001
0000
1000
,
0001
0100
0100
0000
0100
0000
1000
0000
,
0100
1000
0100
1000
,
0100
0000
0010
0001
0100
0010
1000
0100
,
1000
0001
0010
1000
0010
0001
0100
0010
,
1100
0000
1001
1001
1001
0000
0010
1000
,
0100
0000
0001
0100
0001
0000
1000
0000
,
0101
0000
0010
0100
0001
0100
0010
1000
,
0100
1000
0010
1000
0100
0010
0001
0010
,
0100
1000
0001
0000
1001
0000
0000
0000
,
0100
1000
0100
0000
1001
0000
0000
0000
,
0100
0001
0100
0000
0010
0000
1100
0000
,
0010
0001
0010
0100
1000
0000
0101
0000
,
0010
1000
0010
0100
0001
0000
0000
1000
,
0000
0000
0100
0000
0010
0001
0100
1000
,
0100
0001
0010
0100
1000
0010
0100
0001
,
0010
0100
1000
0001
0100
0010
1000
0100
,
0010
0001
0100
0010
1000
0000
0000
0001
,
0000
0100
0000
0000
;

//---------------dance-double - ----------------
#NOTES:
     dance-double:
     :
     Easy:
     4:
     0.293,0.370,0.281,0.000,0.000,183.000,29.000,0.000,0.000,0.000:
00000000
00000000
00000000
00000000
,
00000000
00000000
00000000
00000000
,
00000000
00000000
00000000
00000000
,
00000000
00000000
00000000
00000000
,
00100000
10000000
01000000
00010000
,
00001000
00000100
00000001
00000010
,
00000010
00000001
00000100
00001000
,
00010000
01000000
10000000
00100000
,
10000000
01100000
00010000
00011000
,
00000100
00000110
00000001
00001001
,
00000001
00000110
00001000
00011000
,
01000000
01100000
10000000
10010000
,
00100000
10000000
01000000
00010000
,
00001000
00000010
00000001
00000100
,
00000010
00000001
00000100
00001000
,
00010000
00100000
10000000
01000000
,
10000000
01000000
00010000
00001000
,
00001000
00010000
01000000
00100000
,
00100000
00001000
00010000
00000100
,
00000100
00000010
00000001
00000100
,
00001001
00000100
00001000
00010000
,
01000000
10000000
00100000
10000000
,
10000000
01000000
00010000
00001000
,
00000100
00000001
00000010
00000001
,
00000001
00000100
00000000
00001000
,
00000000
00010000
00000000
01000000
,
00000000
10010000
00100000
10000000
,
01000000
00010000
00001000
00010000
,
01000000
01000000
00010000
00001000
,
00000100
00000001
00000010
00000001
,
00000100
00000010
00001001
00000100
,
00001100
00010000
00011000
01000000
,
10010000
00100000
10010000
01000000
,
01010000
00001000
00011000
00000100
,
00001001
00000010
00000010
00000100
,
00000100
00001000
00001000
00010000
,
01000000
10000000
00000000
01000000
,
00000000
00010000
00000000
00001000
,
00000000
00000100
00000000
00000000
,
00000000
00000001
00000000
00000001
,
00000000
00000001
00000000
00000001
,
00000000
00000001
00000000
00000100
,
00011000
00100000
10100000
10000000
,
11000000
00010000
01010000
00001000
,
00011000
00000010
00000110
00000001
,
00001100
00001000
00011000
00010000
,
01100000
01100000
01100000
00000000
,
10000000
00000000
01000000
00000000
,
00010000
00000000
00001000
00000100
,
00000001
00000010
00000010
00000010
,
00000010
00000010
00000001
00000100
,
00001000
00010000
00001000
00000100
,
00001000
00010000
01000000
10000000
,
00100000
01000000
00010000
10000000
,
01000000
00010000
00001000
00000000
;

//---------------dance-double - ----------------
#NOTES:
     dance-double:
     :
     Medium:
     6:
     0.361,0.396,0.252,0.000,0.000,235.000,26.000,0.000,0.000,0.000:
00000000
00000000
00000000
00000000
,
00000000
00000000
00000000
00000000
,
00000000
00000000
00000000
00000000
,
00000000
00000000
00000000
00000000
,
00100000
00000000
10000000
00000000
01000000
00010000
00001000
00000000
,
00001000
00000100
00000001
00000000
00000001
00001000
00000100
00000000
,
00000010
00000000
00000001
00000000
00000100
00001000
00000100
00000000
,
00001000
00010000
01000000
00000000
10000000
00000000
01010000
00000000
,
10000000
01100000
00010000
00011000
,
00000100
00000000
00000110
00000000
00000001
00001000
00000100
00000000
,
00000001
00000110
00001000
00011000
,
01000000
00000000
01100000
00000000
10000000
00010000
01000000
00000000
,
00100000
00000000
10000000
00000000
01000000
10000000
00010000
00000000
,
01000000
00000000
00001000
00000000
00010000
00000100
00000010
00000000
,
00001000
00000000
00000001
00000000
00000100
00001000
00000100
00000000
,
00010000
00000000
00100000
00000000
01000000
10000000
01000000
00000000
,
00100000
10000000
01000000
00000000
00100000
00010000
01000000
00000000
,
00001000
00000100
00000010
00000000
00000001
00001000
00000100
00000000
,
00010000
00100000
00010000
00001000
,
00000010
00000000
00001000
00000000
00010000
00001000
00000100
00000000
,
00001001
00000100
00001000
00010000
,
01000000
00000000
10000000
00000000
00100000
10000000
01000000
00000000
,
10000000
01000000
00010000
00000000
00010000
00001000
00000100
00000000
,
00000100
00000001
00000010
00000100
00000010
00000001
00000100
00000000
,
00001001
00000100
00000000
00001000
,
00000000
00010000
00000000
01000000
,
00000000
10000000
00100000
10000000
,
01000000
00000000
00010000
00000000
00001000
00000000
00010000
01000000
,
01000000
01000000
00010000
00001000
,
00000100
00000000
00000001
00000000
00001000
00000000
00000001
00000100
,
00000100
00000010
00001001
00000100
,
00011000
00000000
00100000
00000000
10010000
00000000
10000000
01000000
,
00100000
00100000
10010000
01000000
,
00011000
00000000
00000010
00000000
00001001
00000000
00000001
00000100
,
00000010
00001000
00001000
00000001
,
00000100
00001000
00001000
00010000
,
01000000
00000000
10000000
00010000
01000000
00000000
10000000
01000000
,
00100000
00001000
00000000
00010000
,
00000000
00001000
00000000
00000000
,
00000000
00000000
00000001
00001000
00000100
00000000
00000001
00001000
,
00000100
00000000
00000100
00010000
00001000
00000000
00000100
00010000
,
00001000
00000000
00100000
00010000
10000000
00000000
00100000
00010000
,
10000000
00000000
00100000
00000000
10100000
00000000
00100000
10000000
,
01000000
00000000
00010000
00000000
01010000
00000000
00001000
00010000
,
00000100
00000000
00000010
00000000
00000110
00000000
00000001
00001000
,
00000100
00000000
00001000
00000000
00011000
00000000
00010000
01000000
,
10000000
01100000
01100000
00000000
,
01100000
00000000
10000000
00000000
,
01000000
00000000
00010000
00001000
,
00000100
00000001
00000010
00000000
00000010
00000001
00000100
00000000
,
00001000
00010100
00001000
00010100
,
00010000
01001000
00010000
01001000
,
00001000
00000000
00010000
00000000
00100000
10000000
01000000
00000000
,
00010000
10000000
01000000
00000000
10000000
01000000
00010000
00001000
,
00010000
01000000
00100000
00000000
00001000
00000000
00000000
00000000
;

//---------------dance-double - ----------------
#NOTES:
     dance-double:
     :
     Hard:
     7:
     0.437,0.482,0.194,0.000,0.010,296.000,20.000,0.000,0.000,0.000:
00000000
00000000
00000000
00000000
,
00000000
00000000
00000000
00000000
,
00000000
00000000
00000000
00000000
,
00000000
00000000
00000000
00000000
,
00100000
10000000
01000000
00010000
00001000
00000000
01010000
00000000
,
00100000
00010000
01000000
00001000
00010000
00000000
00001100
00000000
,
00000010
00000000
00000001
00001000
00000100
00000000
00011000
00000000
,
01000000
00000000
10000000
01000000
00000000
00000000
01010000
00000000
,
00100000
10000000
01000000
00010000
00001000
00000100
00001000
00010000
,
00001000
00000100
00000001
00000010
00000100
00010000
00001000
00000000
,
00100000
01000000
10000000
00010000
01000000
00100000
01000000
00010000
,
00100000
00001000
00010000
01000000
00010000
00001000
00000100
00000000
,
00000001
00000100
00001000
00010000
00001000
00000100
00001000
00000100
,
00000001
00000010
00001000
00010000
00100000
00010000
00001000
00000000
,
00000010
00000001
00000100
00001000
00010000
01000000
00100000
00010000
,
01000000
00001000
00010000
01000000
00010000
00001000
00000100
00000000
,
00000001
00000000
00001000
00000100
00000000
00000001
00000000
00000100
,
00000000
00010000
00000000
10000000
00000000
01000000
10000000
00000000
,
10000000
00000000
00010000
01000000
00000000
10000000
00000000
01000000
,
00000000
00001000
00000000
00000001
00000000
00000100
00000001
00000000
,
00000010
00000000
00000000
00001000
00000000
00000000
00000000
00000000
,
00100000
10000000
01000000
00010000
,
00001000
00000100
00000001
00000010
00000001
00000100
00001000
00010000
,
01000000
00000000
10000000
00000000
00010000
00000000
01000000
00000000
00010000
01000000
00000000
00010000
01000000
00000000
10000000
00000000
,
01000000
01000000
00000000
00000000
,
00000000
01000000
00000000
00000000
,
00000000
00000000
10010000
00000000
01000000
00010000
00001000
00000100
,
00001000
00010000
00010000
00001000
00000100
00000001
00000010
00000100
,
00001000
00000000
00000010
00000100
00001000
00010000
00001000
00000100
,
00001000
00010000
01000000
10000000
00100000
00010000
00001000
00100000
,
01000000
00000000
10010000
00000000
11000000
00000000
00100000
00010000
,
01000000
00001000
00010000
00001000
00000100
00000001
00000010
00000100
,
00001000
00000000
00110000
00000000
10010000
00000000
00100000
10000000
,
01000000
00010000
00001000
00000100
00001000
00010000
01000000
00000000
,
00011000
00000000
00000001
00000000
00000000
00000100
00000000
00000000
,
00001000
00000000
00000000
00010000
01000000
10000000
00000000
10000000
,
01000000
00010000
00000000
00001000
00000100
00000001
00000000
00000010
,
00000100
00001000
00000000
00000010
00010000
00001000
00000000
00100000
,
01000000
10000000
01010000
00000000
10000000
00000000
01000000
00000000
,
00010000
00001000
00000100
00000100
,
00000100
00000000
00000001
00000010
00000100
00001000
00000001
00000100
,
00001000
00010000
01000000
10000000
00010000
00100000
01000000
10000000
,
00010000
00000000
10100000
00000000
11000000
00000000
00010000
10000000
,
01000000
00000000
01000000
00010000
00001000
00000000
00001000
00000100
,
00000001
00000000
00000011
00000000
00000101
00000000
00001000
00000001
,
00000100
00000000
00000100
00001000
00010000
00000000
00010000
01000000
,
10000000
10010000
11000000
00000000
,
01000000
00010000
00001000
00000000
00000101
00000000
00000000
00000000
,
00000100
00001000
00010000
00000000
01000000
00000000
11000000
00000000
,
01000000
00100000
00001000
00010000
01000000
00000000
11000000
00000000
,
01000000
00100000
00001000
00010000
01000000
00000000
00000000
10000000
,
00000000
00000000
00010000
00000000
00100000
00010000
10000000
01000000
,
00010000
00001000
00000100
00000010
00001000
00000100
00010000
00001000
,
00000010
00000001
00000100
00001000
00010000
01000000
10000000
00100000
,
10000000
01000000
00010000
00001000
00000100
00000000
00000000
00010000
,
00000000
10000000
00000000
00000000
;

//---------------dance-single - beginner----------------
#NOTES:
     dance-single:
     beginner:
     Beginner:
     1:
     0.184,0.370,0.136,0.000,0.000,119.000,14.000,0.000,0.000,0.000:
0000
0000
0000
0000
,
0000
0000
0000
0000
,
0000
0000
0000
0000
,
0000
0000
0000
0000
,
0010
0000
0000
0000
,
0001
0000
0000
0000
,
1000
0000
0000
0000
,
0100
0000
0000
0000
,
0001
0001
0001
0001
,
0001
0001
0001
0000
,
1000
1000
1000
1000
,
1000
1000
1000
0000
,
0010
0000
0100
0000
,
0010
0000
0100
0000
,
1000
0000
0001
0000
,
1000
0000
0001
0000
,
0010
0010
0010
0010
,
0010
0010
0010
0000
,
0100
0100
0100
0100
,
0100
0100
0100
0000
,
0001
0000
0001
0000
,
0100
0000
0100
0000
,
0100
0000
0100
0000
,
1000
0000
1000
0000
,
0100
0100
0000
0000
,
0000
0001
0000
0000
,
0000
1000
0000
0100
,
0000
0010
0000
0100
,
0100
0100
0000
1000
,
0000
0001
0000
1000
,
0000
1001
1001
1001
,
1001
1001
1001
1001
,
0000
0110
0110
0110
,
0110
0110
0110
0110
,
0000
0001
0000
0000
,
0000
1000
0000
0000
,
0000
0100
0000
0000
,
0000
0010
0000
0000
,
0000
0001
0000
0001
,
0000
1000
0000
1000
,
0000
0010
0000
0100
,
0000
0001
0000
1000
,
0000
0001
0001
0001
,
0001
0001
0001
0001
,
0000
1000
1000
1000
,
1000
1000
1000
1000
,
1000
1000
1000
0000
,
0001
0000
0100
0000
,
0100
0000
0001
0000
,
0001
0000
0010
0000
,
1000
0000
0001
0000
,
1000
0000
0001
0000
,
1000
0000
0100
0000
,
0001
0000
1000
0000
,
0010
0000
0100
0000
;
