#TITLE:Karma;
#SUBTITLE:;
#ARTIST:TaQ;
#TITLETRANSLIT:;
#SUBTITLETRANSLIT:;
#ARTISTTRANSLIT:;
#CREDIT:;
#BANNER:karmabn.png;
#BACKGROUND:karma.png;
#LYRICSPATH:;
#CDTITLE:sporktitle.png;
#MUSIC:Karma.mp3;
#OFFSET:-1.035;
#SAMPLESTART:61.242;
#SAMPLELENGTH:11.980;
#SELECTABLE:YES;
#BPMS:0.000=100.000,28.000=200.000,92.000=100.000,108.000=200.000,172.000=100.000,204.000=200.000,268.000=100.000;
#STOPS:;
#BGCHANGES:;
// cache tags:
#FIRSTBEAT:12.000;
#LASTBEAT:282.000;
#SONGFILENAME:Songs/Encore/Karma/Karma.sm;
#HASMUSIC:1;
#HASBANNER:1;
#MUSICLENGTH:113.586;
// end cache tags

//---------------dance-single - ----------------
#NOTES:
     dance-single:
     :
     Hard:
     9:
     0.670,0.838,0.273,0.000,0.396,502.000,31.000,0.000,0.000,0.000:
0000
0000
0000
0000
,
0000
0000
0000
0000
,
0000
0000
0000
0000
,
1000
0000
0000
0000
0000
0001
0000
0000
0010
0000
0000
0000
0000
0000
0001
0000
,
1000
0000
0000
0000
0000
0010
0000
0000
0100
0000
0000
0000
0000
0100
0001
0000
,
1000
0000
0000
0010
0000
0010
0000
0000
1000
0000
0000
0000
0000
0100
0010
0000
,
0100
0000
0000
1000
0000
1000
0000
0000
0001
1000
0010
0100
0001
0100
0000
0001
,
0100
0010
1000
0001
0010
0100
1000
0000
,
0001
0100
0001
1000
0100
0010
0100
0000
,
1000
0001
0100
0010
1000
0001
0010
0000
,
0001
1000
0100
1000
0010
0100
0001
0000
,
1000
0001
0100
0001
1000
0100
0010
0000
,
0001
1000
0001
0100
0010
1000
0001
0000
,
0010
0100
1000
0001
0100
0010
1000
0000
,
0001
0100
0001
1000
0010
0100
0100
0100
,
0010
1000
0001
0010
0001
1000
1010
0000
,
0010
0100
0001
0100
0010
1000
1001
0000
,
0001
0010
0100
0010
0001
1000
1100
0000
,
0010
0001
1000
0010
0100
0001
1001
0000
,
0001
1000
0010
0100
0001
0010
1100
0000
,
0010
0001
1000
0010
0100
0001
1100
0000
,
0001
1000
0001
0100
0010
1000
0101
0000
,
0010
1000
0001
0010
0100
1000
0001
0100
,
0010
0000
1000
0001
0100
0000
0000
0010
0110
0000
1001
0000
1000
0001
0100
0010
,
1000
0000
0001
0010
0100
0000
0000
0010
0011
0000
1100
0000
0010
0001
1000
0010
,
0100
0000
0001
1000
0100
0000
0000
1000
1100
0000
0011
0000
1000
0001
0100
0010
,
0100
0000
0001
1000
0010
0000
0000
0100
0101
0000
1010
1000
0001
0010
0000
0000
,
0001
0000
1000
0001
0000
0100
0001
0000
,
1000
0000
0100
0010
0000
0001
1000
0010
,
0100
0000
0001
1000
0000
0100
0010
0000
,
0001
0000
1100
0000
0010
0001
0100
0010
,
1000
0000
0001
1000
0000
0001
0100
0000
,
0010
1000
0001
0010
0000
0100
1000
0001
,
0100
0000
0010
0100
0000
1000
0001
0100
,
0010
0000
0100
0010
1000
0001
1000
0010
,
0100
0001
1000
0100
0001
1000
0010
0100
,
0000
0010
0001
1000
0010
0100
0001
1000
,
0001
0010
0100
0001
1000
0010
0100
1000
,
0000
0010
0100
0001
1000
0100
1000
0001
,
0100
0010
1000
0001
0010
0100
0001
1000
,
0000
0010
0001
1000
0010
0100
0001
1000
,
0100
0010
0001
1000
0100
0001
1000
0010
,
0000
0010
0001
1000
0100
0010
0001
1000
,
0010
0000
0100
0100
0000
0000
0000
0000
0000
0000
0000
0001
1000
0010
0100
0001
,
0010
0000
0100
0100
0000
0000
0000
0000
0000
0000
0000
1000
0010
0100
0001
1000
,
0100
0000
1000
1000
0000
0000
0000
0000
0000
0000
0000
0010
1000
0001
0010
0001
,
0100
0000
0010
0010
0000
0000
0000
0100
0000
0001
1000
0100
0000
1000
0000
0000
,
1000
0000
0001
0000
0010
0000
0010
0001
0000
1000
0001
0010
0000
0001
0000
0001
,
0100
0000
0001
0000
1000
0000
1000
0100
0000
1000
0001
0100
0000
0010
0000
0010
,
0100
0000
0001
0000
0010
0000
0010
0100
0000
1000
0001
0010
0000
0001
0000
0010
,
0001
0000
1000
0000
0010
0000
0100
0010
0000
0100
0001
1000
0000
0010
0000
0010
,
0100
0001
1000
0010
0001
0010
0100
0001
,
0000
1000
0100
0010
0000
1001
0000
1000
,
0100
1000
0001
0010
1000
0010
0100
1000
,
0000
0010
0100
0001
0000
1010
0000
0001
,
0010
0001
0100
1000
0001
0010
0100
0001
,
0000
1000
0100
0001
0000
1010
0000
0010
,
0100
1000
0001
0100
0010
1000
0001
0010
,
0000
0100
1000
0010
0000
0101
0000
0001
,
1000
0000
0010
0000
0100
0000
0001
1000
0001
0000
0100
0000
0000
0000
0010
0000
,
0000
1000
0001
0010
0000
1100
0000
0010
,
0001
0000
1000
0000
0010
0000
0100
0001
0100
0000
0010
0000
0000
0000
0100
0000
,
0000
0001
1000
0100
0000
0011
0000
0100
,
1000
0000
0001
0000
0100
0000
0010
0100
0010
0000
1000
0000
0000
0000
0001
0000
,
0000
0010
0001
1000
0000
0101
0000
0010
,
1000
0000
0001
0000
0100
0000
0010
0100
0010
0000
1000
0000
0000
0000
0001
0000
,
0000
0010
0001
0100
0000
0110
0000
0010
,
1000
0000
0001
0000
1000
0010
0000
1010
0000
1000
0001
0010
0000
0011
0000
0001
,
1000
0000
0010
0000
0100
0001
0000
0101
0000
0001
1000
0100
0000
1100
0000
1000
,
0010
0000
0100
0000
0001
0010
0000
0011
0000
0010
0100
1000
0000
1100
0000
1000
,
0010
0000
0100
0001
1000
0010
0000
0010
1001
0000
0000
0000
0000
0000
0000
0000
;

//---------------dance-single - ----------------
#NOTES:
     dance-single:
     :
     Medium:
     8:
     0.445,0.466,0.185,0.018,0.123,331.000,21.000,2.000,0.000,0.000:
0000
0000
0000
0000
,
0000
0000
0000
0000
,
0000
0000
0000
0000
,
1000
0000
0000
0000
0000
0001
0000
0000
1000
0000
0000
0000
0000
0000
0010
0000
,
0100
0000
0000
0000
0000
0010
0000
0000
1000
0000
0000
0000
0000
0000
0001
0000
,
0100
0000
0000
0010
0000
0010
0000
0000
1001
0000
0000
0000
0000
0000
1000
0000
,
0010
0000
0000
0100
0000
0100
0000
0000
2002
0000
0000
0000
3003
0000
0000
0000
,
1000
0000
0001
0000
0100
0010
0100
0000
,
0001
0000
1000
0000
0100
0010
0001
0000
,
1000
0000
0001
0000
0100
0010
0100
0000
,
0010
0000
1000
0000
0001
1000
0100
0000
,
1000
0000
0010
0000
0100
0001
0100
0000
,
0010
0000
1000
0000
0001
0010
0100
0000
,
1000
0000
0001
0000
0100
0010
1000
0000
,
0001
0000
0100
0000
0010
1000
0001
0010
,
0100
0010
0001
0000
0100
0000
0101
0000
,
0001
1000
0100
0000
0010
0000
0110
0000
,
0100
1000
0001
0000
0100
0000
0101
0000
,
0001
1000
0001
0000
1000
0000
0001
0000
,
0100
0010
1000
0000
0001
0000
1001
0000
,
1000
0010
0100
0000
0001
0000
1100
0000
,
0010
0001
1000
0000
0010
0000
0110
0000
,
0010
1000
0001
0000
0010
0000
0001
0000
,
1000
0100
1000
0000
0010
0100
0001
0100
,
0001
1000
0100
0000
0010
0001
0100
0000
,
0010
1000
0001
0000
0010
0001
0100
0001
,
1000
0100
0010
0000
0001
1000
0100
0000
,
1000
1100
0000
0011
,
0000
1001
1000
0010
,
0100
0101
0000
1010
,
0000
1001
1000
0010
,
0100
0110
0000
0101
,
0000
1001
1000
0100
,
0010
0011
0000
1100
,
0000
0011
0001
1000
,
0010
0000
1000
0000
0001
1000
0001
0100
,
0000
0000
0010
0000
1000
0001
1000
0000
,
0001
0000
0100
0000
0010
1000
0001
0100
,
0000
0000
0010
0000
1000
0100
1000
0000
,
0001
0000
0100
0000
0010
1000
0001
0010
,
0000
0000
0001
0000
1000
0001
0100
0000
,
0001
0000
1000
0000
0100
1000
0100
1000
,
0000
0010
0100
0001
,
1000
0001
0000
0000
0000
0000
0100
0010
,
1000
0001
0000
0000
0000
0000
0100
0010
,
1000
0100
0000
0000
0000
0000
1000
0001
,
0100
0000
0010
0000
0000
0000
0000
0100
0000
0100
0000
0010
0000
0100
0000
0000
,
0010
0000
1000
0000
0001
0000
0000
1000
0000
1000
0000
0001
0000
1000
0000
0000
,
0001
0000
0010
0000
0100
0000
0000
0010
0000
0010
0000
0100
0000
0010
0000
0000
,
0001
0000
1000
0000
0100
0000
0000
1000
0000
1000
0000
0001
0000
1000
0000
0000
,
0010
0000
0100
0000
0001
0000
0000
0100
0000
0100
0000
0010
0000
0100
0000
0000
,
0001
0000
1000
0000
0010
0100
0000
0010
,
0000
1000
0000
0001
0000
0010
0000
0000
,
0001
0000
1000
0000
0100
1000
0000
0010
,
0000
0100
0000
0001
0000
1000
0000
0000
,
0100
0000
1000
0000
0010
0100
0000
0001
,
0000
1000
0000
0100
0000
1000
0000
0000
,
0010
0000
0100
0000
0001
0010
0000
0001
,
0000
1000
0000
0100
0000
1000
0000
0000
,
0001
1000
0001
0100
0010
0100
0000
0010
,
0000
1000
0000
0001
0000
0010
0000
0000
,
0001
1000
0001
0100
0010
1000
0000
0001
,
0000
0010
0000
0100
0000
0010
0000
0000
,
0100
1000
0100
0010
0001
0100
0000
0010
,
0000
1000
0000
0001
0000
0010
0000
0000
,
0100
0010
0100
1000
0001
0100
0000
0010
,
0000
1000
0000
0001
0000
0010
0000
0000
,
0001
1000
0100
0000
1000
0001
0100
0010
,
1000
0001
0010
0000
0100
0010
0001
0000
,
1000
0010
0100
0000
0001
0100
0010
1000
,
0001
0000
0100
0010
0100
0010
0000
0000
1001
0000
0000
0000
0000
0000
0000
0000
;

//---------------dance-single - ----------------
#NOTES:
     dance-single:
     :
     Easy:
     5:
     0.376,0.403,0.379,0.000,0.000,256.000,43.000,0.000,0.000,0.000:
0000
0000
0000
0000
,
0000
0000
0000
0000
,
0000
0000
0000
0000
,
1000
0000
0000
0000
0001
0000
0000
0010
,
0100
0000
0000
0000
0010
0000
0000
0001
,
1000
0000
0000
0000
0101
0000
0000
0010
,
0100
0000
1001
0000
,
1000
0010
0000
1000
,
0001
0010
0000
0001
,
0100
0010
0000
0100
,
0010
1000
0000
0010
,
1000
0001
0000
1000
,
0010
0100
0000
0010
,
0100
0001
0000
0100
,
0001
0010
1001
0100
,
0010
0001
1000
1000
,
0010
0100
0001
0001
,
0010
0100
1000
1000
,
0010
0100
0010
0010
,
1000
0001
0010
0010
,
0001
1000
0100
0100
,
1000
0010
0100
0100
,
0010
1000
0001
0010
,
0001
0000
1000
0000
0100
1000
0001
0000
,
0100
0000
0010
0000
1000
0001
0100
0000
,
0010
0000
1000
0000
0001
0010
0100
0000
,
0010
0000
0001
0000
1000
0001
0100
0000
,
0010
1010
0000
0101
,
0000
0110
0000
0010
,
1000
1001
0000
0101
,
0000
0110
0010
1000
,
0001
1001
0000
1100
,
0000
0110
0000
0010
,
0001
1001
0000
1010
,
0000
0110
0000
0010
,
1000
0001
0100
0101
,
0001
1000
1010
1010
,
1000
0001
0010
0110
,
0100
0010
0011
0011
,
0001
1000
0010
1010
,
1000
0001
0101
0101
,
0100
0010
1000
1001
,
0001
0100
0010
1000
,
0100
1000
0000
0000
0000
0000
1000
0000
,
0100
0010
0000
0000
0000
0000
0100
0000
,
1000
0001
0000
0000
0000
0000
0010
0000
,
1000
0001
0000
0000
0100
0000
0010
0000
,
1000
0000
0101
0000
0010
0010
0010
0000
,
1000
0000
1100
0000
0001
0001
0001
0000
,
0100
0000
0101
0000
0010
0010
0010
0000
,
1000
0000
0110
0000
1000
1000
1000
0000
,
0001
1000
0100
1000
,
0010
0100
0001
1001
,
0010
0001
1000
0100
,
1000
0010
0100
1010
,
0010
1000
0001
0010
,
0100
1000
0010
1001
,
0100
0001
0100
0010
,
1000
0001
0010
1100
,
0001
1000
0100
1000
,
0010
0100
0101
1001
,
1000
0010
0100
0001
,
0010
0100
1100
0101
,
0010
1000
0001
0010
,
0100
1000
1001
0011
,
0100
1000
0010
0100
,
0001
1000
1010
0110
,
0100
0000
0010
0000
1000
0001
0100
0000
,
0010
0000
0100
0000
0001
1000
0100
0000
,
1000
0000
0001
0000
0010
0100
1000
0000
,
0010
0110
1001
0000
;

//---------------dance-single - ----------------
#NOTES:
     dance-single:
     :
     Beginner:
     2:
     0.180,0.217,0.009,0.000,0.000,142.000,1.000,0.000,0.000,0.000:
0000
0000
0000
0000
,
0000
0000
0000
0000
,
0000
0000
0000
0000
,
1000
0000
1000
0000
,
0001
0000
0001
0000
,
0010
0000
0010
0000
,
0001
0000
0001
0000
,
1000
0000
0000
0000
,
0010
0000
0000
0000
,
0100
0000
0000
0000
,
0010
0000
0000
0000
,
1000
0000
0000
0000
,
0001
0000
0000
0000
,
0010
0000
0000
0000
,
0001
0000
0000
0000
,
1000
1000
0000
0001
,
0001
0001
0000
1000
,
1000
1000
0000
0001
,
0001
0001
0000
0100
,
0100
0100
0000
0010
,
0010
0010
0000
0100
,
0100
0100
0000
0010
,
0010
0010
0000
1000
,
1000
0000
0001
0000
,
0100
0000
0001
0001
,
0001
0000
1000
0000
,
0010
0000
0100
0100
,
0100
0000
0000
0000
,
0010
0000
0000
0000
,
1000
0000
0000
0000
,
0001
0000
0000
0000
,
0010
0000
0000
0000
,
0001
0000
0000
0000
,
0100
0000
0000
0000
,
0010
0000
0000
0000
,
1000
0000
0100
0000
,
1000
0000
0001
0000
,
0100
0000
0001
0000
,
0010
0000
0001
0000
,
1000
0000
0100
0000
,
1000
0000
0010
0000
,
0100
0000
0001
0000
,
1000
0000
0100
0000
,
0010
0000
0000
0010
,
0010
0000
0000
0001
,
0001
0000
0000
1000
,
1000
0000
0000
0010
,
0010
0000
0100
0000
,
0010
0000
1000
0000
,
0001
0000
0010
0000
,
0001
0000
1000
0000
,
0100
0000
1000
0000
,
0001
0000
0100
0100
,
0100
0000
0010
0000
,
0100
0000
0001
0001
,
0001
0000
1000
0000
,
0100
0000
0010
0010
,
0010
0000
0001
0000
,
1000
0000
0100
0100
,
0100
0000
1000
0000
,
0001
0001
0001
0001
,
0001
0000
0100
0000
,
0010
0010
0010
0010
,
0010
0000
1000
0000
,
0001
0001
0001
0001
,
0001
0000
0100
0000
,
0010
0010
0010
0010
,
0010
0000
1000
0000
,
0001
0000
0010
0000
,
0001
0000
0100
0000
,
0010
0000
1001
0000
;

//---------------dance-double - ----------------
#NOTES:
     dance-double:
     :
     Easy:
     6:
     0.384,0.341,0.247,0.000,0.000,277.000,28.000,0.000,0.000,0.000:
00000000
00000000
00000000
00000000
,
00000000
00000000
00000000
00000000
,
00000000
00000000
00000000
00000000
,
00011000
00000000
00101000
00000000
,
00110000
00000000
01100000
00000000
,
11000000
00000000
10010000
00000000
,
01001000
00000000
00011000
00000000
,
00010000
00000100
00001000
00000010
,
00000100
00000001
00000100
00000010
,
00001000
00000001
00000010
00000100
,
00000010
00000001
00001000
00000100
,
00010000
00000010
00001000
00000100
,
00010000
00001000
00100000
00010000
,
01000000
00100000
10000000
00010000
,
00100000
00001000
00010000
00011000
,
00010000
00000000
00000100
00000000
00000010
00000010
00000010
00000000
,
00000100
00000000
00001000
00000000
00000001
00000001
00000001
00000000
,
00000100
00000000
00000010
00000000
00001000
00001000
00001000
00000000
,
00000100
00010000
00001000
00011000
,
00001000
00000000
00100000
00000000
00010000
00010000
00010000
00000000
,
01000000
00000000
00100000
00000000
10000000
10000000
10000000
00000000
,
00010000
00000000
10000000
00000000
01000000
01000000
01000000
00000000
,
00100000
00010000
01000000
10010000
,
00010000
00000000
01000000
00000000
00001000
00010000
00000100
00000000
,
00010000
00000000
00001000
00000000
00100000
00010000
01000000
00000000
,
00100000
00000000
01000000
00000000
00010000
00100000
00001000
00000000
,
00010000
00000000
00000100
00000000
00000010
00000001
00000100
00000000
,
00000010
00001010
00000000
00000110
,
00000000
00010010
00000000
00010000
,
00001000
00101000
00000000
00110000
,
00000000
11000000
01000000
00100000
,
00010000
01010000
00000000
01001000
,
00000000
00011000
00000000
00001000
,
00100000
00110000
00000000
00011000
,
00000000
00001100
00000000
00000100
,
00000010
00000000
00000001
00000000
00001000
00000000
00000010
00000010
,
00000000
00000100
00000010
00001000
,
00000100
00000000
00010000
00000000
00001000
00000000
00100000
00100000
,
00000000
00010000
01000000
00100000
,
10000000
00000000
01000000
00000000
00100000
00000000
01000000
01000000
,
00000000
10000000
00010000
01000000
,
00100000
00000000
01000000
00000000
00001000
00000000
00100000
00100000
,
00000000
00001000
00010000
00000100
,
00000010
00000100
00000000
00000000
00000000
00000000
00000010
00000001
,
00000100
00000010
00000000
00000000
00000000
00000000
00010000
00001000
,
00100000
00010000
00000000
00000000
00000000
00000000
01000000
00100000
,
10000000
00010000
00000000
00000000
00100000
00000000
00010000
00000000
,
01000000
00001000
00010000
00000000
00000100
00000000
00010000
00000000
,
00001000
00100000
00010000
00000000
01000000
00000000
00100000
00000000
,
10000000
00010000
01000000
00000000
00100000
00000000
10000000
00000000
,
00010000
01000000
00001000
00000000
00010000
00000000
00000100
00000000
,
00000010
00000001
00001000
00000010
,
00000100
00000000
00000001
00000000
00001000
00001000
00001000
00000000
,
00000100
00010000
00000010
00000100
,
00000001
00000000
00001000
00000000
00000100
00000100
00000100
00000000
,
00010000
00001000
00100000
00010000
,
01000000
00000000
00100000
00000000
10000000
10000000
10000000
00000000
,
00010000
01000000
00100000
10000000
,
01000000
00000000
00100000
00000000
00010000
00010000
00010000
00000000
,
01000000
01001000
00001000
00010000
,
00000100
00000000
00000010
00000000
00000001
00000001
00000001
00000000
,
00001000
00001010
00000010
00010000
,
00000100
00000000
00001000
00000000
00000010
00000010
00000010
00000000
,
00000100
00000101
00000001
00001000
,
00000100
00000000
00010000
00000000
00001000
00001000
00001000
00000000
,
00100000
00110000
00010000
01000000
,
00100000
00000000
10000000
00000000
01000000
01000000
01000000
00000000
,
10000000
00000000
00010000
00000000
01000000
00100000
10000000
00000000
,
00010000
00000000
01000000
00000000
00001000
00010000
00000100
00000000
,
00000010
00000000
00000001
00000000
00001000
00000100
00010000
00000000
,
00000100
00000010
00001001
00000000
;

//---------------dance-double - ----------------
#NOTES:
     dance-double:
     :
     Hard:
     10:
     0.722,0.869,0.546,0.000,0.374,512.000,62.000,0.000,0.000,0.000:
00000000
00000000
00000000
00000000
,
00000000
00000000
00000000
00000000
,
00000000
00000000
00000000
00000000
,
00000011
00000000
00000000
00000000
00000000
00001001
00000000
00000000
00010100
00000000
00000000
00000000
00000000
00000000
00001000
00000000
,
00011000
00000000
00000000
00000000
00000000
00010100
00000000
00000000
00000110
00000000
00000000
00000000
00000000
00000001
00000100
00000000
,
00000110
00000000
00000000
00001010
00000000
00001100
00000000
00000000
00010100
00000000
00000000
00000000
00000000
00001000
00100000
00000000
,
00110000
00000000
00000000
01010000
00000000
01100000
00000000
00000000
10100000
00000000
00000000
00000000
00000000
00000000
00000000
00000000
,
00100000
10000000
00010000
01000000
00100000
00010000
00001000
00000000
,
00010000
00001000
00000100
00000010
00010000
00001000
00100000
00000000
,
00001000
01000000
00100000
00010000
10000000
01000000
00100000
00000000
,
10000000
00010000
00100000
01000000
10000000
00010000
01000000
00000000
,
00010000
00100000
00001000
00000010
00000100
00001000
00000001
00000000
,
00000100
00000010
00000001
00001000
00000100
00000010
00010000
00000000
,
00001000
00100000
00010000
01000000
00100000
00010000
00001000
00000000
,
00100000
01000000
00010000
00100000
01000000
00100000
00100000
00100000
,
00010000
01000000
00001000
00010000
00000100
00000010
00000001
00000100
,
00000001
00001000
00000100
00000010
00001000
00000010
00000100
00001000
,
00000010
00000100
00000001
00001000
00000100
00010000
00000010
00001000
,
00000100
00100000
00001000
00010000
00100000
01000000
00010000
00100000
,
01000000
10000000
00010000
01000000
00100000
00010000
00100000
01000000
,
00010000
10000000
01000000
00100000
10000000
00100000
00010000
01000000
,
00100000
00010000
00001000
00000100
00000010
00001000
00000001
00000010
,
00000001
00000100
00000010
00000001
00001000
00000100
00000010
00010000
,
00001000
00000000
00100000
00001000
00010000
00000000
00000100
00010000
00011000
00000000
00101000
00000000
00010000
01000000
00100000
10000000
,
00010000
00000000
00100000
01000000
10000000
00000000
00100000
01000000
01010000
00000000
01001000
00000000
00011000
00000000
00010000
00000000
,
00000100
00000000
00000010
00000001
00000100
00000000
00000010
00001000
00000101
00000000
00001001
00000000
00001000
00000010
00000100
00000001
,
00001000
00000000
00000100
00010000
00001000
00000000
00100000
00001000
00011000
00000000
00010100
00000100
00000010
00000100
00000000
00000000
,
00010000
00000000
00011000
00000000
00001000
01000000
00100000
10000000
,
00010000
01000000
00001000
00010000
00000100
00000010
00000001
00000100
,
00000010
00000000
00001010
00000000
00001000
00000001
00000100
00000010
,
00001000
00000001
00001000
00000100
00010000
00001000
01000000
00100000
,
10000000
00000000
01010000
00000000
00100000
01000000
00010000
10000000
,
01000000
00100000
00010000
01000000
00001000
00010000
00000100
00000010
,
00000001
00000000
00001001
00000000
00001000
00000010
00000100
00000010
,
00001000
00000100
00010000
00001000
01000000
00100000
10000000
00010000
,
00000000
10000000
00100000
01000000
00010000
01000000
00100000
10000000
,
00000000
00010000
00100000
00001000
00000010
00001000
00100000
00001000
,
00010000
00000100
00000010
00000001
00000010
00000100
00001000
00000010
,
00000000
00000100
00000010
00010000
00000100
00010000
00100000
00010000
,
00001000
01000000
00100000
10000000
00100000
01000000
00010000
00100000
,
00000000
01000000
00100000
00010000
01000000
00010000
00000010
00010000
,
00100000
00001000
00010000
00001000
01000000
00010000
00100000
01000000
,
00000000
10000000
00010000
01000000
10000000
01000000
00100000
10000000
,
00010000
00000000
00100000
00100000
00000000
00000000
00000000
00000000
00000000
00000000
00000000
01000000
00100000
00010000
01000000
00100000
,
10000000
00000000
00010000
00010000
00000000
00000000
00000000
00000000
00000000
00000000
00000000
01000000
00001000
00010000
00000010
00000100
,
00000001
00000000
00001000
00001000
00000000
00000000
00000000
00000000
00000000
00000000
00000000
00000001
00001000
00000010
00010000
00001000
,
00100000
00000000
01000000
01000000
00000000
00000000
00000000
10010000
00000000
01010000
00000000
01100000
00000000
10100000
00000000
00000000
,
00010000
00000000
01000000
00001000
00010000
00001000
00000000
01001000
00000000
00011000
00000000
00010100
00000000
00000110
00000000
00000000
,
00000010
00000000
00000001
00001000
00000100
00001000
00000000
00001010
00000000
00000110
00000000
00000101
00000000
00001001
00000000
00000000
,
00000001
00000000
00001000
00000100
00010000
00001000
00000000
00011000
00000000
00101000
00000000
00110000
00000000
01100000
00000000
00000000
,
00100000
00000000
00010000
10000000
00010000
01000000
00000000
01100000
00000000
10100000
00000000
10010000
00000000
01010000
00000000
00000000
,
00010000
10000000
00010000
01000000
00100000
10000000
00010000
01000000
,
00000000
00010000
00100000
00001000
00000000
01001000
00000000
00001000
,
00010000
00000100
00000010
00000001
00001000
00000010
00000100
00000001
,
00000000
00001000
00000100
00000010
00000000
00000101
00000000
00000010
,
00001000
00010000
00100000
01000000
00010000
00100000
00001000
00010000
,
00000000
00000100
00010000
00001000
00000000
00101000
00000000
00100000
,
00010000
01000000
00100000
10000000
00010000
01000000
00001000
00010000
,
00000000
00001000
00010000
00000100
00000000
00000110
00000000
00000010
,
00000001
00000000
00001000
00000000
00000010
00000000
00000100
00000010
00000100
00000000
00000001
00000000
00001000
00000000
00000100
00000000
,
00000000
00010000
00001000
00100000
00000000
00011000
00000000
00001000
,
01000000
00000000
00100000
00000000
10000000
00000000
00010000
00100000
00010000
00000000
01000000
00000000
00100000
00000000
10000000
00000000
,
00000000
00010000
00100000
00001000
00000000
00011000
00000000
00010000
,
00001000
00000000
00100000
00000000
00001000
00000000
00010000
00000100
00010000
00000000
00000100
00000000
00001000
00000000
00000010
00000000
,
00000000
00000100
00000001
00000010
00000000
00000110
00000000
00000010
,
00000001
00000000
00000100
00000000
00001000
00000000
00010000
00100000
00010000
00000000
00001000
00000000
00100000
00000000
01000000
00000000
,
00000000
00010000
00100000
01000000
00000000
11000000
00000000
00100000
,
00010000
00000000
10000000
00000000
10010000
00000000
00100000
01000000
00000000
00010000
00100000
00001000
00000000
00011000
00000000
00010000
,
00000100
00000000
00000010
00000000
00000011
00000000
00000001
00000100
00000000
00000010
00001000
00000100
00000000
00010100
00000000
00010000
,
00000010
00000000
00001000
00000000
00001100
00000000
00000100
00010000
00000000
00001000
00100000
00010000
00000000
00011000
00000000
00001000
,
01000000
00000000
00100000
10000000
00010000
00100000
00000000
00010000
11000000
00000000
00000000
00000000
00000000
00000000
00000000
00000000
;

//---------------dance-double - ----------------
#NOTES:
     dance-double:
     :
     Medium:
     7:
     0.450,0.466,0.123,0.000,0.026,344.000,14.000,0.000,0.000,0.000:
00000000
00000000
00000000
00000000
,
00000000
00000000
00000000
00000000
,
00000000
00000000
00000000
00000000
,
00010000
00000000
00000000
00000000
00000000
01000000
00000000
00000000
00100000
00000000
00000000
00000000
00000000
00000000
10000000
00000000
,
00010000
00000000
00000000
00000000
00000000
01000000
00000000
00000000
00100000
00000000
00000000
00000000
00000000
00000000
01000000
00000000
,
00010000
00000000
00000000
00100000
00000000
00001000
00000000
00000000
00010000
00000000
00000000
00000000
00000000
00000000
00000100
00000000
,
00000010
00000000
00000000
00000001
00000000
00000100
00000000
00000000
00000010
00000000
00000000
00000000
00000000
00000000
00000000
00000000
,
00000010
00000000
00001000
00000000
00000001
00000100
00000001
00000000
,
00001000
00000000
00000100
00000000
00010000
00001000
00010000
00000000
,
00001000
00000000
00100000
00000000
00010000
01000000
00010000
00000000
,
10000000
00000000
01000000
00000000
00100000
00010000
00100000
00000000
,
01000000
00000000
10000000
00000000
00010000
01000000
00100000
00000000
,
10000000
00000000
00010000
00000000
01000000
00001000
00010000
00000000
,
00001000
00000000
00010000
00000000
00000100
00000010
00000001
00000000
,
00000100
00000000
00000010
00000000
00001000
00000001
00000100
00000001
,
00001000
00000000
00001100
00000000
00000100
00010000
00000100
00000000
,
00001000
00000000
00000101
00000000
00000010
00001000
00000010
00000000
,
00001000
00000000
00010100
00000000
00010000
00001000
00010000
00000000
,
00001000
00000000
00101000
00000000
00100000
00010000
00100000
00000000
,
00010000
00000000
01010000
00000000
01000000
00100000
10000000
00000000
,
00100000
00000000
10010000
00000000
00100000
01000000
00010000
00000000
,
00100000
00000000
00101000
00000000
00001000
00010000
00000100
00000000
,
00000010
00000000
00000011
00000000
00000001
00001000
00000100
00001000
,
00000010
00000100
00000010
00000000
00001000
00000100
00010000
00000010
,
00000100
00000001
00001000
00000000
00000100
00010000
00001000
00000000
,
00100000
00010000
01000000
00000000
00100000
10000000
00010000
01000000
,
00100000
10000000
00010000
00000000
01000000
00100000
10000000
00000000
,
00010000
01010000
00100000
10000000
,
00010000
00100000
00001000
00010000
,
00000100
00001100
00000100
00010000
,
00001000
00010000
00000100
00000010
,
00000001
00001100
00001000
00000010
,
00000100
00000010
00010000
00001000
,
00100000
00110000
00010000
01000000
,
00100000
10000000
00010000
01000000
,
00100000
10000000
00100000
00000000
01000000
00010000
01000000
00100000
,
00000000
10000000
00010000
00000000
01000000
00000000
00001000
00000000
,
00010000
00001000
00010000
00000000
00000100
00000010
00000001
00000100
,
00000000
00000010
00000100
00000000
00000010
00001000
00000001
00000000
,
00000100
00000010
00001000
00000000
00000001
00001000
00000100
00010000
,
00000000
00001000
00100000
00000000
00010000
01000000
00100000
00000000
,
10000000
00010000
10000000
00000000
00010000
01000000
00100000
10000000
,
00000000
00010000
00100000
00000000
00010000
01000000
00100000
00000000
,
10000000
00010000
00000000
00000000
00000000
00000000
01000000
00001000
,
00010000
00001000
00000000
00000000
00000000
00000000
01000000
00100000
,
10000000
00010000
00000000
00000000
00000000
00000000
00100000
01000000
,
10000000
00100000
00000000
00000000
01000000
00000000
00011000
00000000
,
00001000
01000000
00001000
00000000
00010000
00000100
00000010
00000001
,
00000100
00000010
00001000
00000000
00000001
00000100
00000010
00000000
,
00001000
00000100
00010000
00000000
00000100
00001000
00000010
00000100
,
00000001
00001000
00000100
00000000
00000010
00000001
00000100
00000000
,
00000010
00000000
00001000
00000000
00000001
00000000
00000010
00000001
,
00000000
00000100
00000000
00000010
00000000
00001000
00000000
00000000
,
00000100
00000000
00010000
00000000
00001000
00000000
00100000
00001000
,
00000000
00010000
00000000
00000100
00000000
00001000
00000000
00000000
,
00000010
00000000
00000100
00000000
00000010
00000000
00001000
00000100
,
00000000
00010000
00000000
00001000
00000000
00010000
00000000
00000000
,
00000100
00000000
00000010
00000000
00000001
00000000
00000100
00000010
,
00000000
00001000
00000000
00000100
00000000
00000010
00000000
00000000
,
00000001
00001000
00000001
00000100
00000010
00001000
00000000
00000001
,
00000000
00000100
00000000
00000010
00000000
00001000
00000000
00000100
,
00010000
00001000
00100000
00010000
01000000
00100000
00000000
10000000
,
00000000
00010000
00000000
01000000
00000000
00100000
00000000
00000000
,
10000000
00010000
10000000
01000000
00100000
00010000
00000000
01000000
,
00000000
00001000
00000000
00010000
00000000
01000000
00000000
00000000
,
10000000
01000000
00100000
00010000
01000000
00001000
00000000
00010000
,
00000000
00000100
00000000
00000010
00000000
00000100
00000000
00000000
,
00010000
00000100
00010000
00000000
00001000
00100000
00010000
01000000
,
00100000
10000000
00010000
00000000
00100000
01000000
00010000
00000000
,
00100000
00001000
00010000
00000000
00000100
00000010
00000001
00000100
,
00000010
00001000
00000001
00000010
00001001
00000000
00000000
00000000
;
