#TITLE:Groove 2001;
#SUBTITLE:;
#ARTIST:Sho-T feat. Brenda;
#TITLETRANSLIT:;
#SUBTITLETRANSLIT:;
#ARTISTTRANSLIT:;
#CREDIT:;
#BANNER:Groove 2001-banner.png;
#BACKGROUND:Groove 2001-bg.png;
#LYRICSPATH:;
#CDTITLE:;
#MUSIC:Groove 2001.mp3;
#OFFSET:-0.320;
#SAMPLESTART:43.177;
#SAMPLELENGTH:12.000;
#SELECTABLE:YES;
#BPMS:0.000=140.000;
#STOPS:;
#BGCHANGES:;
// cache tags:
#FIRSTBEAT:11.500;
#LASTBEAT:204.000;
#SONGFILENAME:Songs/DDI/Groove 2001/Groove 2001.sm;
#HASMUSIC:1;
#HASBANNER:1;
#MUSICLENGTH:91.084;
// end cache tags

//---------------dance-single - ----------------
#NOTES:
     dance-single:
     :
     Easy:
     4:
     0.296,0.364,0.263,0.000,0.000,165.000,24.000,0.000,0.000,0.000:  // measure 1
0000
0000
0000
0000
,  // measure 2
0000
0000
0000
0000
,  // measure 3
0000
0000
0000
0000
,  // measure 4
0010
0000
0000
0000
,  // measure 5
0001
0100
1000
0100
,  // measure 6
0010
0000
0000
0000
,  // measure 7
1000
0010
0001
0010
,  // measure 8
0100
0000
0000
0000
,  // measure 9
0010
1000
0100
0001
,  // measure 10
0010
1001
0010
1001
,  // measure 11
0100
0001
1000
0100
,  // measure 12
0010
1001
0010
1001
,  // measure 13
0100
1000
0001
0100
,  // measure 14
0010
1001
0010
1001
,  // measure 15
0010
0001
1000
0100
,  // measure 16
0010
1001
0010
1001
,  // measure 17
0010
1000
0100
0001
,  // measure 18
0010
0000
0000
0000
,  // measure 19
0000
0000
0000
0000
,  // measure 20
0100
0000
0000
0000
,  // measure 21
1000
0000
0100
0001
,  // measure 22
0010
0010
0000
0100
,  // measure 23
1000
1000
0000
0001
,  // measure 24
0100
0100
0000
1000
,  // measure 25
0001
0001
0000
0010
,  // measure 26
1000
1000
0000
0001
,  // measure 27
0010
0010
0000
0100
,  // measure 28
0001
0001
0000
1000
,  // measure 29
0010
0001
0100
1000
,  // measure 30
0010
0010
0000
0001
,  // measure 31
1000
1000
0000
0100
,  // measure 32
0010
0010
0000
0001
,  // measure 33
1000
0100
1000
0001
0100
0000
0001
0000
,  // measure 34
0010
1001
0100
1001
,  // measure 35
0010
1000
0001
0100
,  // measure 36
0010
1001
0100
1001
,  // measure 37
0100
0000
1000
0000
0001
1000
0100
0000
,  // measure 38
0010
1001
0100
1001
,  // measure 39
0100
0001
1000
0100
,  // measure 40
0010
1001
0100
1001
,  // measure 41
0010
1000
0001
0100
0000
0000
0000
0000
,  // measure 42
0001
1100
0001
1100
,  // measure 43
0010
1000
0001
0100
,  // measure 44
1000
0101
1000
0101
,  // measure 45
0010
0000
0100
0000
0001
1000
0100
0000
,  // measure 46
0001
1100
0001
1100
,  // measure 47
0010
0001
0100
0001
,  // measure 48
1000
0101
1000
0101
,  // measure 49
0010
1000
0010
0000
0000
0000
0000
0000
,  // measure 50
0001
0100
0001
0000
0000
0000
0000
0000
,  // measure 51
1000
0100
1000
0000
0000
0000
0000
1000
,  // measure 52
0100
0000
0000
0000
;

//---------------dance-single - ----------------
#NOTES:
     dance-single:
     :
     Medium:
     6:
     0.361,0.392,0.176,0.000,0.027,214.000,16.000,0.000,0.000,0.000:  // measure 1
0000
0000
0000
0000
,  // measure 2
0000
0000
0000
0000
,  // measure 3
0000
0000
0000
0000
,  // measure 4
0010
0000
0000
0000
,  // measure 5
1000
0010
0001
0010
,  // measure 6
0100
0000
0000
0000
,  // measure 7
0001
0100
1000
0100
,  // measure 8
0010
0000
0000
0000
,  // measure 9
0010
0001
0100
1000
,  // measure 10
0010
1001
0010
1001
,  // measure 11
0010
0000
0001
0000
1000
0001
0100
0000
,  // measure 12
0010
1001
0010
1001
,  // measure 13
0010
0000
1000
0000
0001
1000
0100
0000
,  // measure 14
0010
1001
0100
1001
,  // measure 15
0100
0000
1000
0000
0010
1000
0100
0000
,  // measure 16
0010
1001
0100
1001
,  // measure 17
1000
0000
0100
0000
1000
0000
0001
1000
0000
0000
0000
0000
0000
0000
0000
0000
,  // measure 18
0010
0000
0000
0000
,  // measure 19
0000
0000
0000
0000
,  // measure 20
0100
0000
0000
0000
,  // measure 21
0001
0000
0000
0100
,  // measure 22
0010
1000
0010
0000
0000
0001
0100
0000
,  // measure 23
1000
0100
1000
0000
0000
0010
0100
0000
,  // measure 24
0001
1000
0001
0000
0000
1000
0100
0000
,  // measure 25
0001
0100
0001
0000
1000
0000
0100
0000
,  // measure 26
0010
0001
0010
0000
0000
1000
0100
0000
,  // measure 27
0010
0100
0010
0000
0000
0001
0100
0000
,  // measure 28
1000
0001
1000
0000
0000
0100
0001
0000
,  // measure 29
1000
0100
0001
0010
,  // measure 30
1000
0100
0001
0000
0000
0100
1000
0000
,  // measure 31
0001
1000
0100
0000
0010
0001
0000
1000
,  // measure 32
0001
0100
1000
0000
0000
0100
0001
0000
,  // measure 33
1000
0100
1000
0001
0100
0001
1000
0000
,  // measure 34
0010
1001
0100
1001
,  // measure 35
0010
0000
0100
0000
0010
0001
0100
0000
,  // measure 36
0010
1001
0100
1001
,  // measure 37
0010
1000
0001
0010
0100
1000
0100
0000
,  // measure 38
1000
1000
0000
0000
0001
0001
0000
0000
,  // measure 39
0100
0001
1000
0100
0010
0001
0100
0000
,  // measure 40
0001
0001
0000
1000
0001
0100
0000
0010
,  // measure 41
1000
0001
1000
0100
0000
0000
0000
0000
,  // measure 42
0001
1100
0001
1100
,  // measure 43
0010
0001
0100
0010
1000
0001
0100
0000
,  // measure 44
1000
0101
1000
0101
,  // measure 45
0010
0001
1000
0010
0100
0001
0100
0000
,  // measure 46
0001
0001
0000
0000
1000
1000
0000
0000
,  // measure 47
0010
1000
0100
0001
0100
1000
0010
0000
,  // measure 48
0001
0100
0010
0000
1000
0001
0100
0000
,  // measure 49
0001
0000
0100
0000
0001
0000
1000
0100
0000
0000
0000
0000
0000
0000
0000
0000
,  // measure 50
1000
0000
0100
0000
1000
0000
0001
0100
0000
0000
0000
0000
0000
0000
0000
0000
,  // measure 51
0001
0000
1000
0000
0001
0000
0010
0100
0000
0000
0000
0000
0000
1000
0000
0000
,  // measure 52
0100
0000
0000
0000
;

//---------------dance-single - ----------------
#NOTES:
     dance-single:
     :
     Hard:
     7:
     0.420,0.476,0.143,0.000,0.143,255.000,13.000,0.000,0.000,0.000:  // measure 1
0000
0000
0000
0000
,  // measure 2
0000
0000
0000
0000
,  // measure 3
0000
0000
0000
0000
,  // measure 4
1000
0000
0000
0000
,  // measure 5
0010
0000
1000
0000
0010
0000
0100
0010
,  // measure 6
1000
0000
0000
0000
,  // measure 7
0100
0001
0100
1000
,  // measure 8
0100
0000
0000
0000
,  // measure 9
0010
0100
0010
1000
,  // measure 10
0001
0010
1001
0100
,  // measure 11
1001
0010
1000
0000
0001
1000
0001
0100
,  // measure 12
0001
0010
1001
0100
,  // measure 13
1001
0010
0001
0000
1000
0001
1000
0100
,  // measure 14
1000
0010
1001
0100
,  // measure 15
1001
0100
0001
0000
1000
0010
1000
0100
,  // measure 16
1000
0010
1001
0100
,  // measure 17
1001
0000
1000
0000
0100
0000
1000
0001
0000
1000
0000
0010
0000
0100
0000
0000
,  // measure 18
0001
0000
0000
0000
,  // measure 19
0000
0000
0000
0000
,  // measure 20
0010
0000
0000
0000
,  // measure 21
0010
0000
0000
1000
,  // measure 22
0100
0010
1000
0000
0000
0100
0001
0000
,  // measure 23
0100
1000
0100
0000
0000
0010
1000
0000
,  // measure 24
0100
1000
0010
0000
0000
1000
0001
0000
,  // measure 25
0100
0010
0100
0000
0010
0000
0100
0000
,  // measure 26
1001
0100
1000
0000
0000
0100
1000
0000
,  // measure 27
0001
0010
0100
0000
0000
1000
0001
0000
,  // measure 28
0100
0001
0100
0000
0000
0001
0010
0000
,  // measure 29
0100
0000
0001
0000
1000
0000
0100
1000
0000
0001
0000
1000
0000
0100
0000
0000
,  // measure 30
1000
0010
0100
0000
0000
0001
0010
0100
,  // measure 31
1000
0001
0100
0000
0000
1000
0100
0001
,  // measure 32
0100
0010
1000
0000
0000
0001
0010
0000
,  // measure 33
0100
0000
1000
0000
0100
0000
1000
0000
0010
0000
0000
0000
1000
0001
1000
0001
,  // measure 34
1000
0001
1100
0001
,  // measure 35
1100
0010
1000
0001
0100
0001
1000
0000
,  // measure 36
0010
1000
0101
1000
,  // measure 37
0101
0010
0001
1000
0100
0010
0001
0000
,  // measure 38
1000
0001
0100
0000
1000
1000
0100
0000
,  // measure 39
0001
0010
0100
1000
0010
0100
0001
0000
,  // measure 40
0100
1000
0100
0000
0001
0001
0100
1000
,  // measure 41
0100
0000
1000
0000
0100
0000
1000
0001
0000
1000
0000
0001
0000
0100
0000
0000
,  // measure 42
0001
0010
0001
0000
0100
0001
0010
0000
,  // measure 43
0100
0010
1000
0001
0100
0010
1000
0000
,  // measure 44
0001
1000
0001
0000
0100
0001
0010
0000
,  // measure 45
0100
0010
0001
1000
0100
0010
0001
0000
,  // measure 46
1000
0001
0100
0000
1000
1000
0100
0000
,  // measure 47
0001
0010
0100
1000
0001
0100
0010
0000
,  // measure 48
1000
1000
0100
0000
0001
0001
0100
1000
,  // measure 49
0100
0000
1000
0000
0100
0000
1000
0001
0000
1000
0000
0001
0000
0100
0000
0000
,  // measure 50
0001
0000
0010
0000
0100
0000
0010
0001
0000
0100
0000
0001
0000
1000
0000
0000
,  // measure 51
0100
0000
1000
0000
0001
0000
0100
0001
0000
0010
0000
0001
0000
1000
0000
0000
,  // measure 52
0100
0000
0000
0000
;

//---------------dance-double - ----------------
#NOTES:
     dance-double:
     :
     Easy:
     4:
     0.296,0.364,0.263,0.000,0.000,165.000,24.000,0.000,0.000,0.000:  // measure 1
00000000
00000000
00000000
00000000
,  // measure 2
00000000
00000000
00000000
00000000
,  // measure 3
00000000
00000000
00000000
00000000
,  // measure 4
00100000
00000000
00000000
00000000
,  // measure 5
10000000
00010000
00001000
00000010
,  // measure 6
00000100
00000000
00000000
00000000
,  // measure 7
00001000
00010000
01000000
10000000
,  // measure 8
00100000
00000000
00000000
00000000
,  // measure 9
10000000
01000000
00010000
00001000
,  // measure 10
00010000
00011000
00001000
00011000
,  // measure 11
00010000
01000000
10000000
00100000
,  // measure 12
01000000
10010000
00100000
10010000
,  // measure 13
10000000
01000000
00010000
00001000
,  // measure 14
00010000
00011000
00001000
00011000
,  // measure 15
00001000
00000100
00000001
00000010
,  // measure 16
00000100
00001001
00000010
00001001
,  // measure 17
00000100
00001000
00000010
00000001
,  // measure 18
00000100
00000000
00000000
00000000
,  // measure 19
00000000
00000000
00000000
00000000
,  // measure 20
01000000
00000000
00000000
00000000
,  // measure 21
10000000
00000000
01000000
00010000
,  // measure 22
00001000
00001000
00000000
00010000
,  // measure 23
00000100
00000100
00000000
00000010
,  // measure 24
00000001
00000001
00000000
00000100
,  // measure 25
00001000
00001000
00000000
00010000
,  // measure 26
00001000
00001000
00000000
00010000
,  // measure 27
01000000
01000000
00000000
10000000
,  // measure 28
01000000
01000000
00000000
00010000
,  // measure 29
00001000
00000100
00000001
00000010
,  // measure 30
00000100
00000100
00000000
00010000
,  // measure 31
00001000
00001000
00000000
01000000
,  // measure 32
00100000
00100000
00000000
10000000
,  // measure 33
00010000
01000000
00010000
10000000
01000000
00000000
00100000
00000000
,  // measure 34
01000000
10010000
00100000
10010000
,  // measure 35
10000000
01000000
00010000
00001000
,  // measure 36
00010000
00011000
00001000
00011000
,  // measure 37
00001000
00000000
00000100
00000000
00000001
00001000
00000100
00000000
,  // measure 38
00000010
00001001
00000100
00001001
,  // measure 39
00000001
00000100
00001000
00010000
,  // measure 40
00001000
00011000
00010000
00011000
,  // measure 41
00001000
00010000
00001000
01000000
00000000
00000000
00000000
00000000
,  // measure 42
00001000
00011000
00010000
00011000
,  // measure 43
00001000
00000100
00000001
00000010
,  // measure 44
00000001
00001100
00000001
00001100
,  // measure 45
00010000
00000000
00001000
00000000
01000000
00001000
00010000
00000000
,  // measure 46
00001000
00011000
00010000
00011000
,  // measure 47
00010000
01000000
10000000
00100000
,  // measure 48
10000000
01010000
10000000
01010000
,  // measure 49
00001000
00010000
00001000
00000000
00000000
00000000
00000000
00000000
,  // measure 50
00000100
00000001
00000100
00000000
00000000
00000000
00000000
00000000
,  // measure 51
00001000
00000100
00001000
00000000
00000000
00000000
00000000
00000010
,  // measure 52
00000100
00000000
00000000
00000000
;

//---------------dance-double - ----------------
#NOTES:
     dance-double:
     :
     Medium:
     6:
     0.367,0.392,0.176,0.000,0.027,218.000,16.000,0.000,0.000,0.000:  // measure 1
00000000
00000000
00000000
00000000
,  // measure 2
00000000
00000000
00000000
00000000
,  // measure 3
00000000
00000000
00000000
00000000
,  // measure 4
00100000
00000000
00000000
00000000
,  // measure 5
00100000
10000000
01000000
00010000
,  // measure 6
00001000
00000000
00000000
00000000
,  // measure 7
00000010
00000001
00000100
00001000
,  // measure 8
00010000
00000000
00000000
00000000
,  // measure 9
00100000
01000000
00001000
00010000
,  // measure 10
00001000
00011000
00010000
00011000
,  // measure 11
00001000
00000000
00000100
00000000
00000001
00001000
00000100
00000000
,  // measure 12
00000010
00001001
00000100
00001001
,  // measure 13
00000010
00000000
00001000
00000000
00000001
00000100
00001000
00000000
,  // measure 14
00010000
00011000
00001000
00011000
,  // measure 15
00010000
00000000
01000000
00000000
10000000
00100000
01000000
00000000
,  // measure 16
00100000
10010000
01000000
10010000
,  // measure 17
00100000
00000000
00001000
00000000
00010000
00000000
00001000
00010000
00000000
00000000
00000000
00000000
00000000
00000000
00000000
00000000
,  // measure 18
00000010
00000000
00000000
00000000
,  // measure 19
00000000
00000000
00000000
00000000
,  // measure 20
01000000
00000000
00000000
00000000
,  // measure 21
00010000
00000000
00000000
01000000
,  // measure 22
00100000
10000000
00100000
00000000
00000000
01000000
00010000
00000000
,  // measure 23
10000000
01000000
10000000
00000000
00000000
00010000
00001000
00000000
,  // measure 24
00000100
00000001
00000100
00000000
00000000
00000010
00000001
00000000
,  // measure 25
00000100
00000010
00000100
00000000
00000001
00000000
00001000
00000000
,  // measure 26
00010000
00100000
00010000
00000000
00000000
00100000
01000000
00000000
,  // measure 27
00010000
00001000
00010000
00000000
00000000
00001000
00000100
00000000
,  // measure 28
00000001
00000010
00000001
00000000
00000000
00001000
00000100
00000000
,  // measure 29
00001000
00010000
00100000
01000000
,  // measure 30
10000000
01000000
00010000
00000000
00000000
00001000
00010000
00000000
,  // measure 31
00001000
00000100
00000001
00000000
00000010
00000001
00000000
00000100
,  // measure 32
00001000
00010000
01000000
00000000
00000000
10000000
00100000
00000000
,  // measure 33
10000000
01000000
00010000
00001000
00000100
00000001
00000100
00000000
,  // measure 34
00000010
00001001
00000100
00001001
,  // measure 35
00000010
00000000
00001000
00000000
00010000
00100000
01000000
00000000
,  // measure 36
10000000
01010000
10000000
01010000
,  // measure 37
00100000
01000000
00010000
00100000
00001000
00000100
00000001
00000000
,  // measure 38
00001000
00001000
00000100
00000000
00000001
00000001
00000100
00000000
,  // measure 39
00001000
00000001
00000010
00000100
00001000
00000010
00001000
00000000
,  // measure 40
00000100
00000100
00000000
00010000
00001000
01000000
00000000
00100000
,  // measure 41
10000000
01000000
10000000
00010000
00000000
00000000
00000000
00000000
,  // measure 42
00100000
10010000
01000000
10010000
,  // measure 43
10000000
01000000
00010000
00001000
00010000
00001000
00000100
00000000
,  // measure 44
00000001
00001100
00000001
00001100
,  // measure 45
00000010
00000100
00001000
00000010
00010000
01000000
10000000
00000000
,  // measure 46
00010000
00010000
01000000
00000000
10000000
10000000
01000000
00000000
,  // measure 47
00010000
10000000
00100000
01000000
00010000
00100000
00010000
00000000
,  // measure 48
00000100
00001000
00000001
00000000
00000010
00000001
00000100
00000000
,  // measure 49
00001000
00000000
00010000
00000000
00001000
00000000
01000000
00010000
00000000
00000000
00000000
00000000
00000000
00000000
00000000
00000000
,  // measure 50
10000000
00000000
01000000
00000000
10000000
00000000
00010000
01000000
00000000
00000000
00000000
00000000
00000000
00000000
00000000
00000000
,  // measure 51
00001000
00000000
00000100
00000000
00001000
00000000
00000100
00000001
00000000
00000000
00000000
00000000
00000000
00000010
00000000
00000000
,  // measure 52
00000100
00000000
00000000
00000000
;

//---------------dance-double - ----------------
#NOTES:
     dance-double:
     :
     Hard:
     7:
     0.420,0.476,0.143,0.000,0.143,255.000,13.000,0.000,0.000,0.000:  // measure 1
00000000
00000000
00000000
00000000
,  // measure 2
00000000
00000000
00000000
00000000
,  // measure 3
00000000
00000000
00000000
00000000
00000000
00000000
00000000
10000000
,  // measure 4
00100000
00000000
00000000
00000000
,  // measure 5
00010000
00000000
00100000
00000000
01000000
00000000
10000000
01000000
,  // measure 6
00010000
00000000
00000000
00000000
,  // measure 7
00001000
00000010
00000001
00000100
,  // measure 8
00001000
00000000
00000000
00000000
,  // measure 9
00000001
00001000
00010000
00100000
,  // measure 10
01000000
10010000
00100000
10010000
,  // measure 11
00100000
10000000
00010000
00000000
00100000
00001000
00010000
00001000
,  // measure 12
01000000
00011000
00000100
00011000
,  // measure 13
00100000
00001000
00010000
00000000
00000010
00001000
00000100
00001000
,  // measure 14
00000010
00001001
00000100
00001001
,  // measure 15
00000010
00000001
00001000
00000000
00000010
00010000
00001000
00010000
,  // measure 16
00000010
00011000
00100000
00011000
,  // measure 17
00010000
00000000
00001000
00000000
01000000
00000000
00010000
00100000
00000000
01000000
00000000
10000000
00000000
00100000
00000000
00000000
,  // measure 18
01000000
00000000
00000000
00000000
,  // measure 19
00000000
00000000
00000000
00000000
,  // measure 20
00000010
00000000
00000000
00000000
,  // measure 21
00000001
00000000
00000000
00000100
,  // measure 22
00000010
00000001
00000100
00000000
00000000
00001000
00010000
00000000
,  // measure 23
01000000
10000000
00100000
00000000
00000000
10000000
00010000
00000000
,  // measure 24
01000000
00100000
01000000
00000000
00000000
00001000
00010000
00000000
,  // measure 25
00000100
00001000
00000100
00000000
00000010
00000000
00001001
00000000
,  // measure 26
00000001
00000100
00000001
00000000
00000000
00001000
00000100
00000000
,  // measure 27
00010000
01000000
10000000
00000000
00000000
00100000
01000000
00000000
,  // measure 28
00001000
00010000
00001000
00000000
00000000
00100000
01000000
00000000
,  // measure 29
10000000
00000000
00010000
00000000
01000000
00000000
00010000
10000000
00000000
00010000
00000000
01000000
00000000
00010000
00000000
00000000
,  // measure 30
00100000
00001000
00010000
00000000
00000000
00001000
00000100
00000001
,  // measure 31
00000010
00000100
00001000
00000000
00000000
00000001
00000100
00000001
,  // measure 32
00000100
00001000
00010000
00000000
00000000
00100000
01000000
00000000
,  // measure 33
10000000
00000000
01000000
00000000
10000000
00000000
00100000
00000000
10000000
00000000
00000000
00000000
00010000
10000000
00010000
10000000
,  // measure 34
00010000
11000000
00010000
11000000
,  // measure 35
00100000
10000000
01000000
00010000
00001000
00000100
00000001
00000000
,  // measure 36
00001000
00000101
00001000
00000101
,  // measure 37
00000010
00000001
00000100
00001000
00010000
00001000
01000000
00000000
,  // measure 38
00100000
10000000
01000000
00000000
00100000
00010000
01000000
00000000
,  // measure 39
00010000
00100000
00001000
00010000
01000000
10000000
01000000
00000000
,  // measure 40
00100000
00010000
01000000
00000000
00010000
10000000
01000000
00000000
,  // measure 41
00010000
00000000
10000000
00000000
01000000
00000000
00100000
00010000
00000000
10000000
00000000
01000000
00000000
00010000
00000000
00000000
,  // measure 42
00000010
00001000
00000100
00000000
00001000
00000001
00000100
00000000
,  // measure 43
00000010
00000001
00000100
00001000
00010000
01000000
10000000
00000000
,  // measure 44
00010000
10000000
01000000
00000000
10000000
00100000
01000000
00000000
,  // measure 45
00100000
10000000
01000000
00010000
00001000
00010000
00000100
00000000
,  // measure 46
00001000
00000100
00000001
00000000
00000001
00000100
00001000
00000000
,  // measure 47
00001000
00000010
00010000
00001000
00000100
00000001
00000100
00000000
,  // measure 48
00000001
00000100
00001000
00000000
00010000
01000000
10000000
00100000
,  // measure 49
10000000
00000000
01000000
00000000
10000000
00000000
00010000
10000000
00000000
01000000
00000000
00010000
00000000
00001000
00000000
00000000
,  // measure 50
00010000
00000000
00001000
00000000
00010000
00000000
00000010
00001000
00000000
00000100
00000000
00010000
00000000
00001000
00000000
00000000
,  // measure 51
00010000
00000000
00001000
00000000
01000000
00000000
00010000
00100000
00000000
01000000
00000000
10000000
00000000
00100000
00000000
00000000
,  // measure 52
01000000
00000000
00000000
00000000
;
