#TITLE:Konoko no nanatsu no oiwaini;
#SUBTITLE:;
#ARTIST:Asaki;
#TITLETRANSLIT:;
#SUBTITLETRANSLIT:;
#ARTISTTRANSLIT:;
#CREDIT:;
#BANNER:Konoko no nanatsu no oiwaini.png;
#BACKGROUND:Konoko no nanatsu no oiwaini-bg.png;
#LYRICSPATH:;
#CDTITLE:./CDTITLES/Guitar Freaks & DrumMania.png;
#MUSIC:Konoko no nanatsu no oiwaini.mp3;
#OFFSET:-0.037;
#SAMPLESTART:64.810;
#SAMPLELENGTH:15.000;
#SELECTABLE:YES;
#DISPLAYBPM:161.000;
#BPMS:0.000=161.000;
#STOPS:;
#BGCHANGES:;
// cache tags:
#FIRSTBEAT:16.000;
#LASTBEAT:244.250;
#SONGFILENAME:Songs/DDI/Konoko no nanatsu no oiwaini/Konoko no nanatsu no oiwaini.sm;
#HASMUSIC:1;
#HASBANNER:1;
#MUSICLENGTH:97.026;
// end cache tags

//---------------dance-single - ----------------
#NOTES:
     dance-single:
     :
     Beginner:
     1:
     0.149,0.157,0.041,0.000,0.227,97.000,4.000,0.000,0.000,0.000:  // measure 1
0000
0000
0000
0000
,  // measure 2
0000
0000
0000
0000
,  // measure 3
0000
0000
0000
0000
,  // measure 4
0000
0000
0000
0000
,  // measure 5
0010
0000
0100
0000
,  // measure 6
0010
0000
0100
0000
,  // measure 7
0001
0000
0000
0001
,  // measure 8
0000
0000
0000
1001
,  // measure 9
0000
0010
0000
1000
,  // measure 10
0000
0100
0000
1000
,  // measure 11
0000
0000
1000
0000
,  // measure 12
0000
0000
0000
0000
,  // measure 13
0010
0000
0100
0000
,  // measure 14
0001
0000
0001
0000
,  // measure 15
1000
0000
0001
0000
,  // measure 16
0010
0000
0010
0000
,  // measure 17
0100
0000
0010
0000
,  // measure 18
1000
0000
0001
0000
,  // measure 19
1000
0000
0010
0000
,  // measure 20
1000
0000
0100
0000
,  // measure 21
1000
0000
0000
0010
,  // measure 22
0000
0000
0000
0001
,  // measure 23
0000
0000
0000
0001
,  // measure 24
0000
0010
0000
0100
,  // measure 25
0000
0000
0000
0100
,  // measure 26
0000
0000
0000
0001
,  // measure 27
0000
0000
0000
0010
,  // measure 28
0000
0001
0000
1001
,  // measure 29
0000
0100
0000
0001
,  // measure 30
0000
1000
0000
0100
,  // measure 31
0000
0000
0000
0000
,  // measure 32
0001
0000
0100
0000
,  // measure 33
0001
0000
0000
0100
,  // measure 34
0000
0001
0000
0010
,  // measure 35
0000
0100
0000
1000
,  // measure 36
0000
0001
0000
0100
,  // measure 37
0000
0000
0000
0000
0000
0000
0000
0000
0000
0001
0000
0000
0000
0000
0000
0000
,  // measure 38
0000
0110
0000
0000
0000
0000
0000
0000
0000
1000
0000
0000
0000
0000
0000
0000
,  // measure 39
0000
0100
0000
0000
0000
0000
0000
0000
0000
0100
0000
0000
0000
0000
0000
0000
,  // measure 40
0000
0010
0000
0000
0000
0000
0000
0000
0000
0001
0000
0000
0000
0000
0000
0000
,  // measure 41
0000
1000
0000
0000
0000
0000
0000
0000
0000
0100
0000
0000
0000
0000
0000
0000
,  // measure 42
0000
0100
0000
0000
0000
0000
0000
0000
0000
0001
0000
0000
0000
0000
0000
0000
,  // measure 43
0000
1000
0000
0000
0000
0000
0000
0000
0000
0001
0000
0000
0000
0000
0000
0000
,  // measure 44
0000
1000
0000
0000
0000
0000
0000
0000
0000
0001
0000
0000
0000
0000
0000
0000
,  // measure 45
0000
0000
0000
0000
0000
0010
0000
0000
0000
0000
0000
0000
0000
0000
0000
0000
,  // measure 46
0000
0000
0000
0000
0000
1000
0000
0000
0000
0000
0000
0000
0000
0000
0000
0000
,  // measure 47
0000
0000
0000
0000
0000
0100
0000
0000
0000
0000
0000
0000
0000
0000
0000
0000
,  // measure 48
0000
0000
0000
0000
0000
0000
0000
0000
0000
0100
0000
0000
0000
0000
0000
0000
,  // measure 49
0000
0000
0000
0000
0000
0000
0000
0000
0000
0010
0000
0000
0000
0000
0000
0000
,  // measure 50
0000
0000
0000
0000
0000
0000
0000
0000
0000
1000
0000
0000
0000
0000
0000
0000
,  // measure 51
0000
0001
0000
0000
0000
0000
0000
0000
0000
1000
0000
0000
0000
0000
0000
0000
,  // measure 52
0000
0001
0000
0000
0000
0000
0000
0000
0000
0001
0000
0000
0000
0000
0000
0000
,  // measure 53
0000
0010
0000
0000
0000
0000
0000
0000
0000
0100
0000
0000
0000
0000
0000
0000
,  // measure 54
0000
0100
0000
0000
0000
0000
0000
0000
0000
0010
0000
0000
0000
0000
0000
0000
,  // measure 55
0000
0001
0000
0000
0000
0000
0000
0000
0000
0001
0000
0000
0000
0000
0000
0000
,  // measure 56
0000
0100
0000
0000
0000
0000
0000
0000
0000
0010
0000
0000
0000
0000
0000
0000
,  // measure 57
0000
0100
0000
0000
0000
0000
0000
0000
0000
0001
0000
0000
0000
0000
0000
0000
,  // measure 58
0000
0100
0000
0000
0000
0000
0000
0000
0000
1000
0000
0000
0000
0000
0000
0000
,  // measure 59
0000
0100
0000
0000
0000
0000
0000
0000
0000
0001
0000
0000
0000
0000
0000
0000
,  // measure 60
0000
1000
0000
0000
0000
0000
0000
0000
0000
0100
0000
0000
0000
0000
0000
0000
,  // measure 61
0000
0010
0000
0000
0000
0000
0000
0000
0000
1001
0000
0000
0000
0000
0000
0000
,  // measure 62
0000
0100
0000
0000
0000
0000
0000
0000
0000
0000
0000
0000
0000
0000
0000
0000
;

//---------------dance-single - ----------------
#NOTES:
     dance-single:
     :
     Easy:
     1:
     0.355,0.441,0.103,0.227,0.531,209.000,10.000,22.000,0.000,0.000:  // measure 1
0000
0000
0000
0000
,  // measure 2
0000
0000
0000
0000
,  // measure 3
0000
0000
0000
0000
,  // measure 4
0000
0000
0000
0000
,  // measure 5
0010
1000
0100
0001
,  // measure 6
0010
0001
0100
1000
,  // measure 7
0001
0000
0000
1000
0000
0000
0001
0000
,  // measure 8
0100
0000
0000
0100
0000
0000
0100
0000
0000
0000
0000
0000
1001
0000
0000
0000
,  // measure 9
0001
0010
0100
1000
,  // measure 10
0010
0000
0000
0000
0100
0000
0000
0000
0010
0000
0000
0000
1000
0000
0000
0001
,  // measure 11
0000
0000
1000
0000
,  // measure 12
0000
0010
0000
0000
0000
0100
0000
0000
0000
0000
1001
0000
0000
0000
0000
0000
,  // measure 13
0010
1000
0100
1000
,  // measure 14
0001
0100
0001
0010
,  // measure 15
1000
0010
0001
1000
,  // measure 16
0010
0100
0010
1001
,  // measure 17
0100
0001
0010
0100
,  // measure 18
1000
0010
0001
0010
,  // measure 19
1000
0100
0010
0100
,  // measure 20
1000
0001
0100
0001
,  // measure 21
1000
0000
0000
1000
0000
0000
0010
0000
,  // measure 22
0100
0000
0000
0100
0000
0000
0001
0000
,  // measure 23
0010
0000
0000
0010
0000
0000
0001
0000
,  // measure 24
1000
0010
1000
0100
,  // measure 25
0010
0000
0000
0010
0000
0000
0100
0000
,  // measure 26
1000
0000
0000
1000
0000
0000
0001
0000
,  // measure 27
0100
0000
0000
0100
0000
0000
0010
0000
,  // measure 28
1000
0000
0001
0100
0000
0000
1001
0000
,  // measure 29
0010
0100
0010
0001
,  // measure 30
0010
0000
0000
0000
1000
0000
0000
0000
0010
0000
0000
0000
0100
0000
0000
0001
,  // measure 31
0000
0000
0000
0000
0000
1000
0000
0000
0000
0000
0000
0000
0000
0000
0000
0000
,  // measure 32
0001
0010
0100
1000
,  // measure 33
0001
1000
0000
0100
,  // measure 34
0010
0001
0100
0010
,  // measure 35
1000
0000
0000
0000
0100
0000
0000
0000
0000
1000
0000
0000
1000
0000
0000
1000
,  // measure 36
0000
0001
0000
0000
0001
0000
0000
0001
0000
0010
0000
0000
0100
0000
0000
0010
,  // measure 37
0000
0100
0000
0000
0000
1001
0000
0000
0000
0001
0000
0000
0000
1000
0000
0000
,  // measure 38
0000
0110
0000
0000
0000
0000
0000
0000
0000
2000
0000
0000
0000
3020
0000
0000
,  // measure 39
0000
0230
0000
0000
0000
2300
0000
0000
0000
3200
0000
0000
0000
0302
0000
0000
,  // measure 40
0000
0023
0000
0000
0000
0130
0000
0000
0000
0002
0000
0000
0000
0023
0000
0000
,  // measure 41
0000
2030
0000
0000
0000
3020
0000
0000
0000
0230
0000
0000
0000
0302
0000
0000
,  // measure 42
0000
0203
0000
0000
0000
1300
0000
0000
0000
0001
0000
0000
0000
0100
0000
0000
,  // measure 43
0000
1000
0000
0000
0000
0100
0000
0000
0000
0001
0000
0000
0000
0010
0000
0000
,  // measure 44
0000
1000
0000
0000
0000
0010
0000
0000
0000
0001
0000
0000
0000
0000
0000
1000
,  // measure 45
0000
0000
0000
0000
0000
0010
0000
0000
0000
0100
0000
0000
0000
0000
0000
0001
,  // measure 46
0000
0000
0000
0000
0000
1000
0000
0000
0000
0100
0000
0000
0000
0000
0000
0001
,  // measure 47
0000
0000
0000
0000
0000
0100
0000
0000
0000
1000
0000
0000
0000
0000
0000
1001
,  // measure 48
0000
0000
0000
0000
0000
0000
0000
0000
0000
0100
0000
0000
0000
0000
0000
0101
,  // measure 49
0000
0000
0000
0000
0000
0000
0000
0000
0000
0010
0000
0000
0000
0000
0000
0110
,  // measure 50
0000
0000
0000
0000
0000
0000
0000
0000
0000
1000
0000
0000
0000
0010
0000
0000
,  // measure 51
0000
0001
0000
0000
0000
0100
0000
0000
0000
1000
0000
0000
0000
0100
0000
0000
,  // measure 52
0000
0001
0000
0000
0000
0010
0000
0000
0000
0001
0000
0000
0000
1000
0000
0000
,  // measure 53
0000
0010
0000
0000
0000
1000
0000
0000
0000
0100
0000
0000
0000
1000
0000
0000
,  // measure 54
0000
0001
0000
0000
0000
0100
0000
0000
0000
0010
0000
0000
0000
0100
0000
0000
,  // measure 55
0000
0001
0000
0000
0000
0010
0000
0000
0000
0002
0000
0000
0000
0100
0000
0000
,  // measure 56
0000
0103
0000
0000
0000
2000
0000
0000
0000
0010
0000
0000
0000
3010
0000
0000
,  // measure 57
0000
0200
0000
0000
0000
0001
0000
0000
0000
0301
0000
0000
0000
0020
0000
0000
,  // measure 58
0000
0100
0000
0000
0000
0130
0000
0000
0000
1000
0000
0000
0000
0001
0000
0000
,  // measure 59
0000
0100
0000
0000
0000
0010
0000
0000
0000
0001
0000
0000
0000
0100
0000
0000
,  // measure 60
0000
2000
0000
0000
0000
3020
0000
0000
0000
0230
0000
0000
0000
0302
0000
0000
,  // measure 61
0000
0013
0000
0000
0000
0100
0000
0000
0000
1001
0000
0000
0000
0010
0000
0000
,  // measure 62
0000
0100
0000
0000
0000
0000
0000
0000
0000
0000
0000
0000
0000
0000
0000
0000
;

//---------------dance-single - ----------------
#NOTES:
     dance-single:
     :
     Medium:
     1:
     0.505,0.472,0.196,0.082,0.861,316.000,19.000,8.000,0.000,0.000:  // measure 1
0000
0000
0000
0000
,  // measure 2
0000
0000
0000
0000
,  // measure 3
0000
0000
0000
0000
,  // measure 4
0000
0000
0000
0000
,  // measure 5
1000
0000
0000
0001
0000
0000
0100
0000
0010
0000
1000
0000
0100
0000
0000
0000
,  // measure 6
0010
0000
0000
0001
0000
0000
0100
0000
0001
0000
1000
0000
0010
0000
0000
0000
,  // measure 7
1000
1000
0100
1000
0001
0001
0100
0000
,  // measure 8
0010
0000
0000
1000
0000
0000
0100
0000
0000
0000
1000
0000
0001
0000
0000
0000
,  // measure 9
0010
0000
0100
1000
0000
0010
0100
0000
,  // measure 10
0010
0000
0000
0000
1000
0000
0100
0000
0000
0000
0001
0000
0010
0000
0000
0100
,  // measure 11
0000
0000
0000
1000
0000
0010
0000
0000
0100
0000
0000
0001
0000
0010
0000
0000
,  // measure 12
0000
0100
0000
0100
0000
0010
0000
0100
0000
0000
1001
0000
0000
0000
0000
0000
,  // measure 13
0010
0000
0100
0000
0001
1000
0010
0000
,  // measure 14
0100
0000
0001
0000
1000
0001
0100
0000
,  // measure 15
0010
1000
0100
0000
0010
0001
0100
0000
,  // measure 16
1000
1000
0001
0001
0000
1000
0010
0000
,  // measure 17
0110
0000
1001
0000
0001
0010
0100
0000
,  // measure 18
0011
0000
1100
0000
0010
0100
0001
0000
,  // measure 19
0010
0001
0010
0000
0100
1000
0100
0000
,  // measure 20
1010
0000
0101
0000
1000
0001
0100
0000
,  // measure 21
0001
0000
0000
0010
0000
0100
1000
0000
,  // measure 22
0001
0000
0000
0100
0000
0010
1000
0000
,  // measure 23
0010
0000
0000
0100
0000
0001
0010
0000
,  // measure 24
0100
0000
0000
1000
0000
0000
0001
0000
0000
0100
0000
0000
0010
0000
1000
0000
,  // measure 25
0100
0000
0000
0001
0000
0100
1000
0000
,  // measure 26
0001
0000
0000
0100
0000
0001
0010
0000
,  // measure 27
0100
0000
0000
0010
0000
0001
0100
0000
,  // measure 28
0001
0001
1000
0001
0000
0000
0110
0000
,  // measure 29
0001
0010
0100
0000
1000
0001
0100
0000
,  // measure 30
0010
0000
1000
0000
0100
0000
0000
0000
0001
0000
0100
0000
0010
0000
0000
1000
,  // measure 31
0000
0000
0100
0000
1000
0000
0000
0001
0000
0000
0010
0000
0100
0000
0000
0000
,  // measure 32
1000
0010
0100
0000
0001
0001
1000
0000
,  // measure 33
0010
0010
0100
0010
0000
0001
0100
0000
,  // measure 34
0010
1000
0100
0000
0001
0010
0100
0000
,  // measure 35
1000
0000
0100
0000
0010
0000
0000
0000
0000
1000
0000
0000
0001
0000
0000
0100
,  // measure 36
0000
0001
0000
0000
1000
0000
0000
0100
0000
0001
0000
0000
0100
0000
0000
1000
,  // measure 37
0000
0001
0000
0000
0000
0010
0000
0000
0000
0100
0000
0001
0000
1000
0000
0100
,  // measure 38
0000
0010
0000
0000
0000
0100
0000
0000
0000
1000
0000
1000
0000
0001
0000
0001
,  // measure 39
0000
0010
0000
0010
0000
0100
0000
0100
0000
0001
0000
0001
0000
0100
0000
0100
,  // measure 40
0000
1000
0000
0001
0000
0100
0000
0000
0000
0010
0000
0010
0000
0001
0000
0001
,  // measure 41
0000
0100
0000
0100
0000
1000
0000
1000
0000
0100
0000
0100
0000
0001
0000
0001
,  // measure 42
0000
0010
0000
0100
0000
1000
0000
0000
0000
0001
0000
0000
0000
0010
0000
0000
,  // measure 43
0000
1000
0000
0100
0000
0010
0000
0000
0000
1000
0000
0000
0000
0001
0000
1000
,  // measure 44
0000
0010
0000
0000
0000
0101
0000
0000
0000
0010
0000
0001
0000
0100
0000
0001
,  // measure 45
0000
0000
0000
1000
0000
0010
0000
0000
0000
0001
0000
1000
0000
0100
0000
0010
,  // measure 46
0000
0000
0000
0001
0000
0010
0000
0000
0000
1000
0000
0010
0000
0100
0000
0001
,  // measure 47
0000
0000
0000
1000
0000
0100
0000
0000
0000
0010
0000
0000
0000
0100
0000
1001
,  // measure 48
0000
0000
0000
0100
0000
0001
0000
0000
0000
0010
0000
0000
0000
0001
0000
1100
,  // measure 49
0000
0000
0000
0001
0000
0100
0000
0000
0000
1000
0000
0000
0000
0010
0000
0101
,  // measure 50
0000
0000
0000
1000
0000
0000
0000
0001
0000
0000
0000
0010
0000
0001
0000
0100
,  // measure 51
0000
0010
0000
0000
0000
0100
0000
0001
0000
0000
0000
1000
0000
0100
0000
1000
,  // measure 52
0000
0001
0000
0100
0000
0001
0000
0000
0000
0010
0000
0100
0000
1000
0000
0001
,  // measure 53
0000
0000
0000
1000
0000
0010
0000
0100
0000
0000
0000
1000
0000
0100
0000
0001
,  // measure 54
0000
0000
0000
0010
0000
0100
0000
0000
0000
0001
0000
0100
0000
0010
0000
0100
,  // measure 55
0000
0000
0000
1000
0000
0100
0000
0000
0000
0012
0000
0000
0000
0100
0000
0100
,  // measure 56
0000
0103
0000
0000
0000
2010
0000
0000
0000
0001
0000
0000
0000
3100
0000
0000
,  // measure 57
0000
0102
0000
0000
0000
0010
0000
0010
0000
0013
0000
0000
0000
2100
0000
0000
,  // measure 58
0000
0001
0000
0000
0000
3010
0000
0000
0000
0110
0000
0000
0000
0001
0000
1000
,  // measure 59
0000
0100
0000
0000
0000
1010
0000
0000
0000
0001
0000
0010
0000
0100
0000
0000
,  // measure 60
0000
2000
0000
0000
0000
3020
0000
0000
0000
0230
0000
0000
0000
0302
0000
0000
,  // measure 61
0000
0000
0000
0000
0013
0000
0000
0000
0000
0000
0000
0000
0001
0000
0000
0000
0000
0000
0000
0000
0100
0000
0000
0000
0000
0000
0000
0000
0000
0000
0000
0000
0000
0000
0000
0000
0011
0000
0000
0000
0000
0000
0000
0000
0000
0000
0000
0000
0000
0000
0000
0000
1000
0000
0000
0000
0000
0100
0000
0000
0000
0000
1000
0000
,  // measure 62
0000
0100
0000
0000
0000
0000
0000
0000
0000
0000
0000
0000
0000
0000
0000
0000
;

//---------------dance-single - ----------------
#NOTES:
     dance-single:
     :
     Hard:
     9:
     0.699,0.881,0.124,0.052,1.000,458.000,12.000,5.000,0.000,0.000:  // measure 1
0000
0000
0000
0000
,  // measure 2
0000
0000
0000
0000
,  // measure 3
0000
0000
0000
0000
,  // measure 4
0000
0000
0000
0000
,  // measure 5
1000
0000
0001
0100
0001
0000
0010
0000
0100
1000
0100
0000
1000
0000
0010
0000
,  // measure 6
0100
0000
0001
0010
0001
0000
0100
0000
0010
1000
0010
0000
1000
0001
0100
0000
,  // measure 7
0010
0000
1000
0100
1000
0000
0001
0000
0100
0001
0100
0000
0001
1000
0010
0000
,  // measure 8
0110
0000
0000
0101
0000
0000
1001
0000
0000
0000
0010
0000
0100
0000
1000
0000
,  // measure 9
0010
0000
0000
0100
0001
0000
1000
0000
0000
0000
0010
0000
1000
0000
0100
0000
,  // measure 10
0001
0000
0000
0100
0010
0000
0001
0000
0000
0000
1000
0000
0001
0010
0000
0100
,  // measure 11
0000
0000
0000
1000
0000
0010
1000
0000
0001
0000
0000
0100
0000
0001
0010
0000
,  // measure 12
0000
0100
1000
0100
1000
0010
0000
0100
0000
0000
2002
0000
0000
0000
3003
0000
,  // measure 13
0010
0000
0000
0000
0001
0000
0000
0100
0001
0000
1000
0000
0010
0000
1000
0000
,  // measure 14
0100
0000
0000
0000
0010
0000
0000
0001
1000
0000
0001
0000
0100
0000
0000
0000
,  // measure 15
1000
0010
0001
0100
1000
0100
0001
0000
,  // measure 16
0010
1000
0010
0100
0000
0001
0000
0100
1000
0000
0100
0000
0010
0000
1000
0000
,  // measure 17
0100
0000
0000
0000
0001
0000
0000
0100
1000
0000
0010
0000
0100
0000
0001
0000
,  // measure 18
0010
0000
0000
0000
0001
0000
0000
1000
0010
0000
0100
0000
0001
0000
0000
0000
,  // measure 19
0100
1000
0001
1000
0010
0100
0001
0010
,  // measure 20
1000
0100
0010
0001
0100
0010
0100
0001
,  // measure 21
1000
0000
0001
0010
0000
0100
1000
0001
,  // measure 22
0100
0000
0001
0010
0000
1000
0001
1000
,  // measure 23
0010
0000
1000
0100
0000
0001
0010
0100
,  // measure 24
1000
0010
0000
1000
0100
0000
1000
0010
0000
1000
0100
0000
1000
0000
0001
0000
,  // measure 25
0100
0000
1000
0100
0000
0001
0100
0010
,  // measure 26
0100
0000
0010
1000
0000
0100
0001
0100
,  // measure 27
1000
0000
0001
0100
0000
0001
0100
0001
,  // measure 28
0010
0100
0010
0000
0100
0000
1000
0001
0000
0000
0000
0000
1010
0000
0000
0000
,  // measure 29
0001
0010
0100
0001
1000
0001
0100
0001
,  // measure 30
0010
0000
1000
0000
0100
0000
1000
0000
0001
0000
0100
0000
0010
1000
0000
0001
,  // measure 31
0000
0000
0100
0000
0001
0010
0000
0001
0000
0000
0100
0000
0010
0000
1000
0000
,  // measure 32
0010
0000
0100
0000
0001
1000
0000
1000
0001
0100
0001
0000
1000
0100
1000
0000
,  // measure 33
0010
0100
0010
0000
1000
0001
1000
0000
0000
0000
0010
0000
0001
0000
0100
0000
,  // measure 34
0001
0010
1000
0100
0010
0001
0010
0100
,  // measure 35
0001
0000
0100
0000
0010
0001
0000
0000
0001
1000
0000
0000
0001
0000
0000
0100
,  // measure 36
0000
0001
0000
0000
1000
0000
0000
0100
0000
0101
0000
0000
1100
0000
0000
0110
,  // measure 37
0000
1001
0000
0000
0000
0010
0000
1000
0000
0100
0000
0001
0000
0100
0000
1000
,  // measure 38
0000
0010
0000
0000
0000
0100
0000
0001
0000
1000
0100
1000
0100
1000
0100
1000
,  // measure 39
0100
0010
0001
0010
0001
0010
0001
0010
0001
0100
0010
0100
0010
0100
0010
0100
,  // measure 40
0010
1000
0000
0001
0000
0100
0000
0000
0000
0010
1000
0010
1000
0010
1000
0010
,  // measure 41
1000
0001
1000
0001
1000
0001
1000
0001
1000
0001
0100
0001
0100
0001
0100
0001
,  // measure 42
0100
0010
0000
0100
0000
1000
0000
0100
0000
0001
0000
0000
0000
0010
0000
0001
,  // measure 43
0000
1000
0000
0100
0000
0010
0000
0100
0000
1000
0000
0000
0000
0010
0000
0001
,  // measure 44
0000
0100
0000
0001
0000
0010
0000
0000
0000
0100
0000
1000
0000
0001
0000
1000
,  // measure 45
0100
0000
0000
1000
0000
0010
0000
0100
0000
0001
0000
1000
0000
0100
0000
0010
,  // measure 46
0100
0000
0000
0010
0000
0001
0000
0100
0000
1000
0000
0001
0000
0010
0000
1000
,  // measure 47
0010
0000
0000
0100
0000
0001
0000
0010
0000
0001
0000
1000
0000
0010
0000
0101
,  // measure 48
0000
0000
0000
0100
0000
0010
0000
1000
0000
0100
0000
0010
0000
0001
0000
0110
,  // measure 49
0000
0000
0000
0001
0000
1000
0000
0010
0000
0100
0000
0001
0000
0010
0000
1100
,  // measure 50
0000
0000
0000
0001
0000
1000
0000
0010
0000
1000
0000
0001
0000
0100
0000
0001
,  // measure 51
1000
0000
0000
0100
0000
0010
0000
0001
0000
1000
0000
0100
0000
1000
0000
0100
,  // measure 52
0000
0001
0000
0100
0000
0001
0000
0100
0000
0010
0000
0100
0000
1000
0000
0001
,  // measure 53
0010
0000
0010
0001
0000
0100
0000
0010
0000
1000
0000
0001
0000
0100
0000
0010
,  // measure 54
1000
0000
1000
0010
0000
0100
0000
0001
0000
1000
0000
0100
0000
0010
0000
0100
,  // measure 55
1000
0000
1000
0100
0000
1000
0000
0001
0000
0010
0000
0000
0000
0100
0000
1000
,  // measure 56
0000
0001
0000
1000
0000
0100
0000
0000
0000
0010
0000
0001
0000
1000
0000
0001
,  // measure 57
0000
0100
0000
0000
0000
0010
0000
1000
0000
0100
0000
1000
0000
0001
0000
0010
,  // measure 58
0000
1000
0000
0001
0000
0100
0000
1000
0000
0010
0000
0100
0000
0001
0000
0010
,  // measure 59
0000
1000
0000
0010
0000
0100
0000
1000
0000
0001
0000
0100
0000
0010
0000
0100
,  // measure 60
0000
0002
0000
0000
0000
0023
0000
0000
0000
0230
0000
0000
0000
1300
0000
0010
,  // measure 61
0000
0000
0000
0000
0100
0000
0000
0000
0000
0000
0000
0000
0010
0000
0000
0000
0000
0000
0000
0000
0001
0000
0000
0000
0000
0000
0000
0000
0010
0000
0000
0000
0000
0000
0000
0000
0100
0000
0000
0000
0000
0000
0000
0000
0000
0000
0000
0000
0000
0000
0000
0000
0001
0000
0000
0000
0000
1000
0000
0000
0000
0000
0100
0000
,  // measure 62
0000
1000
0000
0000
0000
0000
0000
0000
0000
0000
0000
0000
0000
0000
0000
0000
;

//---------------dance-double - ----------------
#NOTES:
     dance-double:
     :
     Easy:
     5:
     0.312,0.346,0.072,0.103,0.531,195.000,7.000,10.000,0.000,0.000:  // measure 1
00000000
00000000
00000000
00000000
,  // measure 2
00000000
00000000
00000000
00000000
,  // measure 3
00000000
00000000
00000000
00000000
,  // measure 4
00000000
00000000
00000000
00000000
,  // measure 5
00022000
00000000
00000000
00000000
,  // measure 6
00000000
00000000
00000000
00033000
,  // measure 7
00001000
00000000
00000000
00010000
00000000
00000000
01000000
00000000
,  // measure 8
10000000
00000000
00000000
10000000
00000000
00000000
10000000
00000000
00000000
00000000
00000000
00000000
00100000
00000000
00000000
00000000
,  // measure 9
01000000
00010000
10000000
01000000
,  // measure 10
00100000
00000000
00000000
00000000
00010000
00000000
00000000
00000000
01000000
00000000
00000000
00000000
00100000
00000000
00000000
10000000
,  // measure 11
00000000
00000000
00010000
00000000
,  // measure 12
00000000
00100000
00000000
00000000
00000000
00001000
00000000
00000000
00000000
00000000
00011000
00000000
00000000
00000000
00000000
00000000
,  // measure 13
00001000
00000010
00000001
00000100
,  // measure 14
00001000
00000100
00000001
00000100
,  // measure 15
00000010
00001000
00000100
00000001
,  // measure 16
00000010
00000000
00000100
00001001
,  // measure 17
00000001
00000010
00001000
00010000
,  // measure 18
00100000
10000000
00100000
01000000
,  // measure 19
00010000
00100000
01000000
10000000
,  // measure 20
00010000
10000000
01000000
00100000
,  // measure 21
00010000
00000000
00000000
00010000
00000000
00000000
00000000
00000000
,  // measure 22
00001000
00000000
00000000
00001000
00000000
00000000
00000000
00000000
,  // measure 23
00000100
00000000
00000000
00000100
00000000
00000000
00000000
00000000
,  // measure 24
00001000
00000010
00001000
00000100
,  // measure 25
00000010
00000000
00000000
00000010
00000000
00000000
00000000
00000000
,  // measure 26
00000001
00000000
00000000
00000001
00000000
00000000
00000000
00000000
,  // measure 27
00000100
00000000
00000000
00000100
00000000
00000000
00000000
00000000
,  // measure 28
00001000
00000000
00000100
00000100
00000000
00000000
00001001
00000000
,  // measure 29
00000001
00000100
00000010
00001000
,  // measure 30
00000010
00000000
00000000
00000000
00000100
00000000
00000000
00000000
00000001
00000000
00000000
00000000
00001000
00000000
00000000
00000100
,  // measure 31
00000000
00000000
00000000
00000000
00000000
00000000
00000000
00000000
00000000
00010000
00000000
00000000
00000000
00000000
00000000
00000000
,  // measure 32
00001000
00000010
00001000
00010000
,  // measure 33
00100000
10000000
00000000
01000000
,  // measure 34
10000000
00100000
10000000
00010000
,  // measure 35
01000000
00000000
00000000
00000000
00010000
00000000
00000000
00000000
00000000
10000000
00000000
00000000
10000000
00000000
00000000
10000000
,  // measure 36
00000000
01000000
00000000
00000000
01000000
00000000
00000000
01000000
00000000
00100000
00000000
00000000
00100000
00000000
00000000
00100000
,  // measure 37
00000000
00010000
00000000
00000000
00000000
00001000
00000000
00000000
00000000
00000100
00000000
00000000
00000000
00000010
00000000
00000000
,  // measure 38
00000000
00000001
00000000
00000000
00000000
00000000
00000000
00000000
00000000
00000002
00000000
00000000
00000000
00001000
00000000
00000000
,  // measure 39
00000000
00000203
00000000
00000000
00000000
00000010
00000000
00000000
00000000
00002300
00000000
00000000
00000000
00000100
00000000
00000000
,  // measure 40
00000000
00023000
00000000
00000000
00000000
00001000
00000000
00000000
00000000
02030000
00000000
00000000
00000000
00100000
00000000
00000000
,  // measure 41
00000000
23000000
00000000
00000000
00000000
00010000
00000000
00000000
00000000
30200000
00000000
00000000
00000000
01000000
00000000
00000000
,  // measure 42
00000000
00320000
00000000
00000000
00000000
00001000
00000000
00000000
00000000
00031000
00000000
00000000
00000000
00000100
00000000
00000000
,  // measure 43
00000000
00000001
00000000
00000000
00000000
00000100
00000000
00000000
00000000
00000010
00000000
00000000
00000000
00001000
00000000
00000000
,  // measure 44
00000000
00000010
00000000
00000000
00000000
00000001
00000000
00000000
00000000
00001000
00000000
00000000
00000000
00000000
00000000
00001000
,  // measure 45
00000000
00000000
00000000
00000000
00000000
00000010
00000000
00000000
00000000
00000100
00000000
00000000
00000000
00000000
00000000
00000100
,  // measure 46
00000000
00000000
00000000
00000000
00000000
00000001
00000000
00000000
00000000
00000010
00000000
00000000
00000000
00000000
00000000
00000001
,  // measure 47
00000000
00000000
00000000
00000000
00000000
00000100
00000000
00000000
00000000
00000001
00000000
00000000
00000000
00000000
00000000
00001001
,  // measure 48
00000000
00000000
00000000
00000000
00000000
00000000
00000000
00000000
00000000
00000010
00000000
00000000
00000000
00000000
00000000
00001100
,  // measure 49
00000000
00000000
00000000
00000000
00000000
00000000
00000000
00000000
00000000
00010000
00000000
00000000
00000000
00000000
00000000
00011000
,  // measure 50
00000000
00000000
00000000
00000000
00000000
00000000
00000000
00000000
00000000
00001000
00000000
00000000
00000000
00010000
00000000
00000000
,  // measure 51
00000000
00100000
00000000
00000000
00000000
10000000
00000000
00000000
00000000
01000000
00000000
00000000
00000000
10000000
00000000
00000000
,  // measure 52
00000000
00010000
00000000
00000000
00000000
01000000
00000000
00000000
00000000
00100000
00000000
00000000
00000000
10000000
00000000
00000000
,  // measure 53
00000000
01000000
00000000
00000000
00000000
00010000
00000000
00000000
00000000
00001000
00000000
00000000
00000000
00000010
00000000
00000000
,  // measure 54
00000000
00000001
00000000
00000000
00000000
00000100
00000000
00000000
00000000
00000010
00000000
00000000
00000000
00000100
00000000
00000000
,  // measure 55
00000000
00000001
00000000
00000000
00000000
00000010
00000000
00000000
00000000
00000100
00000000
00000000
00000000
00001000
00000000
00000000
,  // measure 56
00000000
00001000
00000000
00000000
00000000
00000010
00000000
00000000
00000000
00000100
00000000
00000000
00000000
00000100
00000000
00000000
,  // measure 57
00000000
00000001
00000000
00000000
00000000
00001000
00000000
00000000
00000000
00001000
00000000
00000000
00000000
00000100
00000000
00000000
,  // measure 58
00000000
00000010
00000000
00000000
00000000
00000010
00000000
00000000
00000000
00000001
00000000
00000000
00000000
00000100
00000000
00000000
,  // measure 59
00000000
00000100
00000000
00000000
00000000
00001000
00000000
00000000
00000000
00010000
00000000
00000000
00000000
00010000
00000000
00000000
,  // measure 60
00000000
00100000
00000000
00000000
00000000
01000000
00000000
00000000
00000000
01000000
00000000
00000000
00000000
10000000
00000000
00000000
,  // measure 61
00000000
01000000
00000000
00000000
00000000
01000000
00000000
00000000
00000000
00010000
00000000
00000000
00000000
00100000
00000000
00000000
,  // measure 62
00000000
01000000
00000000
00000000
00000000
00000000
00000000
00000000
00000000
00000000
00000000
00000000
00000000
00000000
00000000
00000000
;

//---------------dance-double - ----------------
#NOTES:
     dance-double:
     :
     Medium:
     7:
     0.506,0.503,0.278,0.134,0.814,304.000,27.000,13.000,0.000,0.000:  // measure 1
00000000
00000000
00000000
00000000
,  // measure 2
00000000
00000000
00000000
00000000
,  // measure 3
00000000
00000000
00000000
00000000
,  // measure 4
00000000
00000000
00000000
00000000
,  // measure 5
00000010
00000000
00000000
00000001
00000000
00000000
00000100
00000000
00000000
00000000
00001000
00000000
00000100
00000000
00000000
00000000
,  // measure 6
00000010
00000000
00000000
00000100
00000000
00000000
00001000
00000000
00000000
00000000
00010000
00000000
00100000
00000000
00000000
00000000
,  // measure 7
10000000
01000000
01000000
00010000
00000000
01000000
01000000
00000000
,  // measure 8
00100000
00000000
00000000
00010000
00000000
00000000
20000000
00000000
00000000
00000000
00000000
00000000
31000000
00000000
00000000
00000000
,  // measure 9
00010000
00000000
00001000
00000100
00000000
00000001
00000100
00000000
,  // measure 10
00000010
00000000
00000000
00000000
00000001
00000000
00001000
00000000
00000000
00000000
00000010
00000000
00000100
00000000
00000000
00000001
,  // measure 11
00000000
00000000
00000000
00000010
00000000
00001000
00000000
00000000
00010000
00000000
00000000
01000000
00000000
10000000
00000000
00000000
,  // measure 12
00000000
00100000
00000000
01000000
00000000
00010000
00000000
00100000
00000000
00000000
22000000
00000000
00000000
00000000
33000000
00000000
,  // measure 13
00010000
00000000
10000000
00000000
01000000
00100000
01000000
00000000
,  // measure 14
10000000
00000000
00010000
00000000
01000000
00100000
10000000
00000000
,  // measure 15
00100000
00010000
00001000
00000000
00001000
00000100
00000001
00000000
,  // measure 16
00001000
00000001
00000010
00000100
00000000
00000001
00000100
00000000
,  // measure 17
00000010
00000000
00000001
00000000
00001000
00000001
00000100
00000000
,  // measure 18
00000001
00000000
00000100
00000000
00001000
00010000
00100000
00000000
,  // measure 19
10000000
00100000
01000000
00000000
00010000
00100000
01000000
00000000
,  // measure 20
10000000
00000000
01000000
00000000
00010000
01000000
10000000
00000000
,  // measure 21
00020000
00000000
00000000
00130000
00000000
00001000
00010000
00000000
,  // measure 22
00002000
00000000
00000000
00003100
00000000
00000001
00000010
00000000
,  // measure 23
00000200
00000000
00000000
00001300
00000000
00000010
00001000
00000000
,  // measure 24
00000001
00000000
00000000
00000010
00000000
00000000
00000100
00000000
00000000
00000001
00000000
00000000
00000100
00000000
00001000
00000000
,  // measure 25
00020000
00000000
00000000
01030000
00000000
10000000
01000000
00000000
,  // measure 26
00020000
00000000
00000000
00130000
00000000
01000000
10000000
00000000
,  // measure 27
00200000
00000000
00000000
10300000
00000000
01000000
00010000
00000000
,  // measure 28
00001000
00001000
00010000
00001000
00000000
00000000
00011000
00000000
,  // measure 29
00001000
00000010
00000001
00000000
00001000
00000001
00000100
00000000
,  // measure 30
00000010
00000000
00000100
00000000
00000001
00000000
00000000
00000000
00000010
00000000
00001000
00000000
00000100
00000000
00000000
00010000
,  // measure 31
00000000
00000000
00001000
00000000
00100000
00000000
00000000
00010000
00000000
00000000
00100000
00000000
01000000
00000000
00000000
00000000
,  // measure 32
10000000
00010000
01000000
00000000
00100000
00100000
10000000
10000000
,  // measure 33
01000000
01000000
00100000
01000000
00000000
00010000
01000000
00000000
,  // measure 34
00010000
00001000
00000100
00000000
00000001
00001000
00000010
00000000
,  // measure 35
00000100
00000000
00000001
00000000
00000010
00000000
00000000
00000000
00000000
00000100
00000000
00000000
00000010
00000000
00000000
00000001
,  // measure 36
00000000
00000100
00000000
00000000
00000010
00000000
00000000
00000100
00000000
00000001
00000000
00000000
00001000
00000000
00000000
00000100
,  // measure 37
00000000
00000001
00000000
00000000
00000000
00000010
00000000
00000000
00000000
00001000
00000000
00000001
00000000
00000100
00000000
00000001
,  // measure 38
00000000
00001000
00000000
00000000
00000000
00000110
00000000
00000000
00000000
00000001
00000000
00000001
00000000
00000100
00000000
00000100
,  // measure 39
00000000
00001000
00000000
00001000
00000000
00010000
00000000
00010000
00000000
00100000
00000000
00100000
00000000
10000000
00000000
10000000
,  // measure 40
00000000
00010000
00000000
01000000
00000000
10000000
00000000
00000000
00000000
10000000
00000000
10000000
00000000
01000000
00000000
01000000
,  // measure 41
00000000
00010000
00000000
00010000
00000000
00001000
00000000
00001000
00000000
00000010
00000000
00000010
00000000
00000001
00000000
00000001
,  // measure 42
00000000
00000010
00000000
00000100
00000000
00001000
00000000
00000000
00000000
00000001
00000000
00000000
00000000
00000100
00000000
00000000
,  // measure 43
00000000
00000010
00000000
00001000
00000000
00000100
00000000
00000000
00000000
00001000
00000000
00000000
00000000
00000001
00000000
00000100
,  // measure 44
00000000
00000010
00000000
00000000
00000000
00001001
00000000
00000000
00000000
00000010
00000000
00000000
00000000
00000001
00000000
00000100
,  // measure 45
00000000
00000000
00000000
00001000
00000000
00010000
00000000
00000000
00000000
00100000
00000000
00000000
00000000
01000000
00000000
00010000
,  // measure 46
00000000
00000000
00000000
10000000
00000000
01000000
00000000
00000000
00000000
00100000
00000000
00000000
00000000
01000000
00000000
10000000
,  // measure 47
00000000
00000000
00000000
00100000
00000000
01000000
00000000
00000000
00000000
00010000
00000000
00000000
00000000
00100000
00000000
11000000
,  // measure 48
00000000
00000000
00000000
10000000
00000000
01000000
00000000
00000000
00000000
00010000
00000000
00000000
00000000
00001000
00000000
00011000
,  // measure 49
00000000
00000000
00000000
00001000
00000000
00000010
00000000
00000000
00000000
00000001
00000000
00000000
00000000
00001000
00000000
00000110
,  // measure 50
00000000
00000000
00000000
00000001
00000000
00000100
00000000
00000000
00000000
00000010
00000000
00000000
00000000
00000100
00000000
00000001
,  // measure 51
00000000
00000000
00000000
00000010
00000000
00000001
00000000
00000000
00000000
00001000
00000000
00000001
00000000
00000100
00000000
00000000
,  // measure 52
00000000
00000001
00000000
00001000
00000000
00000100
00000000
00000000
00000000
00000010
00000000
00000100
00000000
00000001
00000000
00000100
,  // measure 53
00000000
00000000
00000000
00001000
00000000
00010000
00000000
00000000
00000000
00100000
00000000
00010000
00000000
00001000
00000000
00010000
,  // measure 54
00000000
00000000
00000000
01000000
00000000
10000000
00000000
00000000
00000000
00100000
00000000
01000000
00000000
00010000
00000000
10000000
,  // measure 55
00000000
00000000
00000000
01000000
00000000
00100000
00000000
00000000
00000000
00110000
00000000
00000000
00000000
11000000
00000000
00000000
,  // measure 56
00000000
01100000
00000000
00000000
00000000
10100000
00000000
00000000
00000000
01010000
00000000
00000000
00000000
00011000
00000000
00000000
,  // measure 57
00000000
00001010
00000000
00000000
00000000
00001001
00000000
00000000
00000000
00001100
00000000
00000000
00000000
00000011
00000000
00000000
,  // measure 58
00000000
00001001
00000000
00000000
00000000
00001100
00000000
00000000
00000000
00011000
00000000
00000000
00000000
01001000
00000000
00000000
,  // measure 59
00000000
00011000
00000000
00000000
00000000
00010010
00000000
00000000
00000000
00011000
00000000
00000000
00000000
00101000
00000000
00000000
,  // measure 60
00000000
00020000
00000000
00000000
00000000
00230000
00000000
00000000
00000000
20300000
00000000
00000000
00000000
30200000
00000000
00000000
,  // measure 61
00000000
00000000
00000000
00000000
01300000
00000000
00000000
00000000
00000000
00000000
00000000
00000000
00000000
00000000
00000000
00000000
00000000
00000000
00000000
00000000
10010000
00000000
00000000
00000000
00000000
00000000
00000000
00000000
00000000
00000000
00000000
00000000
00000000
00000000
00000000
00000000
00110000
00000000
00000000
00000000
00000000
00000000
00000000
00000000
00000000
00000000
00000000
00000000
00000000
00000000
00000000
00000000
10000000
00000000
00000000
00000000
00000000
01000000
00000000
00000000
00000000
00000000
00010000
00000000
,  // measure 62
00000000
00001000
00000000
00000000
00000000
00000000
00000000
00000000
00000000
00000000
00000000
00000000
00000000
00000000
00000000
00000000
;

//---------------dance-double - ----------------
#NOTES:
     dance-double:
     :
     Hard:
     9:
     0.686,0.881,0.093,0.052,1.000,452.000,9.000,5.000,0.000,0.000:  // measure 1
00000000
00000000
00000000
00000000
,  // measure 2
00000000
00000000
00000000
00000000
,  // measure 3
00000000
00000000
00000000
00000000
,  // measure 4
00000000
00000000
00000000
00000000
,  // measure 5
00001000
00000001
00000100
00000010
00000100
00000001
00001000
00000010
,  // measure 6
00010000
00000000
00001000
00000000
00100000
00000000
00010000
00000000
01000000
00000000
00010000
00000000
00100000
01000000
10000000
00000000
,  // measure 7
00100000
00000000
01000000
00000000
00010000
00000000
00001000
00000000
00000010
00000000
00000100
00000000
00000001
00001000
00000100
00000000
,  // measure 8
00001100
00000000
00000000
00000101
00000000
00000000
00001001
00000000
00000000
00000000
00000100
00000000
00001000
00000000
00010000
00000000
,  // measure 9
01000000
00000000
00000000
10000000
01000000
00000000
00010000
00000000
00000000
00000000
00100000
00000000
00001000
00000000
01000000
00000000
,  // measure 10
00010000
00000000
00000000
00100000
00010000
00000000
10000000
00000000
00000000
00000000
01000000
00000000
10000000
00100000
00000000
00010000
,  // measure 11
00000000
00000000
00000000
00001000
00000000
00000010
00000001
00000000
00001000
00000000
00000000
00000100
00000000
00001000
00000010
00000000
,  // measure 12
00000000
00000100
00000001
00000100
00000001
00000010
00000000
00000100
00000000
00000000
00002002
00000000
00000000
00000000
00003003
00000000
,  // measure 13
00000010
00000000
00000000
00000000
00000001
00000000
00000000
00000100
00000001
00000000
00001000
00000000
00000010
00000000
00010000
00000000
,  // measure 14
00001000
00000000
00000000
00000000
00000100
00000000
00000000
00001000
00010000
00000000
00100000
00000000
10000000
00000000
00000000
00000000
,  // measure 15
00100000
00010000
01000000
00000000
00100000
10000000
01000000
00000000
,  // measure 16
10000000
00000000
00010000
00100000
00000000
01000000
00000000
10000000
01000000
00000000
00010000
00000000
00001000
00000000
00000010
00000000
,  // measure 17
00000100
00000000
00000000
00000000
00000001
00000000
00000000
00000100
00001000
00000000
00000010
00000000
00000100
00000000
00000001
00000000
,  // measure 18
00000010
00000000
00000000
00000000
00000100
00000000
00000000
00001000
00000001
00000000
00000100
00000000
00000010
00000000
00000000
00000000
,  // measure 19
00000001
00000010
00001000
00010000
01000000
10000000
01000000
00010000
,  // measure 20
01000000
00100000
00010000
00001000
00000100
00000010
00000100
00000001
,  // measure 21
00001000
00000000
00001000
00000001
00000000
00000001
00000010
00000100
,  // measure 22
00001000
00000000
00001000
00000010
00000000
00000010
00000100
00001000
,  // measure 23
00010000
00000000
00010000
00100000
00000000
00100000
10000000
01000000
,  // measure 24
10000000
00010000
00000000
01000000
00100000
00000000
10000000
00010000
00000000
00100000
01000000
00000000
10000000
00000000
00010000
00000000
,  // measure 25
01000000
00000000
01000000
00100000
00000000
00100000
10000000
01000000
,  // measure 26
00010000
00000000
00010000
00001000
00000000
00001000
00000100
00000001
,  // measure 27
00000100
00000000
00000100
00000010
00000000
00000010
00001000
00000100
,  // measure 28
00001000
00000001
00000100
00000000
00000001
00000000
00001000
00000100
00000000
00000000
00000000
00000000
00000110
00000000
00000000
00000000
,  // measure 29
00000001
00000010
00000100
00000001
00000100
00001000
00010000
00100000
,  // measure 30
10000000
00000000
00010000
00000000
01000000
00000000
10000000
00000000
00100000
00000000
01000000
00000000
00010000
00100000
00000000
01000000
,  // measure 31
00000000
00000000
10000000
00000000
00010000
01000000
00000000
00010000
00000000
00000000
10000000
00000000
01000000
00000000
00010000
00000000
,  // measure 32
00001000
00000000
00000010
00000000
00000001
00001000
00000000
00001000
00000010
00000000
00000010
00000000
00000100
00000000
00000100
00000000
,  // measure 33
00000001
00000000
00000001
00000000
00001000
00000100
00000010
00000000
00000000
00000000
00000001
00000000
00000100
00000000
00000001
00000000
,  // measure 34
00000010
00001000
00010000
01000000
00100000
00010000
01000000
10000000
,  // measure 35
01000000
00000000
00010000
00000000
10000000
00100000
00000000
00000000
10000000
01000000
00000000
00000000
10000000
00000000
00000000
00100000
,  // measure 36
00000000
01000000
00000000
00000000
00010000
00000000
00000000
00100000
00000000
11000000
00000000
00000000
10010000
00000000
00000000
01010000
,  // measure 37
00000000
00011000
00000000
00000000
00000000
00001000
00000000
00000100
00000000
00000001
00000000
00001000
00000000
00000100
00000000
00000010
,  // measure 38
00000000
00000001
00000000
00000000
00000000
00001000
00000000
00000010
00000000
00000100
00000001
00000100
00000001
00000100
00000001
00000100
,  // measure 39
00000001
00001000
00000100
00001000
00000100
00001000
00000100
00001000
00000100
00010000
00001000
00010000
00001000
00010000
00001000
00010000
,  // measure 40
00001000
00100000
00000000
00010000
00000000
01000000
00000000
00000000
00000000
00100000
10000000
00100000
10000000
00100000
10000000
00100000
,  // measure 41
10000000
01000000
00010000
01000000
00010000
01000000
00010000
01000000
00010000
00001000
00010000
00001000
00010000
00001000
00010000
00001000
,  // measure 42
00000100
00000010
00000000
00000100
00000000
00000001
00000000
00000010
00000000
00000100
00000000
00001000
00000000
00000010
00000000
00000001
,  // measure 43
00000000
00001000
00000000
00000100
00000000
00000010
00000000
00000100
00000000
00000001
00000000
00000000
00000000
00000010
00000000
00000001
,  // measure 44
00000000
00001000
00000000
00000100
00000000
00010000
00000000
00000000
00000000
00001000
00000000
00000010
00000000
00001000
00000000
00010000
,  // measure 45
00001000
00000000
00000000
00010000
00000000
00100000
00000000
10000000
00000000
01000000
00000000
00000000
00000000
10000000
00000000
00010000
,  // measure 46
01000000
00000000
00000000
00100000
00000000
10000000
00000000
01000000
00000000
00100000
00000000
00000000
00000000
00010000
00000000
10000000
,  // measure 47
01000000
00000000
00000000
00010000
00000000
00001000
00000000
00000010
00000000
00000001
00000100
00000001
00000000
00001000
00000000
00000200
,  // measure 48
00000000
00000000
00000000
00000301
00000000
00000100
00000000
00001000
00000000
00000001
00000010
00000001
00000000
00000100
00000000
00000020
,  // measure 49
00000000
00000000
00000000
00001030
00000000
00000100
00000000
00000001
00000000
00000100
00000010
00000100
00000000
00000010
00000000
00000002
,  // measure 50
00000000
00000000
00000000
00000103
00000000
00001000
00000000
00010000
00000000
00001000
00000000
00000100
00000000
00001000
00000000
00010000
,  // measure 51
00100000
00000000
00000000
00100000
00000000
01000000
00000000
00010000
00000000
10000000
00000000
01000000
00000000
00100000
00000000
01000000
,  // measure 52
00000000
00010000
00000000
01000000
00000000
10000000
00000000
01000000
00000000
00010000
00000000
00001000
00000000
00000010
00000000
00001000
,  // measure 53
00000000
00010000
00000000
00100000
00000000
00010000
00000000
00001000
00000000
00000100
00000000
00000001
00000000
00000100
00000000
00001000
,  // measure 54
00000000
00010000
00000000
01000000
00000000
10000000
00000000
01000000
00000000
00010000
00000000
00001000
00000000
00010000
00000000
00000100
,  // measure 55
00000000
00010000
00000000
00000010
00000000
00010000
00000000
00001000
00000000
00000100
00000000
00000000
00000100
00000001
00000000
00000000
,  // measure 56
00000001
00000010
00000000
00000000
00000010
00001000
00000000
00000000
00001000
00010000
00000000
00000000
00010000
00100000
00000000
00000000
,  // measure 57
00100000
10000000
00000000
00000000
10000000
01000000
00000000
00000000
01000000
00010000
00000000
00000000
00010000
01000000
00000000
00000000
,  // measure 58
01000000
00100000
00000000
00000000
00100000
00010000
00000000
00000000
00010000
10000000
00000000
00000000
10000000
00010000
00000000
00000000
,  // measure 59
00010000
00001000
00000000
00000000
00001000
00000001
00000000
00000000
00000001
00000010
00000000
00000000
00000010
00000100
00000000
00000000
,  // measure 60
00000100
00001000
00000000
00000000
00001000
00000010
00000000
00000000
00000010
00010000
00000000
00000000
00010000
00001000
00000000
00000000
,  // measure 61
00001000
00000000
00000000
00000000
01000000
00000000
00000000
00000000
00000000
00000000
00000000
00000000
00000000
00000000
00000000
00000000
01000000
00000000
00000000
00000000
00010000
00000000
00000000
00000000
00000000
00000000
00000000
00000000
00000000
00000000
00000000
00000000
00010000
00000000
00000000
00000000
10000000
00000000
00000000
00000000
00000000
00000000
00000000
00000000
00000000
00000000
00000000
00000000
00000000
00000000
00000000
00000000
00100000
00000000
00000000
00000000
00000000
10000000
00000000
00000000
00000000
00000000
00010000
00000000
,  // measure 62
00000000
01000000
00000000
00000000
00000000
00000000
00000000
00000000
00000000
00000000
00000000
00000000
00000000
00000000
00000000
00000000
;
