#TITLE:Jump Around;
#SUBTITLE:;
#ARTIST:Richard Jaques;
#TITLETRANSLIT:;
#SUBTITLETRANSLIT:;
#ARTISTTRANSLIT:;
#CREDIT:;
#BANNER:jump-banner.png;
#BACKGROUND:Jump Around-BG.png;
#LYRICSPATH:;
#CDTITLE:;
#MUSIC:Jump Around.mp3;
#OFFSET:-0.800;
#SAMPLESTART:38.835;
#SAMPLELENGTH:12.000;
#SELECTABLE:YES;
#BPMS:0.000=106.920;
#STOPS:;
#BGCHANGES:;
// cache tags:
#FIRSTBEAT:12.000;
#LASTBEAT:152.000;
#SONGFILENAME:Songs/DDI/Jump Around/Jump Around.sm;
#HASMUSIC:1;
#HASBANNER:1;
#MUSICLENGTH:86.021;
// end cache tags

//---------------dance-single - ----------------
#NOTES:
     dance-single:
     :
     Easy:
     2:
     0.211,0.285,0.116,0.163,0.000,103.000,10.000,14.000,0.000,0.000:  // measure 1
0000
0000
0000
0000
,  // measure 2
0000
0000
0000
0000
,  // measure 3
0000
0000
0000
0000
,  // measure 4
1000
1000
0001
0001
,  // measure 5
2000
0000
0000
3000
,  // measure 6
0010
0010
0100
0100
,  // measure 7
0010
0010
0100
0100
,  // measure 8
0001
0001
1000
1000
,  // measure 9
2002
0000
0000
3003
,  // measure 10
0010
0000
0000
0000
,  // measure 11
0100
0000
0000
0000
,  // measure 12
1000
0000
0000
0000
,  // measure 13
0002
0000
0000
0003
,  // measure 14
1000
1000
0001
0001
,  // measure 15
1000
1000
0001
0001
,  // measure 16
0010
0100
0010
0100
,  // measure 17
0220
0000
0000
0330
,  // measure 18
1000
0001
0010
0100
,  // measure 19
1000
0001
0010
0100
,  // measure 20
1000
1000
0001
0001
,  // measure 21
2002
0000
0000
3003
,  // measure 22
1000
0100
1000
0100
,  // measure 23
0010
0001
0010
0001
,  // measure 24
1000
0100
0010
0001
,  // measure 25
1001
1001
1001
1001
,  // measure 26
0001
0001
0001
0001
,  // measure 27
1000
1000
1000
1000
,  // measure 28
0001
0001
1000
1000
,  // measure 29
0010
0100
0010
0100
,  // measure 30
0001
0100
0001
0100
,  // measure 31
0002
0000
0000
0003
,  // measure 32
1000
0100
1000
0100
,  // measure 33
2000
0000
0000
3000
,  // measure 34
0010
1000
0010
1000
,  // measure 35
0020
0000
0000
0030
,  // measure 36
0100
0001
0100
0001
,  // measure 37
0200
0000
0000
0300
,  // measure 38
0110
0110
0220
0330
;

//---------------dance-single - ----------------
#NOTES:
     dance-single:
     :
     Medium:
     6:
     0.330,0.374,0.047,0.221,0.000,176.000,4.000,19.000,0.000,0.000:  // measure 1
0000
0000
0000
0000
,  // measure 2
0000
0000
0000
0000
,  // measure 3
0000
0000
0000
0000
,  // measure 4
0001
0000
0001
0000
0001
0100
0010
1000
,  // measure 5
0002
0000
0000
0003
,  // measure 6
1000
0000
1000
0000
0010
0100
0010
0100
,  // measure 7
0001
0000
0001
0000
0001
0100
0010
0100
,  // measure 8
1000
0100
0010
0100
0001
0100
0010
0100
,  // measure 9
0002
0000
0000
0003
,  // measure 10
1000
0000
1000
0000
1000
0100
0010
0001
,  // measure 11
0001
0000
0001
0000
0001
0010
0100
1000
,  // measure 12
1000
0000
0001
0000
1000
1000
0001
0100
,  // measure 13
2000
0000
0000
3000
,  // measure 14
0001
0010
0001
0100
0001
0010
0002
0003
,  // measure 15
1000
0010
1000
0100
1000
0010
2000
3000
,  // measure 16
0001
0100
0010
1000
0001
0100
0010
1000
,  // measure 17
1000
0000
1000
0000
1000
0000
2000
3000
,  // measure 18
0001
0010
0001
0010
0001
0010
0002
0003
,  // measure 19
1000
0100
1000
0100
1000
0100
2000
3000
,  // measure 20
0010
0100
0010
0100
0010
0100
0010
0000
,  // measure 21
0220
0000
0000
0330
,  // measure 22
2000
0001
0100
3001
,  // measure 23
0002
1000
0100
1003
,  // measure 24
0200
1000
0010
0301
,  // measure 25
0020
0100
0100
0130
,  // measure 26
1000
0001
1000
0000
0001
1000
0001
0000
,  // measure 27
0010
0100
0010
0000
0110
0000
0110
0000
,  // measure 28
2002
0000
0000
3003
0000
0000
0000
0000
,  // measure 29
0010
0000
0010
0000
0010
0000
0020
0030
,  // measure 30
1000
0100
0010
0000
0001
0100
0010
0000
,  // measure 31
1000
1000
0001
0001
,  // measure 32
1000
0100
0010
0000
0001
0100
0010
0000
,  // measure 33
1000
1000
0001
0001
1000
1000
0001
0001
,  // measure 34
0100
0000
0100
0000
0100
0000
0100
0100
,  // measure 35
0100
0000
0010
0000
0100
0100
0010
0000
,  // measure 36
1000
0000
0001
0000
1000
1000
0001
0000
,  // measure 37
1000
0000
0001
0000
1000
1000
0001
0000
,  // measure 38
1000
0000
1000
0000
1000
2000
0002
3003
;

//---------------dance-single - ----------------
#NOTES:
     dance-single:
     :
     Hard:
     8:
     0.452,0.464,0.023,0.186,0.296,254.000,2.000,16.000,0.000,0.000:  // measure 1
0000
0000
0000
0000
,  // measure 2
0000
0000
0000
0000
,  // measure 3
0000
0000
0000
0000
,  // measure 4
0001
0000
1000
0000
0000
1000
0000
0000
0010
0000
0000
1000
0000
0000
0001
0000
,  // measure 5
0002
0000
1003
0000
0002
0000
1003
0100
1000
0100
1000
0000
0020
0000
0000
0000
,  // measure 6
1030
0000
1000
0000
0000
1000
0000
0000
0010
0000
0000
1000
0000
0000
0001
0000
,  // measure 7
0001
0000
1000
0000
0000
1000
0000
0000
0010
0000
0000
1000
0000
0000
0001
0000
,  // measure 8
0001
0000
1000
0000
0000
1000
0000
0000
0010
0000
0000
1000
0000
0000
0001
0000
,  // measure 9
2002
0000
0000
3003
,  // measure 10
0001
0000
0000
0000
0000
0000
0000
0000
0100
0000
0000
0000
0000
0000
0000
0000
0010
0000
0000
0000
0000
0000
0000
0000
0000
0000
0000
0000
1000
0000
0000
0000
0010
0000
0000
0000
0000
1000
0000
0000
0010
0000
0000
0000
0000
0000
0000
0000
1000
0000
0000
0000
0000
0000
0000
0000
0000
0000
0000
0000
0000
0000
0000
0000
,  // measure 11
1000
0000
0000
0000
0000
0000
0000
0000
0100
0000
0000
0000
0000
0000
0000
0000
0010
0000
0000
0000
0000
0000
0000
0000
0000
0000
0000
0000
0001
0000
0000
0000
0010
0000
0000
0000
0000
0001
0000
0000
0010
0000
0000
0000
0000
0000
0000
0000
0001
0000
0000
0000
0000
0000
0000
0000
0000
0000
0000
0000
0000
0000
0000
0000
,  // measure 12
1000
0000
0000
0000
0000
0000
0000
0000
0100
0000
0000
0000
0000
0000
0000
0000
0010
0000
0000
0000
0000
0000
0000
0000
0000
0000
0000
0000
0001
0000
0000
0000
0010
0000
0000
0000
0000
0001
0000
0000
0010
0000
0000
0000
0000
0000
0000
0000
0001
0000
0000
0000
0000
0000
0000
0000
1000
0000
0000
0000
0000
0000
0000
0000
,  // measure 13
2002
0000
0000
3003
,  // measure 14
0001
0100
0010
1000
0001
0100
0010
1000
,  // measure 15
1000
0010
0100
0001
1000
0010
0100
0001
,  // measure 16
0010
0100
0010
0100
0001
1000
0001
1000
,  // measure 17
0010
0000
0010
0000
0010
0000
0020
0030
,  // measure 18
1000
0001
0100
0010
1000
0010
0001
0010
,  // measure 19
0100
0001
1000
0010
1000
0100
0010
0001
,  // measure 20
0001
0100
1000
0100
0001
0100
1000
0100
,  // measure 21
0001
0000
0001
0100
0010
0000
1000
0100
1000
0100
1000
0000
0200
0000
0300
0000
,  // measure 22
0010
0100
0001
0001
0100
0010
1000
1000
,  // measure 23
0001
0100
0010
0100
0001
0010
0100
1000
,  // measure 24
0001
0010
0100
0010
0100
1000
0010
0000
,  // measure 25
0000
0000
0000
0000
0000
0000
0000
0000
1000
0000
0000
0000
0000
0000
0000
0000
0000
0000
0000
0000
0000
1000
0000
0000
0000
0000
0000
0000
0000
0000
0000
0000
0001
0000
0000
0000
0000
0000
0000
0000
0001
0000
0000
0000
0100
0000
0000
0000
0002
0000
0000
0000
0000
0000
0000
0000
0003
0000
0000
0000
0000
0000
0000
0000
,  // measure 26
0001
0100
0001
0100
0010
1000
0010
1000
0001
0000
0001
0000
0100
0000
0100
0000
,  // measure 27
0001
0000
0001
0000
1000
0000
1000
0000
0001
0100
0001
0000
0010
0000
0001
0000
,  // measure 28
0200
0000
0000
0000
0000
0000
0300
0010
,  // measure 29
1000
0000
1000
0001
1000
0002
0000
0003
1000
0000
1000
0001
2000
0000
3000
0000
,  // measure 30
0010
1000
0000
0000
0010
1000
0000
0000
0010
1000
0000
0000
0010
1000
0001
0200
,  // measure 31
0000
0300
0001
1000
0010
0100
1000
1000
,  // measure 32
0010
1000
0000
0000
0010
1000
0000
0000
0010
1000
0000
0000
0010
1000
0001
0100
,  // measure 33
0001
0001
1000
1000
0010
0010
0100
0100
,  // measure 34
0010
1000
0000
0000
0010
1000
0000
0000
0010
1000
0000
0000
0010
1000
0001
0100
,  // measure 35
0010
1000
0010
1000
0001
0100
0001
0100
,  // measure 36
0010
1000
0000
0000
0010
1000
0000
0000
0010
1000
0000
0000
0010
1000
0001
0200
,  // measure 37
0000
0000
0000
0300
,  // measure 38
0001
0000
0001
1000
0001
0000
0001
1000
0001
0000
0001
0000
2000
0000
0000
0000
,  // measure 39
3000
0000
0000
0000
;
