#TITLE:Junk;
#SUBTITLE:;
#ARTIST:Ferry Corsten;
#TITLETRANSLIT:;
#SUBTITLETRANSLIT:;
#ARTISTTRANSLIT:;
#CREDIT:;
#BANNER:Junk-bn.png;
#BACKGROUND:Junk-bg.png;
#LYRICSPATH:Junk.lrc;
#CDTITLE:sporktitles3.png;
#MUSIC:Junk.mp3;
#OFFSET:-0.048;
#SAMPLESTART:38.441;
#SAMPLELENGTH:15.336;
#SELECTABLE:YES;
#BPMS:0.000=124.999;
#STOPS:;
#BGCHANGES:;
// cache tags:
#FIRSTBEAT:16.000;
#LASTBEAT:207.000;
#SONGFILENAME:Songs/DDI/Junk/Junk.sm;
#HASMUSIC:1;
#HASBANNER:1;
#MUSICLENGTH:101.859;
// end cache tags

//---------------dance-single - ----------------
#NOTES:
     dance-single:
     :
     Beginner:
     1:
     0.115,0.175,0.088,0.000,0.000,73.000,9.000,0.000,0.000,0.000:
0000
0000
0000
0000
,
0000
0000
0000
0000
,
0000
0000
0000
0000
,
0000
0000
0000
0000
,
1000
0000
0000
0000
,
1000
0000
0000
0000
,
0001
0000
0000
0000
,
0001
0000
0000
0000
,
1000
0000
0000
0000
,
0010
0000
0000
0000
,
0100
0000
0000
0000
,
1001
0000
0000
0000
,
1000
0000
0100
0000
,
0010
0000
0001
0000
,
1000
0000
0010
0000
,
0100
0000
0001
0000
,
1000
0000
0100
0000
,
0001
0000
0100
0000
,
1000
0000
0010
0000
,
0001
0000
0010
0000
,
1001
0000
0100
0000
,
0010
0000
1000
0000
,
1001
0000
0001
0000
,
0010
0000
0100
0000
,
1001
0000
0010
0000
,
0001
0000
1000
0000
,
1001
0000
0010
0000
,
1001
0000
0000
0000
,
1000
0000
0000
0000
,
0001
0000
0000
0000
,
1000
0000
0000
0000
,
0001
0000
0000
0000
,
0100
0000
0000
0000
,
0010
0000
0000
0000
,
0100
0000
0000
0000
,
0110
0000
0000
0000
,
0010
0000
0010
0000
,
0010
0000
1000
0000
,
0001
0000
0001
0000
,
0001
0000
0100
0000
,
0010
0000
0010
0000
,
0010
0000
1000
0000
,
0100
0000
0100
0000
,
1001
0000
0000
0000
,
0100
0000
0000
0000
,
1000
0000
0000
0000
,
0001
0000
0000
0000
,
0100
0000
0000
0000
,
0010
0000
1000
0000
,
0010
0000
0100
0000
,
0001
0000
1000
0000
,
1001
0000
0000
0000
;

//---------------dance-single - ----------------
#NOTES:
     dance-single:
     :
     Easy:
     3:
     0.170,0.203,0.118,0.098,0.000,99.000,12.000,10.000,0.000,0.000:
0000
0000
0000
0000
,
0000
0000
0000
0000
,
0000
0000
0000
0000
,
0000
0000
0000
0000
,
1000
0000
0000
0000
,
0001
0000
0000
0000
,
0100
0000
0000
0000
,
0010
0000
0000
0000
,
1000
0000
0100
0000
,
1000
0000
0001
0000
,
0100
0000
0010
0000
,
2002
0000
0000
3003
,
1000
0001
0100
0010
,
1000
0001
0010
0000
,
0001
1000
0100
1000
,
0010
0100
0001
0000
,
1000
0000
0001
0000
,
1000
0010
0100
0001
,
1000
0000
0001
0000
,
0010
0001
1000
0000
,
1001
0000
0010
0000
,
0100
0000
0001
0000
,
1100
0000
0100
0000
,
1000
0000
0010
0000
,
0101
0000
0100
0000
,
0010
0000
1000
0000
,
1001
0000
0010
0000
,
2002
0000
0000
3003
,
0001
0000
0000
1000
,
0100
0000
0000
0100
,
0010
0000
0000
0010
,
0001
0000
1000
0000
,
0001
0000
0000
0001
,
0100
0000
0000
0100
,
0010
0000
0000
0010
,
0220
0000
0000
0330
,
0010
0000
0100
0000
,
0110
0000
0010
1000
,
0001
0000
1000
0000
,
1001
0000
0001
0010
,
0100
0000
0010
0000
,
0110
0000
0010
0001
,
1000
0000
0001
0000
,
2002
0000
0000
3003
,
0001
0000
1000
0000
,
0001
0000
1000
0000
,
0010
0000
0100
0000
,
0010
0000
0100
0000
,
0001
0000
0100
0000
,
1000
0000
0100
0000
,
0001
0000
0010
0000
,
2200
0000
0000
3300
;

//---------------dance-single - ----------------
#NOTES:
     dance-single:
     :
     Medium:
     5:
     0.309,0.330,0.059,0.088,0.000,205.000,6.000,9.000,0.000,0.000:
0000
0000
0000
0000
,
0000
0000
0000
0000
,
0000
0000
0000
0000
,
0000
0000
0000
0000
,
1000
0000
0001
0000
1000
0100
1000
0000
,
0001
0000
1000
0000
0001
0100
0001
0000
,
1000
0000
0001
0000
1000
0010
1000
0000
,
0001
0000
1000
0000
0001
0010
0001
0000
,
1000
0000
0010
0000
1000
0010
0100
0000
,
0001
0000
0010
0000
0001
0010
0100
0000
,
1000
0000
0010
0000
1000
0001
0010
0000
,
0002
0000
1000
1003
,
0100
1000
0010
0100
,
0001
1000
0100
0000
,
0010
0100
1000
0001
,
0100
0001
0100
0001
1000
0000
0100
0000
,
1000
0100
0010
0001
,
1000
0000
0010
0100
0001
0000
1000
0000
,
0001
0010
0100
1000
,
0001
1000
0100
0000
,
2100
0000
3001
0100
,
0010
1000
0010
0100
0001
0000
1000
0000
,
0102
0000
1003
0100
,
0010
0100
1000
0100
0010
0000
0001
0000
,
2001
0000
3010
1000
,
0001
0010
0001
1000
0100
0000
0010
0000
,
0012
0000
1003
0001
,
2000
0000
0010
3010
,
1000
0000
0001
0000
0000
0001
0100
0000
,
0010
0000
1000
0000
0000
1000
0100
0000
,
0010
0000
0100
0000
0000
0100
1000
0000
,
0001
0100
1000
0100
,
0010
0000
1000
0000
1000
0001
0100
0000
,
0010
0000
1000
0000
1000
0001
0010
0000
,
0100
0000
0010
0000
0010
0001
1000
0000
,
0002
0000
1000
1003
,
1000
0000
1010
0000
1001
0000
1000
0100
,
0000
0000
1000
0000
0100
0010
0000
0010
,
0100
0000
1000
0000
0001
0000
0100
0001
,
0000
0000
0100
0000
0001
1000
0001
1000
,
0001
0000
0010
0000
0100
0000
1000
0001
,
0000
0000
1000
0000
0010
0100
0000
0100
,
0001
0000
1000
0000
0001
0000
0010
0001
,
2000
0000
0001
3001
,
1000
1000
0001
0001
,
1000
1000
0001
0001
,
0100
0100
0010
0010
,
0100
0100
0010
0010
,
1000
0100
0001
0100
,
1000
0010
0001
0010
,
1000
0100
0010
0001
,
2000
0000
0001
3001
;

//---------------dance-single - ----------------
#NOTES:
     dance-single:
     :
     Hard:
     8:
     0.450,0.457,0.167,0.039,0.182,300.000,17.000,4.000,0.000,0.000:
0000
0000
0000
0000
,
0000
0000
0000
0000
,
0000
0000
0000
0000
,
0000
0000
0000
0000
,
1001
0000
0100
0000
0010
0100
0001
0000
,
1000
0000
0010
0000
1000
0100
0010
0000
,
1001
0000
0010
0000
0001
0100
0010
0000
,
0100
0000
0001
0000
1000
0100
0010
0000
,
0100
0000
0010
0000
0000
0010
0000
0000
0001
0000
1000
0000
0000
0000
0000
0000
,
1000
0000
0100
0000
0000
0100
0000
0000
1000
0000
0001
0000
0000
0000
0000
0000
,
0001
0000
1000
0000
0000
1000
0000
0000
0010
0000
0100
0000
0000
0000
0000
0000
,
0001
0010
0000
0001
0000
1000
0000
0010
1000
0000
0001
0010
0100
0000
1000
0000
,
0001
0000
0100
0000
0010
1000
0100
0000
,
0010
0001
0010
0100
1000
0000
0001
0000
,
0100
0000
0001
0000
0100
0001
1000
0010
,
1000
0100
0010
0001
0010
0000
0100
0000
,
1000
0010
0000
0100
0010
1000
0100
0010
,
0001
0010
0100
1000
0001
0100
0000
0001
,
1000
0000
0010
0000
1000
0001
0010
0000
,
0100
0010
0001
1000
0010
0000
0100
0000
,
1001
0000
0100
0000
0001
1000
0010
0000
,
0100
0010
1000
0001
0010
0000
0100
0000
,
0011
0000
1000
0000
0100
1000
0001
0000
,
0100
0010
1000
0001
0010
0100
0000
0000
,
1100
0000
1000
0000
0010
1000
0001
0000
,
0100
0001
1000
0100
0010
0000
0001
0000
,
0110
0000
0100
0000
1000
0010
0100
0000
,
0001
0100
0000
0001
0000
1000
0000
0100
0010
0000
0001
1000
0100
0000
0000
0000
,
1000
0000
1000
0000
1000
0000
0000
0000
0000
0001
0100
0000
0010
0000
0000
0000
,
0100
0000
0100
0000
0100
0000
0000
0000
0000
0001
1000
0000
0100
0000
0000
0000
,
0010
0000
0010
0000
0010
0000
0000
0000
0000
0100
0010
0000
0001
0000
0000
0000
,
1000
0010
0001
0010
1000
0100
0001
0000
,
0100
0100
1100
0000
1000
0010
0100
0001
,
0010
0010
0011
0000
0001
1000
0100
0010
,
0100
0100
0110
0000
0010
0001
1000
0010
,
1000
0001
0000
0010
0000
0001
0000
0100
0010
0000
1000
0001
0010
0000
0000
0000
,
0100
0000
0110
0000
0011
0000
0001
0010
,
1000
0000
0000
0000
0010
0000
0001
1000
0001
1000
0001
0000
0100
0000
0010
0000
,
1000
0000
1100
0000
1001
0000
1000
0010
,
0001
0000
0000
0000
0010
0000
0100
0001
0100
0001
0100
0000
0010
0000
1000
0000
,
0001
0000
0011
0000
0110
0000
1000
0100
,
0001
0000
0000
0000
0100
0000
1000
0010
1000
0010
1000
0000
0001
0000
0100
0000
,
0010
0000
0110
0000
1001
0000
0001
0100
,
0010
1000
0000
0001
0000
0010
0000
0001
1000
0000
0010
0100
0010
0000
0000
0000
,
2000
0001
0010
3001
,
0002
1000
0100
1003
,
2000
0010
0100
3001
,
0002
0010
0100
1003
,
1000
0010
0001
0010
1000
0100
0010
0010
,
0001
0010
1000
0010
0001
0100
0010
0010
,
0100
0001
1000
0100
0010
0100
1000
0001
,
0100
0001
0000
1000
0000
0010
0000
0100
0001
0000
1000
0001
0010
0000
0000
0000
;

//---------------dance-double - ----------------
#NOTES:
     dance-double:
     :
     Easy:
     4:
     0.226,0.279,0.049,0.059,0.000,150.000,5.000,6.000,0.000,0.000:
00000000
00000000
00000000
00000000
,
00000000
00000000
00000000
00000000
,
00000000
00000000
00000000
00000000
,
00000000
00000000
00000000
00000000
,
00001000
00000100
00001000
00001000
,
00000010
00000100
00000001
00000001
,
00001000
00000010
00010000
00010000
,
00001000
01000000
00010000
00010000
,
10000000
01000000
00010000
00010000
,
01000000
10000000
00100000
00100000
,
01000000
00001000
00010000
00000100
,
00002000
00000000
00000000
00003100
,
00001000
00000001
00000100
00001000
,
00000100
00000010
00001000
00000000
,
00000001
00000010
00001000
00010000
,
00001000
00010000
01000000
00000000
,
00100000
00010000
10000000
00100000
,
00010000
00100000
01000000
00010000
,
10000000
01000000
00100000
00010000
,
01000000
00010000
10000000
00000000
,
11000000
01000000
00010000
00001000
,
00010000
00001000
00000010
00000001
,
00001001
00000001
00000100
00001000
,
00010000
00001000
00010000
00100000
,
01100000
01000000
00010000
10000000
,
01000000
00010000
00001000
00010000
,
00011000
00001000
00000010
00000001
,
00002000
00000000
00000001
00003001
,
00000100
00000000
00000000
00000100
,
00001000
00000000
00000000
00001000
,
00010000
00000000
00000000
00010000
,
00100000
10000000
00010000
00100000
,
00001000
00000000
00000000
00001000
,
00000010
00000000
00000000
00000010
,
00000001
00000000
00000000
00000001
,
00002000
00000000
00000010
00003010
,
00001000
00000000
00000001
00000000
,
00000100
00001000
00000100
00000010
,
00010000
00000000
00001000
00000000
,
00100000
00010000
01000000
10000000
,
01000000
00000000
00100000
00000000
,
10000000
01000000
00010000
01000000
,
00100000
00000000
00010000
00000000
,
02000000
00000000
00001000
03001000
,
00010000
00000000
00001000
00000000
,
00010000
00000000
00000100
00000010
,
00000001
00000000
00001000
00000000
,
00000001
00000000
00000100
00001000
,
00010000
00000000
00001000
00000000
,
00010000
00000000
00100000
10000000
,
00010000
00000000
00100000
00000000
,
02200000
00000000
00000000
03300000
;

//---------------dance-double - ----------------
#NOTES:
     dance-double:
     :
     Medium:
     6:
     0.307,0.305,0.010,0.049,0.000,213.000,1.000,5.000,0.000,0.000:
00000000
00000000
00000000
00000000
,
00000000
00000000
00000000
00000000
,
00000000
00000000
00000000
00000000
,
00000000
00000000
00000000
00000000
,
01000000
00010000
10000000
10000000
,
01000000
00100000
00001000
00001000
,
00010000
00000100
00000010
00000010
,
00000001
00000100
00001000
00001000
,
00000100
00000010
00000000
00010000
00000000
00000010
00000000
00001000
,
00000000
00000001
00000000
00000100
00000000
00000010
00000000
00010000
,
00000000
00001000
00000000
00100000
00000000
00010000
00000000
01000000
,
00200000
00000000
10000000
10300000
,
00100000
01000000
00010000
10000000
,
01000000
10000000
01000000
00100000
00010000
00000000
01000000
00000000
,
00001000
00010000
00000100
00000010
,
00000100
00001000
00000100
00000010
00000001
00000000
00000001
00001000
,
00000010
00000100
00000001
00000100
,
00000010
00001000
00000010
00010000
00001000
00000000
00010000
00000000
,
00000100
00000010
00000100
00001000
,
00000010
00000100
00000010
00001000
00000001
00000000
00001000
00000000
,
00000110
00001000
00000010
00010000
,
00001000
00000000
01000000
00010000
01000000
00000000
00001000
00000000
,
00010000
00000100
00000010
00000100
,
00001000
00000100
00000010
00000001
00000010
00000100
00000000
00000100
,
00001000
00000010
00010000
00000010
,
00010000
00000000
00001000
00100000
00001000
00000000
00010000
00000000
,
01000000
00100000
00010000
10000000
,
00020000
00000000
00100000
00130000
,
00010000
00000000
01000000
00000000
00000000
01000000
00100000
00000000
,
10000000
00000000
01000000
00000000
00000000
01000000
00100000
00000000
,
00001000
00000000
00010000
00000000
00000000
00010000
00001000
00000000
,
01000000
00010000
01000000
00001000
,
00010000
00000000
00000100
00000000
00000100
00001000
00000010
00000000
,
00000100
00000000
00000001
00000000
00000001
00001000
00000010
00000000
,
00001000
00000000
00000100
00000000
00000100
00010000
00001000
00000000
,
00020000
00000000
00000100
00030100
,
00010000
00000000
00001000
00000000
00100000
00000000
00010000
01000000
,
00000000
00000000
00100000
00000000
01000000
00010000
00000000
00010000
,
10000000
00000000
01000000
00000000
00100000
00000000
00001000
00010000
,
00000000
00000000
00001000
00000000
01000000
00001000
01000000
00010000
,
00100000
00000000
01000000
00000000
00100000
00000000
00001000
00010000
,
00000000
00000000
00001000
00000000
00010000
00000100
00000000
00000100
,
00000010
00000000
00000001
00000000
00000100
00000000
00000010
00001000
,
00000002
00000000
00000000
00000000
00000100
00000000
00000103
00000010
,
00001000
00000100
00001000
00001000
,
00000010
00010000
00001000
00001000
,
00100000
00010000
01000000
01000000
,
00100000
00000000
10000000
00000000
01000000
00100000
00010000
00100000
,
01000000
00100000
00001000
00010000
,
00000100
00000010
00000001
00000100
,
00000001
00000010
00000100
00010000
,
00002000
00000000
00010000
00013000
;

//---------------dance-double - ----------------
#NOTES:
     dance-double:
     :
     Hard:
     8:
     0.498,0.508,0.206,0.000,0.196,334.000,21.000,0.000,0.000,0.000:
00000000
00000000
00000000
00000000
,
00000000
00000000
00000000
00000000
,
00000000
00000000
00000000
00000000
,
00000000
00000000
00000000
00000000
,
10010000
00000000
00100000
00000000
01000000
00010000
01000000
00000000
,
00100000
00000000
10000000
00000000
00010000
00100000
00010000
00000000
,
00101000
00000000
00001000
00000000
00010000
00000100
00010000
00000000
,
00000100
00000000
00001000
00000000
00000010
00000100
00000010
00000000
,
00000100
00000000
00000001
00000000
00000000
00000001
00000000
00000000
00000000
00000000
00001000
00000000
00000000
00000000
00000000
00000000
,
00000100
00000000
00010000
00000000
00000000
00010000
00000000
00000000
00000000
00000000
00001000
00000000
00000000
00000000
00000000
00000000
,
01000000
00000000
00010000
00000000
00000000
00010000
00000000
00000000
00000000
00000000
10000000
00000000
00000000
00000000
00000000
00000000
,
10000000
00010000
00000000
01000000
00000000
00001000
00000000
00010000
00001000
00000000
01000000
00010000
01000000
00000000
00100000
00000000
,
10000000
00000000
01000000
00000000
00010000
01000000
10000000
00000000
,
00100000
00000000
01000000
00001000
00010000
00001000
00000000
00001000
,
00100000
00000000
00010000
00000000
10000000
01000000
00100000
00001000
,
00010000
00000100
00000010
00000001
00000100
00000000
00000010
00000000
,
00001000
00000100
00000000
00001000
00000010
00000100
00000001
00000100
,
00000010
00010000
00001000
01000000
00100000
10000000
00000000
01000000
,
10000000
00000000
00010000
00000000
01000000
00100000
10000000
00000000
,
00100000
01000000
00010000
00100000
00001000
00000000
00010000
00000000
,
00001100
00000100
00001000
00000010
00000100
00000001
00000100
00000010
,
00010000
00001000
00010000
00000100
00000010
00000000
00000001
00000000
,
00001100
00000100
00010000
00001000
01000000
00100000
10000000
00010000
,
00100000
01000000
00100000
00010000
10000000
00000000
01000000
00000000
,
00110000
00010000
01000000
00100000
10000000
00100000
01000000
00010000
,
00100000
00001000
00010000
00000100
00010000
00000000
00001000
00000000
,
00110000
00010000
00100000
01000000
10000000
01000000
00100000
00010000
,
01000000
00001000
00000000
00010000
00000000
00000100
00000000
00010000
00001000
00000000
01000000
00010000
01000000
00000000
00001000
00000000
,
00010000
00000000
00010000
00000000
00010000
00000000
00000000
00000000
00000000
00010000
00000100
00000000
00000010
00000000
00000001
00000000
,
00000100
00000000
00000100
00000000
00000100
00000000
00000000
00000000
00000000
00000100
00000010
00000000
00010000
00000000
00001000
00000000
,
00010000
00000000
00010000
00000000
00010000
00000000
00000000
00000000
00000000
00010000
00001000
00000000
01000000
00000000
00010000
00000000
,
00100000
00100000
00100000
01000000
10000000
01000000
00100000
00010000
,
10000000
00000000
10000000
00000000
11000000
00000000
00000000
00000000
01000000
00100000
01000000
00000000
00100000
00000000
00001000
00000000
,
00010000
00000000
00010000
00000000
00011000
00000000
00000000
00000000
00010000
00001000
00010000
00000000
00000100
00000000
00000010
00000000
,
00000001
00000000
00000001
00000000
00000101
00000000
00000000
00000000
00000100
00000010
00000100
00000000
00000010
00000000
00001000
00000000
,
00000001
00001000
00000000
00000100
00000000
00010000
00000000
00001000
00010000
00000000
00000100
00001000
00000100
00000000
00000010
00000000
,
00000100
00001100
00001001
00000101
,
00000100
00000000
00000010
00000000
00001000
00000000
00000001
00000100
00000001
00000100
00000001
00000000
00001000
00000000
00000010
00000000
,
00010000
00011000
00101000
00110000
,
00010000
00000000
01000000
00000000
00100000
00000000
10000000
00010000
10000000
00010000
10000000
00000000
00100000
00000000
01000000
00000000
,
00010000
01010000
01001000
00011000
,
00010000
00000000
00000100
00000000
00001000
00000000
00000010
00000100
00000010
00000100
00000010
00000000
00000100
00000000
00000001
00000000
,
00001000
00001010
00000101
00001001
,
00001000
00000001
00000000
00001000
00000000
00000100
00000000
00010000
00001000
00000000
00100000
00010000
00100000
00000000
00001000
00000000
,
00010000
00100000
00010000
00100000
01000000
00010000
01000000
00010000
,
10000000
01000000
10000000
01000000
00100000
00001000
00100000
00001000
,
00010000
01000000
00010000
01000000
00100000
00001000
00100000
00001000
,
00010000
00000010
00010000
00000010
00000100
00001000
00000100
00001000
,
00010000
00100000
10000000
01000000
00100000
00010000
00100000
01000000
,
10000000
01000000
00010000
00001000
00000010
00000100
00001000
00000100
,
00000010
00001000
00010000
01000000
00100000
00001000
00010000
00000010
,
00000100
00000001
00000000
00001000
00000000
00000001
00000000
00000100
00000010
00000000
00010000
00001000
00010000
00000000
00000000
00000000
;
