#TITLE:CHAOS;
#SUBTITLE:;
#ARTIST:DE-SIRE retunes;
#TITLETRANSLIT:;
#SUBTITLETRANSLIT:;
#ARTISTTRANSLIT:;
#CREDIT:;
#BANNER:CHAOS.png;
#BACKGROUND:CHAOS-bg.png;
#LYRICSPATH:;
#CDTITLE:./CDTITLES/Dancing Stage SuperNOVA.png;
#MUSIC:CHAOS.mp3;
#OFFSET:-5.102;
#SAMPLESTART:2.840;
#SAMPLELENGTH:14.980;
#SELECTABLE:YES;
#DISPLAYBPM:*;
#BPMS:0.000=170.000;
#STOPS:6.000=0.350
,10.750=0.529
,20.750=0.882
,24.750=0.706
,26.750=0.706
,29.250=0.706
,31.250=0.529
,37.250=0.706
,39.250=0.706
,41.750=0.706
,43.250=0.706
,49.250=1.059
,51.750=0.529
,58.250=0.529
,64.750=0.529
,71.250=0.529
,75.250=0.706
,77.750=0.529
,79.750=0.706
,88.250=0.706
,92.250=0.529
,94.750=0.529
,102.250=0.706
,106.250=0.882
,113.750=0.706
,119.750=0.309
,119.875=0.353
,123.875=0.309
,124.000=0.309
,124.125=0.309
,124.250=0.353
,128.250=1.588
,131.750=0.309
,131.875=0.309
,132.000=0.309
,132.125=0.353
,137.125=0.309
,137.250=0.309
,137.375=0.353
,142.875=1.059
,146.375=0.353
,149.375=0.353
,152.375=0.353
;
#BGCHANGES:;
// cache tags:
#FIRSTBEAT:8.750;
#LASTBEAT:171.875;
#SONGFILENAME:Songs/DDI/CHAOS/CHAOS.sm;
#HASMUSIC:1;
#HASBANNER:1;
#MUSICLENGTH:95.746;
// end cache tags

//---------------dance-single - ----------------
#NOTES:
     dance-single:
     :
     Hard:
     10:
     0.516,0.449,0.198,0.063,1.000,321.000,19.000,6.000,0.000,0.000:  // measure 1
0000
0000
0000
0000
,  // measure 2
0000
0000
0000
0000
,  // measure 3
0000
0000
0000
0001
0000
0010
0000
0100
0000
0000
1000
0001
0000
0000
0000
0100
,  // measure 4
0010
0100
0000
0000
0000
1001
0000
0000
0000
0000
0000
0001
0100
0001
0000
0000
,  // measure 5
0000
1010
0000
0000
0000
0010
0000
0001
0000
0000
0000
0100
0000
0010
0000
0100
,  // measure 6
0000
0001
1000
0110
0000
0000
1001
0000
0000
0100
1000
0100
0000
0000
0101
0000
,  // measure 7
0000
0001
0000
0010
0000
0100
0000
0000
0000
0010
0000
1000
0000
0001
0000
0000
,  // measure 8
0000
1000
0100
1000
0000
0001
0000
0000
0000
0010
0000
1000
0000
0010
0000
0000
,  // measure 9
1100
0000
0000
0101
0000
0010
0000
0000
1001
0000
0000
0010
0001
0010
0000
0000
,  // measure 10
1100
0000
0000
0010
0000
1000
0000
0100
0000
0000
0000
0010
0000
0001
0000
1000
,  // measure 11
0000
0000
0000
0010
0100
0010
0000
1000
0000
0000
0000
0001
0000
0010
0000
0000
,  // measure 12
1000
0000
0000
0010
0100
0010
0000
0000
0000
2002
0000
0000
0000
0000
0000
0000
,  // measure 13
0000
0003
0000
0000
0000
3100
0000
0010
0000
0100
0001
0100
0000
0010
0000
0001
,  // measure 14
0000
1000
0000
0100
0010
0100
0000
1000
0000
0001
0000
0000
0000
0100
0000
0010
,  // measure 15
0000
0100
0000
0010
1000
0010
0000
1000
0000
0001
0000
0100
0000
0010
1000
0010
,  // measure 16
0000
1000
0000
0100
0000
0000
0000
0001
0000
0100
0000
0001
0000
1000
0100
1000
,  // measure 17
0000
0001
0000
0010
0000
0100
0000
0010
0001
0010
0000
0001
0000
0100
0000
0000
,  // measure 18
0000
0010
0000
0100
0000
0010
1000
0010
0000
0100
0000
0001
0000
1000
0000
0010
,  // measure 19
0000
0100
0001
0100
0000
0010
0000
0001
0000
0100
0000
1000
0000
0010
0000
0000
,  // measure 20
0000
0001
0000
2000
0000
0000
0000
3100
0000
0010
0000
0000
0000
0001
0000
1000
,  // measure 21
0000
0001
0000
0000
0000
0010
0000
0100
0000
0010
0001
0010
0000
0000
0000
1100
,  // measure 22
0000
0000
0000
0010
0000
0100
0001
0100
0000
0010
0000
0200
0000
0000
0000
0301
,  // measure 23
0000
1000
0000
0100
0000
0000
0000
0010
0000
0100
0000
1000
0001
1000
0000
0010
,  // measure 24
0000
1000
0000
0002
0000
0000
0000
0103
0000
0010
0000
0100
0000
0000
0000
1000
,  // measure 25
0000
0010
0100
0010
0000
1000
0000
0001
0000
0010
0000
1000
0000
0100
0000
0010
,  // measure 26
0000
0100
0000
1000
0000
0100
0000
0001
0000
0100
0000
0010
0000
0001
0000
1000
,  // measure 27
0000
0010
0000
0001
0000
0010
0000
1000
0000
0100
0000
1000
0000
0010
0000
0001
,  // measure 28
0000
0100
0000
0010
0000
1000
0000
0100
0000
0010
0000
0001
0000
0010
0000
0100
,  // measure 29
0000
1000
0000
0001
0000
0010
0000
1000
0000
0010
0000
0001
0000
0100
0000
0010
,  // measure 30
0000
0000
0001
0000
0000
0000
1000
0000
0000
0000
0100
0000
0000
0000
0010
0000
0000
0000
1000
0000
0000
0000
0010
0000
0000
0000
0001
0000
0000
0000
1001
0110
,  // measure 31
0000
0000
0000
0010
0000
0000
0000
1000
0000
0000
0000
0001
0000
0000
0000
1000
0000
0000
0000
0010
0000
0000
0000
0001
0000
0000
0000
0100
0000
0000
0000
0001
,  // measure 32
1010
0100
0011
0000
0000
0000
0100
0000
0000
0000
1000
0000
0000
0000
0010
0000
0000
0000
0001
0000
0000
0000
0100
0000
0000
0000
1000
0000
0000
0000
0010
0000
,  // measure 33
0000
0000
0100
0000
0000
0000
0001
0000
0000
0000
0010
0000
0000
0000
1000
0000
0000
0000
0001
0000
0000
0000
0100
0000
0000
0000
0010
0000
0000
0000
0001
1100
,  // measure 34
0010
1001
0000
0000
0000
0100
0000
0000
0000
0001
0000
0000
0000
0010
0000
0000
0000
1000
0000
0000
0000
0100
0000
0000
0000
1000
0000
0000
0000
0001
0000
0000
,  // measure 35
0000
0100
0000
0000
0000
0010
0000
0000
0000
1100
0010
0101
0000
0000
0000
0100
0000
0000
0000
0000
0000
0010
0000
0000
0000
0001
0000
1000
0000
0000
0000
0100
,  // measure 36
0000
0000
0000
0000
0000
0000
0000
1000
0000
0001
0000
2000
0000
0000
0000
0000
0000
0000
0000
0000
0000
0000
0000
3100
0000
0000
0000
1000
0000
0000
0000
0010
,  // measure 37
0000
0000
0000
0000
0000
0100
0000
0001
0000
0000
0000
0010
0000
0000
0000
1000
0000
0000
0000
0001
0000
0000
0000
0100
0000
0000
0000
0000
0000
0010
0000
0100
,  // measure 38
0000
0000
0000
1000
0000
0000
0000
0010
0000
0000
0000
0001
0000
0000
0000
0010
0000
0000
0000
0000
0000
0100
0000
0001
0000
0000
0000
1000
0000
0000
0000
0100
,  // measure 39
0000
0000
0000
0010
0000
0000
0000
0100
0000
0000
0000
0000
0000
0010
0000
0001
0000
0000
0000
0100
0000
0000
0000
1000
0000
0000
0000
0000
0000
0000
0000
0001
,  // measure 40
0000
0000
0000
0010
0000
0000
0000
1000
0000
0000
0000
0010
0000
0000
0000
0001
0000
0000
0000
0010
0000
0000
0000
1000
0000
0000
0000
0010
0000
0000
0000
0001
,  // measure 41
0000
0000
0000
0100
0000
0000
0000
1000
0000
0000
0000
0100
0000
0000
0000
0001
0000
0000
0000
0100
0000
0000
0000
1000
0000
0000
0000
0100
0000
0000
0000
0010
,  // measure 42
0000
0000
0000
1000
0000
0100
0000
1000
0000
0000
0000
0001
0000
0100
0000
0001
0000
0000
0000
1000
0000
0010
0000
1000
0000
0000
0000
0001
0000
0010
0000
0001
,  // measure 43
0000
0000
0000
0100
0000
0010
0000
0100
0000
0000
0000
0001
0000
1000
0000
0001
0000
0000
0000
1000
0000
0100
0000
1000
0000
0000
0000
0010
0000
1000
0000
0001
;

//---------------dance-single - ----------------
#NOTES:
     dance-single:
     :
     Challenge:
     10:
     0.656,0.628,0.261,0.104,1.000,405.000,25.000,10.000,0.000,0.000:  // measure 1
0000
0000
0000
0000
,  // measure 2
0000
0000
0000
0000
,  // measure 3
0000
0000
0000
0001
0000
0010
0000
0100
0000
0000
1000
0001
0000
0100
0000
0010
,  // measure 4
0000
1000
0100
0010
0100
1000
0000
0000
0000
0001
0100
0010
0100
0001
0000
0000
,  // measure 5
0000
0010
0000
1000
0000
0010
0000
0001
0000
0100
0000
0001
0000
0010
0000
0100
,  // measure 6
1000
0001
1000
0010
0100
0000
1001
0000
0000
0100
1000
0100
1000
0000
0110
0000
,  // measure 7
0000
0001
1000
0001
0000
0100
0000
0010
1000
0010
1000
0010
0000
0100
0000
0001
,  // measure 8
0010
0001
0010
0001
0000
1000
0000
0000
0000
0010
0100
0010
0100
1010
0000
0000
,  // measure 9
1001
0000
0000
1100
0000
0011
0000
0000
1001
0000
0000
0001
0100
0001
0000
0000
,  // measure 10
1001
0000
0000
0110
0000
1000
0000
0100
0000
0010
0001
1000
0001
0010
0000
0100
,  // measure 11
0000
0001
0100
0010
0100
0001
0000
0100
0000
0000
0000
1000
0010
1001
0000
0000
,  // measure 12
0101
0000
0000
1000
0100
1000
0000
0000
0000
2002
0000
0000
0000
0000
0000
0000
,  // measure 13
0000
0003
0000
0000
0000
3010
0000
0100
0000
0001
1000
0000
1000
0100
0000
0001
,  // measure 14
0000
0100
0000
0010
0001
0000
0001
0100
0000
0001
0000
1000
0100
1000
0100
1000
,  // measure 15
0000
0010
0000
1000
0001
0000
0001
0010
0000
0100
0000
1000
0000
0010
1000
0000
,  // measure 16
1000
0001
0000
0100
0000
0010
0100
0001
0100
0010
0000
1000
0000
0100
0001
0000
,  // measure 17
0001
0100
0000
1000
0000
0010
0000
0100
0010
0000
0010
1000
0000
0100
0000
1000
,  // measure 18
0001
0100
0001
1000
0000
0010
0000
0100
0001
0000
0001
0100
0000
1000
0000
0010
,  // measure 19
0000
1000
0100
0000
0100
1000
0000
0001
0000
0100
0010
0100
0010
0100
0000
0000
,  // measure 20
0000
0001
0000
0010
0000
2000
0000
3100
0000
0010
0000
0000
0000
0002
0000
2003
,  // measure 21
0000
3001
0000
0000
0000
0001
0000
1000
0000
0100
0000
0010
0001
0010
0001
2000
,  // measure 22
0000
0000
0000
3001
0100
0001
0100
0010
0000
1000
0000
0010
0000
0000
0000
0001
,  // measure 23
0000
1000
0100
2000
0000
0000
0000
3010
0100
0020
0000
0000
0000
1030
0100
1000
,  // measure 24
0002
1003
0000
0100
0000
0010
0000
0100
0000
1000
0000
0010
0000
0001
0000
1000
,  // measure 25
0000
0010
0100
0010
0000
1000
0000
0001
0000
0010
0000
1000
0000
0100
0000
0001
,  // measure 26
0000
0010
0000
1000
0000
0100
0000
0010
0001
0010
0000
0100
0000
0001
0000
1000
,  // measure 27
0000
0100
0000
0001
0000
0010
0000
0100
0001
0100
0000
1000
0000
0001
0100
0001
,  // measure 28
0000
0010
0000
0100
0000
1000
0001
1000
0000
0100
0000
0001
0000
0010
0100
0010
,  // measure 29
0000
1000
0000
0001
0000
1000
0010
1000
0000
0100
0000
0010
0000
1000
0100
1000
,  // measure 30
0000
0000
0010
0000
0000
0000
0001
0000
0000
0000
0100
0000
0010
0000
0100
0000
0000
0000
1000
0000
0000
0000
0010
0000
0000
0000
0001
0000
0000
0000
1001
0110
,  // measure 31
0000
0000
0000
1000
0000
0000
0000
0010
0000
1000
0000
0100
0000
0000
0000
0010
0000
0001
0000
0100
0000
0000
0000
0010
0000
0100
0000
0010
0000
0000
0000
1001
,  // measure 32
1010
0110
0101
0000
0000
0000
0100
0000
0000
0000
1000
0000
0010
0000
1000
0000
0000
0000
0001
0000
0010
0000
0001
0000
0000
0000
1000
0000
0010
0000
1000
0000
,  // measure 33
0000
0000
0100
0000
0000
0000
0001
0000
1000
0000
0001
0000
0000
0000
1000
0000
0100
0000
1000
0000
0000
0000
0100
0000
0000
0000
0010
0000
0000
0000
0101
1100
,  // measure 34
1010
0011
0000
0000
0000
0100
0000
0000
0000
0001
0000
0100
0000
0001
0000
0000
0000
1000
0000
0100
0000
1000
0000
0000
0000
0010
0000
0100
0000
0010
0000
0000
,  // measure 35
0000
0100
0000
0001
0000
0100
0000
0000
0000
1010
0101
0011
0000
0000
0000
0100
0000
0000
0000
0000
0000
0010
0000
0000
0000
0001
0000
1000
0000
0010
0000
0100
,  // measure 36
0000
0000
0000
0000
0000
0001
0000
1000
0000
0002
0000
0000
0000
0000
0000
0000
0000
0000
0000
0000
0000
0000
0000
0103
0000
0000
0000
0010
0000
0000
0000
1000
,  // measure 37
0000
0001
0000
0000
0000
0001
0000
0010
0000
0000
0000
0100
0000
0000
0000
1000
0000
0000
0000
0001
0000
0000
0000
0100
0000
0010
0000
0000
0000
0100
0000
0010
,  // measure 38
0000
0000
0000
1000
0000
0000
0000
0010
0000
0000
0000
0001
0000
0000
0000
0010
0000
1000
0000
0000
0000
0001
0000
0100
0000
0000
0000
1000
0000
0000
0000
0100
,  // measure 39
0000
0000
0000
0010
0000
0000
0000
0100
0000
0001
0000
0000
0000
0001
0000
0010
0000
0000
0000
0100
0000
0000
0000
1000
0000
0000
0000
0100
0000
0000
0000
0010
,  // measure 40
0000
0000
0000
1000
0000
0001
0000
1000
0000
0000
0000
0001
0000
0100
0000
0001
0000
0000
0000
0010
0000
0100
0000
0010
0000
0000
0000
0100
0000
1000
0000
0100
,  // measure 41
0000
0000
0000
1000
0000
0010
0000
1000
0000
0000
0000
0001
0000
0010
0000
0001
0000
0000
0000
1000
0000
0100
0000
1000
0000
0000
0000
0001
0000
0100
0000
0010
,  // measure 42
0000
0100
0000
0010
0000
0100
0000
1000
0000
0100
0000
1000
0000
0100
0000
0001
0000
0100
0000
0001
0000
0100
0000
1000
0000
0100
0000
1000
0000
0100
0000
0010
,  // measure 43
0000
1000
0000
0100
0000
0010
0000
0001
0000
1000
0000
0100
0000
0001
0000
0100
0000
1000
0000
0010
0000
0001
0000
1000
0000
0100
0000
0000
0000
0001
0000
1000
;

//---------------dance-double - ----------------
#NOTES:
     dance-double:
     :
     Hard:
     10:
     0.509,0.449,0.198,0.063,1.000,316.000,19.000,6.000,0.000,0.000:  // measure 1
00000000
00000000
00000000
00000000
,  // measure 2
00000000
00000000
00000000
00000000
,  // measure 3
00000000
00000000
00000000
10000000
00000000
00100000
00000000
01000000
00000000
00000000
00010000
10000000
00000000
00000000
00000000
01000000
,  // measure 4
00100000
01000000
00000000
00000000
00000000
10010000
00000000
00000000
00000000
00100000
00000000
10000000
00000000
01000000
00000000
00000000
,  // measure 5
00000000
10010000
00000000
00000000
00000000
00100000
00000000
10000000
00000000
00000000
00000000
01000000
00000000
00010000
00000000
00001000
,  // measure 6
00000000
00000100
00000000
00000001
00000000
00000000
00001010
00000000
00000000
00000001
00000010
00000001
00000000
00000000
00001100
00000000
,  // measure 7
00000000
00000101
00000000
00000010
00000000
00001000
00000000
00000100
00000000
00000010
00000000
00000001
00000000
00000100
00000000
00001000
,  // measure 8
00000000
00010000
00000000
01000000
00000000
00100000
00000000
00010000
00000000
10000000
00000000
00100000
00000000
01000000
00000000
00000000
,  // measure 9
01010000
00000000
00000000
11000000
00000000
00100000
00000000
00000000
10010000
00000000
00000000
00100000
01000000
00100000
00000000
00000000
,  // measure 10
11000000
00000000
00000000
00100000
00000000
00001000
00000000
00010000
00000000
01000000
00000000
10000000
00000000
00100000
00000000
00010000
,  // measure 11
00000000
00001000
00000000
00000010
00000100
00000010
00000000
00000001
00000000
00001000
00000000
00000010
00000000
00000100
00000000
00000000
,  // measure 12
00000001
00000000
00000000
00000100
00001000
00000100
00000000
00000000
00000000
00002002
00000000
00000000
00000000
00000000
00000000
00000000
,  // measure 13
00000000
00003000
00000000
00000000
00000000
00000103
00000000
00000000
00000010
00001000
00000000
00000100
00000000
00010000
00000000
00001000
,  // measure 14
00000000
00000000
00010000
00100000
00000000
10000000
00000000
00010000
00000000
02000000
00000000
00000000
00000000
03100000
00000000
01000000
,  // measure 15
00000000
00000000
00010000
00100000
00000000
01000000
00000000
10000000
00000000
00010000
00000000
00000000
01000000
00001000
00000000
00100000
,  // measure 16
00000000
00010000
00000000
02000000
00000000
00000000
00000000
03010000
00000000
10000000
00000000
00000000
01000000
00010000
00000000
00001000
,  // measure 17
00000000
00000010
00000000
00000001
00000000
00000000
00001000
00000100
00000000
00000010
00000000
00000100
00000000
00002000
00000000
00000000
,  // measure 18
00000000
00003001
00000000
00000100
00000000
00000000
00000010
00001000
00000000
00000001
00000000
00000100
00000000
00001000
00000000
00000000
,  // measure 19
00010000
00001000
00000000
00000100
00000000
00000010
00000000
00001000
00000000
00010000
00000000
01000000
00000000
00100000
00000000
10000000
,  // measure 20
00000000
01000000
00000000
00010000
00000000
01000000
00000000
10000000
00000000
00100000
00000000
01000000
00000000
00010000
00000000
01000000
,  // measure 21
00000000
00100000
00000000
01000000
00000000
00010000
00000000
00100000
00000000
01000000
00000000
10000000
00000000
00000000
00000000
01010000
,  // measure 22
00000000
00000000
00000000
00100000
00000000
10000000
00000000
01000000
00000000
00010000
00000000
00001000
00000000
00010000
00000000
00000010
,  // measure 23
00000000
00001000
00000000
00000100
00000000
00000010
00000000
00000100
00000000
00001000
00000000
00000010
00000000
00000100
00000000
00000001
,  // measure 24
00000000
00001000
00000000
00000010
00000000
00010000
00000000
00000100
00000000
00001000
00000000
00000010
00000000
00000100
00000000
00000001
,  // measure 25
00000000
00000000
00000000
00000010
00000000
00001000
00000000
00000100
00000000
00010000
00000000
00001000
00000000
00010000
00000000
00000010
,  // measure 26
00000000
00010000
00000000
00001000
00000000
00010000
00000000
00100000
00000000
10000000
00000000
01000000
00000000
10000000
00000000
00010000
,  // measure 27
00000000
00100000
00000000
10000000
00000000
00100000
00000000
00001000
00000000
01000000
00000000
00010000
00000000
00100000
00000000
00001000
,  // measure 28
00000000
00010000
00000000
00000010
00000000
00000100
00000000
00000001
00000000
00000010
00000000
00001000
00000000
00000010
00000000
00000100
,  // measure 29
00000000
00001000
00000000
00000001
00000000
00000100
00000000
00001000
00000000
00010000
00000000
00001000
00000000
00000010
00000000
00000001
,  // measure 30
00000000
00000000
00001000
00000000
00000000
00000000
00000010
00000000
00000000
00000000
00000100
00000000
00000000
00000000
00001000
00000000
00000000
00000000
00010000
00000000
00000000
00000000
00100000
00000000
00000000
00000000
10000000
00000000
00000000
00000000
10010000
01100000
,  // measure 31
00000000
00000000
00000000
00100000
00000000
00000000
00000000
00010000
00000000
00000000
00000000
10000000
00000000
00000000
00000000
00010000
00000000
00000000
00000000
00100000
00000000
00000000
00000000
01000000
00000000
00000000
00000000
10000000
00000000
00000000
00000000
01000000
,  // measure 32
00110000
01000000
10100000
00000000
00000000
00000000
01000000
00000000
00000000
00000000
00010000
00000000
00000000
00000000
00100000
00000000
00000000
00000000
01000000
00000000
00000000
00000000
10000000
00000000
00000000
00000000
00100000
00000000
00000000
00000000
01000000
00000000
,  // measure 33
00000000
00000000
00100000
00000000
00000000
00000000
10000000
00000000
00000000
00000000
01000000
00000000
00000000
00000000
00010000
00000000
00000000
00000000
00001000
00000000
00000000
00000000
00000100
00000000
00000000
00000000
00000010
00000000
00000000
00000000
00001000
00000101
,  // measure 34
00000010
00001100
00000000
00000000
00000000
00000001
00000000
00000000
00000000
00001000
00000000
00000000
00000000
00000100
00000000
00000000
00000000
00000001
00000000
00000000
00000000
00000100
00000000
00000000
00000000
00001000
00000000
00000000
00000000
00000010
00000000
00000000
,  // measure 35
00000000
00000100
00000000
00000000
00000000
00000010
00000000
00000000
00000000
00000101
00000010
00001100
00000000
00000000
00000000
00000001
00000000
00000000
00000000
00000000
00000000
00000100
00000000
00000000
00000000
00001000
00000000
00010000
00000000
00000000
00000000
01000000
,  // measure 36
00000000
00000000
00000000
00000000
00000000
00000000
00000000
10000000
00000000
00010000
00000000
20000000
00000000
00000000
00000000
00000000
00000000
00000000
00000000
00000000
00000000
00000000
00000000
30100000
00000000
00000000
00000000
00010000
00000000
00000000
00000000
00100000
,  // measure 37
00000000
00000000
00000000
00000000
00000000
01000000
00000000
10000000
00000000
00000000
00000000
00100000
00000000
00000000
00000000
10000000
00000000
00000000
00000000
01000000
00000000
00000000
00000000
00010000
00000000
00000000
00000000
00000000
00000000
00001000
00000000
00010000
,  // measure 38
00000000
00000000
00000000
00100000
00000000
00000000
00000000
01000000
00000000
00000000
00000000
00010000
00000000
00000000
00000000
00100000
00000000
00000000
00000000
00000000
00000000
01000000
00000000
10000000
00000000
00000000
00000000
00010000
00000000
00000000
00000000
01000000
,  // measure 39
00000000
00000000
00000000
00100000
00000000
00000000
00000000
01000000
00000000
00000000
00000000
00000000
00000000
00100000
00000000
10000000
00000000
00000000
00000000
01000000
00000000
00000000
00000000
00010000
00000000
00000000
00000000
00000000
00000000
00000000
00000000
00001000
,  // measure 40
00000000
00000000
00000000
00000100
00000000
00000000
00000000
00000010
00000000
00000000
00000000
00000100
00000000
00000000
00000000
00000001
00000000
00000000
00000000
00000100
00000000
00000000
00000000
00000010
00000000
00000000
00000000
00000100
00000000
00000000
00000000
00001000
,  // measure 41
00000000
00000000
00000000
00010000
00000000
00000000
00000000
01000000
00000000
00000000
00000000
00100000
00000000
00000000
00000000
01000000
00000000
00000000
00000000
10000000
00000000
00000000
00000000
01000000
00000000
00000000
00000000
00100000
00000000
00000000
00000000
01000000
,  // measure 42
00000000
00000000
00000000
10000000
00000000
00000000
00000000
00100000
00000000
00000000
00000000
00010000
00000000
00000000
00000000
00001000
00000000
00000000
00000000
00000010
00000000
00000000
00000000
00000001
00000000
00000000
00000000
00000010
00000000
00000000
00000000
00001000
,  // measure 43
00000000
00000000
00000000
00000010
00000000
00000100
00000000
00000010
00000000
00000000
00000000
00000001
00000000
00000100
00000000
00000001
00000000
00000000
00000000
00001000
00000000
00000100
00000000
00001000
00000000
00000000
00000000
00000010
00000000
00010000
00000000
00001000
;

//---------------dance-single - ----------------
#NOTES:
     dance-single:
     :
     Beginner:
     4:
     0.085,0.090,0.010,0.000,0.282,56.000,1.000,0.000,0.000,0.000:  // measure 1
0000
0000
0000
0000
,  // measure 2
0000
0000
0000
0000
,  // measure 3
0000
0000
0000
1000
0000
0000
0000
0000
0000
0000
0000
1000
0000
0000
0000
0000
,  // measure 4
0000
0000
0000
0000
0000
0000
0000
0000
0000
0000
0000
0100
0000
0000
0000
0000
,  // measure 5
0000
0000
0000
0000
,  // measure 6
0000
0000
0000
0100
0000
0000
0000
0100
,  // measure 7
0000
0000
0000
0000
0000
0000
0000
0100
0000
0000
0000
0000
0000
0000
0000
0000
,  // measure 8
0000
0000
0000
0100
0000
0000
0000
0000
0000
0000
0000
0100
0000
0000
0000
0000
,  // measure 9
0000
0000
0000
0100
0000
0000
0000
0000
0000
0000
0000
0010
0000
0000
0000
0000
,  // measure 10
0000
0000
0000
0010
0000
0000
0000
0000
0000
0010
0000
0000
0000
0000
0000
0000
,  // measure 11
0000
0100
0000
0000
0000
0000
0000
0000
0000
0000
0000
0000
0000
0000
0000
0000
,  // measure 12
0000
0000
0000
0010
0000
0000
0000
0000
0000
0010
0000
0000
0000
0000
0000
0000
,  // measure 13
0000
0000
0000
0000
0000
0100
0000
0000
0000
0000
0000
0000
0000
0010
0000
0000
,  // measure 14
0000
0000
0000
0000
0000
0000
0000
0000
0000
0000
0000
0100
0000
0000
0000
0000
,  // measure 15
0000
0000
0000
0000
0000
0000
0000
0000
0000
1000
0000
0000
0000
0000
0000
0000
,  // measure 16
0000
0100
0000
0000
0000
0000
0000
0000
0000
0100
0000
0000
0000
0000
0000
0000
,  // measure 17
0000
0000
0000
0000
0000
0000
0000
0000
0000
0000
0000
0000
0000
1000
0000
0000
,  // measure 18
0000
0000
0000
0000
0000
1000
0000
0000
0000
0000
0000
0000
0000
0000
0000
0000
,  // measure 19
0000
0000
0000
0000
,  // measure 20
0000
0001
0000
0000
0000
0000
0000
0000
0000
0000
0000
0000
0000
0000
0000
0000
,  // measure 21
0000
0000
0000
0000
0000
0000
0000
0100
0000
0000
0000
0000
0000
0000
0000
0100
,  // measure 22
0000
0000
0000
0000
0000
0000
0000
0100
0000
0000
0000
0000
0000
0000
0000
0000
,  // measure 23
0000
0000
0000
0000
0000
0000
0000
0010
0000
0000
0000
0000
0000
0000
0000
0000
,  // measure 24
0000
0000
0000
0000
,  // measure 25
0000
0000
0000
0000
0000
0000
0000
1000
0000
0000
0000
0000
0000
0000
0000
1000
,  // measure 26
0000
0000
0000
0000
,  // measure 27
0000
0001
0000
0000
0000
0000
0000
0000
0000
0001
0000
0000
0000
0000
0000
0000
,  // measure 28
0000
0000
0000
0000
0000
0010
0000
0000
0000
0000
0000
0000
0000
0010
0000
0000
,  // measure 29
0000
0000
0000
0000
0000
0010
0000
0000
0000
0000
0000
0000
0000
0100
0000
0000
,  // measure 30
0000
0000
0000
0000
0000
0100
0000
0000
0000
0000
0000
0000
0000
0000
0000
0000
,  // measure 31
0000
0000
0000
0100
0000
0000
0000
0000
0000
0000
0000
0000
0000
0000
0000
0000
0000
0000
0000
0100
0000
0000
0000
0000
0000
0000
0000
0000
0000
0000
0000
0000
,  // measure 32
0000
0000
0000
0000
0000
0000
0000
0100
0000
0000
0000
0000
0000
0000
0000
0100
,  // measure 33
0000
0000
0000
0000
0000
0000
0000
0000
0000
0000
0000
0100
0000
0000
0000
0000
0000
0000
0000
0000
0000
0000
0000
0000
0000
0000
0000
0100
0000
0000
0000
0000
,  // measure 34
0000
0000
0000
0000
,  // measure 35
0000
0000
0000
0000
,  // measure 36
0000
0000
0000
0000
0000
0000
0000
1000
0000
0000
0000
0000
0000
0000
0000
0000
0000
0000
0000
0000
0000
0000
0000
0000
0000
0000
0000
0000
0000
0000
0000
0000
,  // measure 37
0000
0000
0000
0000
0000
0000
0000
0100
0000
0000
0000
0000
0000
0000
0000
0000
0000
0000
0000
0000
0000
0000
0000
0100
0000
0000
0000
0000
0000
0000
0000
0000
,  // measure 38
0000
0000
0000
0000
0000
0000
0000
0100
0000
0000
0000
0000
0000
0000
0000
0000
0000
0000
0000
0000
0000
0000
0000
0100
0000
0000
0000
0000
0000
0000
0000
0000
,  // measure 39
0000
0000
0000
0000
0000
0000
0000
0000
0000
0000
0000
0000
0000
0000
0000
0010
0000
0000
0000
0000
0000
0000
0000
0000
0000
0000
0000
0000
0000
0000
0000
0000
,  // measure 40
0000
0000
0000
0000
0000
0000
0000
0010
0000
0000
0000
0000
0000
0000
0000
0000
0000
0000
0000
0000
0000
0000
0000
0000
0000
0000
0000
0000
0000
0000
0000
0000
,  // measure 41
0000
0000
0000
0000
0000
0000
0000
0010
0000
0000
0000
0000
0000
0000
0000
0000
0000
0000
0000
0000
0000
0000
0000
0000
0000
0000
0000
0000
0000
0000
0000
0010
,  // measure 42
0000
0000
0000
0000
0000
0000
0000
0000
0000
0000
0000
0000
0000
0000
0000
0010
0000
0000
0000
0000
0000
0000
0000
0000
0000
0000
0000
0000
0000
0000
0000
0010
,  // measure 43
0000
0000
0000
0000
0000
0000
0000
0000
0000
0000
0000
0000
0000
0000
0000
0010
0000
0000
0000
0000
0000
0000
0000
0000
0000
0000
0000
0000
0000
0000
0000
1001
;

//---------------dance-single - ----------------
#NOTES:
     dance-single:
     :
     Easy:
     9:
     0.289,0.292,0.052,0.063,0.914,183.000,5.000,6.000,0.000,0.000:  // measure 1
0000
0000
0000
0000
,  // measure 2
0000
0000
0000
0000
,  // measure 3
0000
0000
0000
1000
0000
0000
0000
0001
0000
0000
0000
1000
0000
0000
0000
0100
,  // measure 4
0000
0000
0000
0000
0000
1001
0000
0000
0000
0000
0000
0100
0000
0100
0000
0000
,  // measure 5
0000
0002
0000
0000
0000
0000
0000
2000
0000
0000
0000
0003
0000
0200
0000
0000
,  // measure 6
0000
3000
0000
0310
0000
0000
0001
0000
0000
0000
0000
0100
0000
0000
1000
0000
,  // measure 7
0000
0000
0000
0010
0000
0000
0000
0100
0000
0000
0000
0001
0000
0000
0000
1000
,  // measure 8
0000
0000
0000
0100
0000
0000
0000
1000
0000
0000
0000
0010
0000
0100
0000
0000
,  // measure 9
0100
0000
0000
0100
0000
0001
0000
0000
0001
0000
0000
0001
0000
0010
0000
0000
,  // measure 10
0010
0000
0000
0010
0000
0001
0000
0000
0000
0100
0000
0000
0000
1000
0000
0000
,  // measure 11
0000
0100
0000
0000
0000
0010
0000
0000
0000
0001
0000
0000
0000
0010
0000
0000
,  // measure 12
0010
0000
0000
0010
0000
0000
0000
0000
0000
2002
0000
0000
0000
0000
0000
0000
,  // measure 13
0000
3003
0000
0000
0000
0100
0000
0000
0000
1000
0000
0000
0000
0010
0000
0001
,  // measure 14
0000
0000
0000
0010
0000
0000
0000
1000
0000
0100
0000
0000
0000
0000
0000
0010
,  // measure 15
0000
0000
0000
0001
0000
0000
0000
0100
0000
1000
0000
0000
0000
0001
0000
0000
,  // measure 16
0000
0100
0000
0001
0000
0000
0000
0000
0000
0100
0000
0000
0000
0010
0000
0000
,  // measure 17
0000
0001
0000
0100
0000
0000
0000
0010
0000
0000
0000
0001
0000
1000
0000
0000
,  // measure 18
0000
0000
0000
0010
0000
0000
0000
1000
0000
0000
0000
0100
0000
0001
0000
0000
,  // measure 19
0000
0010
0000
0000
0000
1000
0000
0010
0000
0000
0000
0001
0000
0010
0000
0000
,  // measure 20
0000
0001
0000
0000
0000
0100
0000
0000
0000
0010
0000
0000
0000
1000
0000
0000
,  // measure 21
0000
0001
0000
0000
0000
0010
0000
0100
0000
0000
0000
1000
0000
0000
0000
0110
,  // measure 22
0000
0000
0000
0001
0000
0000
0000
0100
0000
0000
0000
0010
0000
0000
0000
1000
,  // measure 23
0000
0000
0000
0100
0000
0000
0000
0010
0000
0000
0000
0100
0000
0000
0000
0010
,  // measure 24
0000
0001
0000
0000
0000
1000
0000
0000
0000
0010
0000
0100
0000
0000
0000
1001
,  // measure 25
0000
0000
0000
0010
0000
0000
0000
1000
0000
0000
0000
0100
0000
0000
0000
1000
,  // measure 26
0000
0000
0000
0010
0000
0000
0000
0001
0000
0000
0000
0100
0000
0000
0000
0001
,  // measure 27
0000
0000
0000
1000
0000
0000
0000
0001
0000
0100
0000
0000
0000
0010
0000
0000
,  // measure 28
0000
1000
0000
0000
0000
0010
0000
0000
0000
0001
0000
0000
0000
0010
0000
0000
,  // measure 29
0000
0100
0000
0000
0000
0010
0000
0000
0000
0001
0000
0000
0000
0100
0000
0000
,  // measure 30
0000
1000
0000
0000
0000
0100
0000
0000
0000
0001
0000
0000
0000
1000
0000
0001
,  // measure 31
0000
0000
0000
0010
0000
0000
0000
0000
0000
0000
0000
1000
0000
0000
0000
0000
0000
0000
0000
0010
0000
0000
0000
0000
0000
0000
0000
0100
0000
0000
0000
1000
,  // measure 32
0001
0100
0000
0000
0000
0010
0000
0000
0000
0000
0000
0000
0000
0001
0000
0000
0000
0000
0000
0000
0000
0100
0000
0000
0000
0000
0000
0000
0000
0010
0000
0000
,  // measure 33
0000
0100
0000
0000
0000
0000
0000
0000
0000
0010
0000
0000
0000
0000
0000
0000
0000
1000
0000
0000
0000
0000
0000
0000
0000
0001
0000
0000
0000
0000
1000
0100
,  // measure 34
0010
0000
0000
0000
0000
0100
0000
0000
0000
0000
0000
0000
0000
0010
0000
0000
0000
0000
0000
0000
0000
0001
0000
0000
0000
0000
0000
0000
0000
1000
0000
0000
,  // measure 35
0000
0010
0000
0000
0000
0000
0000
0000
0000
0100
0001
1000
0000
0000
0000
0100
0000
0000
0000
0000
0000
0100
0000
0000
0000
0000
0000
0100
0000
0000
0000
0010
,  // measure 36
0000
0000
0000
0000
0000
0000
0000
1000
0000
0000
0000
0002
0000
0000
0000
0000
0000
0000
0000
0000
0000
0000
0000
0103
0000
0000
0000
0000
0000
0000
0000
0010
,  // measure 37
0000
0000
0000
0000
0000
0000
0000
0100
0000
0000
0000
0000
0000
0000
0000
0001
0000
0000
0000
0000
0000
0000
0000
0100
0000
0000
0000
0000
0000
0000
0000
0001
,  // measure 38
0000
0000
0000
0000
0000
0000
0000
0100
0000
0000
0000
0000
0000
0000
0000
0010
0000
0000
0000
0000
0000
0000
0000
0100
0000
0000
0000
0000
0000
0000
0000
1000
,  // measure 39
0000
0000
0000
0000
0000
0000
0000
0100
0000
0000
0000
0000
0000
0000
0000
0010
0000
0000
0000
0000
0000
0000
0000
0001
0000
0000
0000
0000
0000
0000
0000
1000
,  // measure 40
0000
0000
0000
0000
0000
0000
0000
0010
0000
0000
0000
0000
0000
0000
0000
0001
0000
0000
0000
0000
0000
0000
0000
0100
0000
0000
0000
0000
0000
0000
0000
1000
,  // measure 41
0000
0000
0000
0000
0000
0000
0000
0010
0000
0000
0000
0000
0000
0000
0000
0001
0000
0000
0000
0000
0000
0000
0000
0100
0000
0000
0000
0000
0000
0000
0000
0010
,  // measure 42
0000
0000
0000
0001
0000
0000
0000
0100
0000
0000
0000
0000
0000
0000
0000
0010
0000
0000
0000
1000
0000
0000
0000
0100
0000
0000
0000
0000
0000
0000
0000
0010
,  // measure 43
0000
0000
0000
0100
0000
0000
0000
1000
0000
0000
0000
0000
0000
0000
0000
0010
0000
0000
0000
0100
0000
0000
0000
0001
0000
0000
0000
0000
0000
0000
0000
1001
;

//---------------dance-single - ----------------
#NOTES:
     dance-single:
     :
     Medium:
     9:
     0.379,0.337,0.063,0.031,1.000,245.000,6.000,3.000,0.000,0.000:  // measure 1
0000
0000
0000
0000
,  // measure 2
0000
0000
0000
0000
,  // measure 3
0000
0000
0000
1000
0000
0100
0000
0001
0000
0000
0000
1000
0000
0000
0000
0010
,  // measure 4
0000
0100
0000
0000
0000
1001
0000
0000
0000
0000
0000
1000
0000
0010
0000
0000
,  // measure 5
0000
0101
0000
0000
0000
0000
0000
1100
0000
0000
0000
0010
0000
0100
0000
0000
,  // measure 6
0000
0001
0000
0100
0000
0000
0001
0000
0000
0010
0000
0100
0000
0000
1000
0000
,  // measure 7
0000
0001
0000
0100
0000
0010
0000
0000
0000
0100
0000
0001
0000
1000
0000
0000
,  // measure 8
0000
0001
0000
0010
0000
1000
0000
0000
0000
0100
0000
0001
0000
0100
0000
0000
,  // measure 9
0010
0000
0000
1000
0000
0100
0000
0000
0010
0000
0000
0100
0000
1000
0000
0000
,  // measure 10
0001
0000
0000
0100
0000
0001
0000
0010
0000
0000
0000
0100
0000
1000
0000
0001
,  // measure 11
0000
0000
0000
0010
0000
0100
0000
0001
0000
0000
0000
1000
0000
0100
0000
0000
,  // measure 12
0001
0000
0000
0100
0000
0010
0000
2002
0000
0000
0000
0000
0000
0000
0000
0000
,  // measure 13
0000
0000
0000
0000
0000
3003
0000
0100
0000
0000
0000
0010
0000
0100
0000
0001
,  // measure 14
0000
0100
0000
0000
0000
1000
0000
0100
0000
0010
0000
0000
0000
0001
0000
0100
,  // measure 15
0000
0000
0000
0000
0000
0001
0000
0010
0000
1000
0000
0001
0000
0000
0000
0001
,  // measure 16
0000
0010
0000
0001
0000
0000
0000
1000
0000
0010
0000
0000
0000
0000
0000
0100
,  // measure 17
0000
0001
0000
0010
0000
0100
0000
0000
0000
0010
0000
0001
0000
1000
0000
0000
,  // measure 18
0000
0001
0000
0100
0000
0000
0000
0000
0000
1000
0000
0010
0000
0001
0000
0100
,  // measure 19
0000
0000
0000
0010
0000
1000
0000
0100
0000
0000
0000
0001
0000
0100
0000
0000
,  // measure 20
0000
0001
0000
0000
0000
0000
0000
0010
0000
0100
0000
0000
0000
1000
0000
0001
,  // measure 21
0000
1000
0000
0000
0000
0100
0000
0010
0000
0100
0000
1000
0000
0000
0000
0110
,  // measure 22
0000
0000
0000
0001
0000
0010
0000
0000
0000
0001
0000
0100
0000
0000
0000
1000
,  // measure 23
0000
0001
0000
0010
0000
0000
0000
0100
0000
0000
0000
0010
0000
0001
0000
0100
,  // measure 24
0000
0001
0000
1000
0000
0000
0000
0010
0000
0100
0000
0010
0000
0000
0000
0001
,  // measure 25
0000
0100
0000
0001
0000
0000
0000
1000
0000
0100
0000
0001
0000
0000
0000
1000
,  // measure 26
0000
0100
0000
0001
0000
0000
0000
1000
0000
0100
0000
0010
0000
0000
0000
0001
,  // measure 27
0000
0010
0000
1000
0000
0000
0000
0001
0000
0010
0000
0001
0000
0100
0000
0000
,  // measure 28
0000
0010
0000
0001
0000
0100
0000
0000
0000
0010
0000
1000
0000
0100
0000
0000
,  // measure 29
0000
0010
0000
1000
0000
0100
0000
0001
0000
0100
0000
0000
0000
0010
0000
0100
,  // measure 30
0000
0000
1000
0000
0000
0000
0000
0000
0000
0000
0010
0000
0000
0000
0100
0000
0000
0000
0001
0000
0000
0000
0000
0000
0000
0000
1000
0000
0000
0000
0001
0010
,  // measure 31
0000
0000
0000
0100
0000
0000
0000
0000
0000
0000
0000
1000
0000
0000
0000
0001
0000
0000
0000
0100
0000
0000
0000
0000
0000
0000
0000
0010
0000
0000
0000
1000
,  // measure 32
0001
0010
0100
0000
0000
0000
0010
0000
0000
0000
0000
0000
0000
0000
0100
0000
0000
0000
1000
0000
0000
0000
0010
0000
0000
0000
0000
0000
0000
0000
0100
0000
,  // measure 33
0000
0000
0010
0000
0000
0000
0000
0000
0000
0000
0100
0000
0000
0000
0001
0000
0000
0000
1000
0000
0000
0000
0000
0000
0000
0000
0100
0000
0000
0000
1000
0010
,  // measure 34
0100
0001
0000
0000
0000
0010
0000
0000
0000
0000
0000
0000
0000
0100
0000
0000
0000
0001
0000
0000
0000
0100
0000
0000
0000
0000
0000
0000
0000
1000
0000
0000
,  // measure 35
0000
0010
0000
0000
0000
1000
0000
0000
0000
0001
0100
1000
0000
0000
0000
0000
0000
0010
0000
0000
0000
0000
0000
0100
0000
0000
0000
0000
0000
0001
0000
0000
,  // measure 36
0000
0010
0000
0000
0000
0000
0000
1000
0000
0000
0000
0002
0000
0000
0000
0000
0000
0000
0000
0000
0000
0000
0000
0013
0000
0000
0000
1000
0000
0000
0000
0100
,  // measure 37
0000
0000
0000
0000
0000
0010
0000
0000
0000
0000
0000
0100
0000
0000
0000
0001
0000
0000
0000
1000
0000
0000
0000
0010
0000
0000
0000
0000
0000
0100
0000
0000
,  // measure 38
0000
0000
0000
0001
0000
0000
0000
0100
0000
0000
0000
1000
0000
0000
0000
0100
0000
0000
0000
0000
0000
0010
0000
0000
0000
0000
0000
0001
0000
0000
0000
1000
,  // measure 39
0000
0000
0000
0001
0000
0000
0000
0010
0000
0000
0000
0000
0000
0100
0000
0000
0000
0000
0000
0010
0000
0000
0000
0001
0000
0000
0000
0000
0000
0000
0000
1000
,  // measure 40
0000
0000
0000
0100
0000
0000
0000
0001
0000
0000
0000
0000
0000
0000
0000
1000
0000
0000
0000
0100
0000
0000
0000
0001
0000
0000
0000
0000
0000
0000
0000
1000
,  // measure 41
0000
0000
0000
0010
0000
0000
0000
0001
0000
0000
0000
0000
0000
0000
0000
1000
0000
0000
0000
0010
0000
0000
0000
0001
0000
0000
0000
0000
0000
0000
0000
0100
,  // measure 42
0000
0000
0000
0001
0000
0000
0000
0010
0000
0000
0000
0001
0000
0000
0000
0100
0000
0000
0000
0001
0000
0000
0000
0010
0000
0000
0000
0001
0000
0000
0000
0100
,  // measure 43
0000
0000
0000
0010
0000
0000
0000
1000
0000
0000
0000
0100
0000
0000
0000
0010
0000
0000
0000
0001
0000
0000
0000
0100
0000
0000
0000
0010
0000
0000
0000
1001
;

//---------------dance-double - ----------------
#NOTES:
     dance-double:
     :
     Easy:
     9:
     0.269,0.269,0.031,0.031,0.867,174.000,3.000,3.000,0.000,0.000:  // measure 1
00000000
00000000
00000000
00000000
,  // measure 2
00000000
00000000
00000000
00000000
,  // measure 3
00000000
00000000
00000000
00100000
00000000
00000000
00000000
10000000
00000000
00000000
00000000
00010000
00000000
00000000
00000000
01000000
,  // measure 4
00000000
00000000
00000000
00000000
00000000
10000000
00000000
00000000
00000000
00000000
00000000
01000000
00000000
01000000
00000000
00000000
,  // measure 5
00000000
00010000
00000000
00000000
00000000
00000000
00000000
00001000
00000000
00000000
00000000
00000000
00000000
00000100
00000000
00000000
,  // measure 6
00000000
00000000
00000000
00000001
00000000
00000000
00000001
00000000
00000000
00000001
00000000
00001000
00000000
00000000
00001000
00000000
,  // measure 7
00000000
00001000
00000000
00000010
00000000
00000000
00000000
00000100
00000000
00000000
00000000
00000001
00000000
00000000
00000000
00001000
,  // measure 8
00000000
00000000
00000000
00000100
00000000
00000000
00000000
00001000
00000000
00000000
00000000
00000001
00000000
00000100
00000000
00000000
,  // measure 9
00000100
00000000
00000000
00000000
00000000
00001000
00000000
00000000
00001000
00000000
00000000
00000000
00000000
00010000
00000000
00000000
,  // measure 10
00010000
00000000
00000000
00000000
00000000
00100000
00000000
00000000
00000000
01000000
00000000
00000000
00000000
10000000
00000000
00000000
,  // measure 11
00000000
01000000
00000000
00000000
00000000
00100000
00000000
00000000
00000000
00010000
00000000
00000000
00000000
00001000
00000000
00000000
,  // measure 12
00001000
00000000
00000000
00001000
00000000
00000000
00000000
00000000
00000000
00022000
00000000
00000000
00000000
00000000
00000000
00000000
,  // measure 13
00000000
00033000
00000000
00000000
00000000
00000100
00000000
00000000
00000000
00001000
00000000
00000000
00000000
00000010
00000000
00000010
,  // measure 14
00000000
00000000
00000000
00000001
00000000
00000000
00000000
00001000
00000000
00001000
00000000
00000000
00000000
00000000
00000000
00000010
,  // measure 15
00000000
00000000
00000000
00000001
00000000
00000000
00000000
00000100
00000000
00000100
00000000
00000000
00000000
00001000
00000000
00000000
,  // measure 16
00000000
00010000
00000000
00010000
00000000
00000000
00000000
00000000
00000000
01000000
00000000
00000000
00000000
00100000
00000000
00000000
,  // measure 17
00000000
00010000
00000000
00010000
00000000
00000000
00000000
10000000
00000000
00000000
00000000
00100000
00000000
00100000
00000000
00000000
,  // measure 18
00000000
00000000
00000000
01000000
00000000
00000000
00000000
10000000
00000000
00000000
00000000
01000000
00000000
01000000
00000000
00000000
,  // measure 19
00000000
00100000
00000000
00000000
00000000
10000000
00000000
10000000
00000000
00000000
00000000
00000000
00000000
00000000
00000000
00100000
,  // measure 20
00000000
00000000
00000000
00010000
00000000
00000000
00000000
00000000
00000000
00001000
00000000
00000000
00000000
00010000
00000000
00000000
,  // measure 21
00000000
00000000
00000000
01000000
00000000
00000000
00000000
00100000
00000000
00000000
00000000
00010000
00000000
00000000
00000000
10000000
,  // measure 22
00000000
00000000
00000000
00000000
00000000
00000000
00000000
01000000
00000000
00000000
00000000
00100000
00000000
00000000
00000000
10000000
,  // measure 23
00000000
00000000
00000000
01000000
00000000
00000000
00000000
00010000
00000000
00000000
00000000
00001000
00000000
00000000
00000000
00000010
,  // measure 24
00000000
00000000
00000000
00000001
00000000
00000000
00000000
00000100
00000000
00000000
00000000
00000010
00000000
00000000
00000000
00001001
,  // measure 25
00000000
00000000
00000000
00000100
00000000
00000000
00000000
00001000
00000000
00000000
00000000
00010000
00000000
00000000
00000000
00100000
,  // measure 26
00000000
00000000
00000000
00010000
00000000
00000000
00000000
00001000
00000000
00000000
00000000
00000010
00000000
00000000
00000000
00001000
,  // measure 27
00000000
00000000
00000000
00010000
00000000
00000000
00000000
01000000
00000000
01000000
00000000
00000000
00000000
10000000
00000000
00000000
,  // measure 28
00000000
00100000
00000000
00000000
00000000
00010000
00000000
00000000
00000000
00001000
00000000
00000000
00000000
00000100
00000000
00000000
,  // measure 29
00000000
00000001
00000000
00000000
00000000
00000010
00000000
00000000
00000000
00000100
00000000
00000000
00000000
00001000
00000000
00000000
,  // measure 30
00000000
00000010
00000000
00000000
00000000
00001000
00000000
00000000
00000000
00000001
00000000
00000000
00000000
00000100
00000000
00001000
,  // measure 31
00000000
00000000
00000000
00010000
00000000
00000000
00000000
00000000
00000000
00000000
00000000
00000010
00000000
00000000
00000000
00000000
00000000
00000000
00000000
00010000
00000000
00000000
00000000
00000000
00000000
00000000
00000000
00000100
00000000
00000000
00000000
00001000
,  // measure 32
00010000
00001000
00000000
00000000
00000000
00000000
00100000
00000000
00000000
00000000
00000000
00000000
00000000
00000000
00010000
00000000
00000000
00000000
00000000
00000000
00000000
00000000
01000000
00000000
00000000
00000000
00000000
00000000
00000000
00000000
00100000
00000000
,  // measure 33
00000000
00000000
01000000
00000000
00000000
00000000
00000000
00000000
00000000
00000000
00100000
00000000
00000000
00000000
00000000
00000000
00000000
00000000
10000000
00000000
00000000
00000000
00000000
00000000
00000000
00000000
00010000
00000000
00000000
00000000
10000000
01000000
,  // measure 34
10000000
00000000
00000000
00000000
00000000
00100000
00000000
00000000
00000000
00000000
00000000
00000000
00000000
00010000
00000000
00000000
00000000
00000000
00000000
00000000
00000000
00001000
00000000
00000000
00000000
00000000
00000000
00000000
00000000
00000010
00000000
00000000
,  // measure 35
00000000
00000000
00000000
00000000
00000000
00000000
00000000
00000000
00000000
00000001
00001000
00000001
00000000
00000000
00000000
00000100
00000000
00000000
00000000
00000000
00000000
00000100
00000000
00000000
00000000
00000000
00000000
00000100
00000000
00000000
00000000
00000010
,  // measure 36
00000000
00000000
00000000
00000000
00000000
00000000
00000000
00001000
00000000
00000000
00000000
00000200
00000000
00000000
00000000
00000000
00000000
00000000
00000000
00000000
00000000
00000000
00000000
00000310
00000000
00000000
00000000
00000000
00000000
00000000
00000000
00000001
,  // measure 37
00000000
00000000
00000000
00000000
00000000
00000000
00000000
00000100
00000000
00000000
00000000
00000000
00000000
00000000
00000000
00001000
00000000
00000000
00000000
00000000
00000000
00000000
00000000
00010000
00000000
00000000
00000000
00000000
00000000
00000000
00000000
00100000
,  // measure 38
00000000
00000000
00000000
00000000
00000000
00000000
00000000
01000000
00000000
00000000
00000000
00000000
00000000
00000000
00000000
00010000
00000000
00000000
00000000
00000000
00000000
00000000
00000000
01000000
00000000
00000000
00000000
00000000
00000000
00000000
00000000
10000000
,  // measure 39
00000000
00000000
00000000
00000000
00000000
00000000
00000000
01000000
00000000
00000000
00000000
00000000
00000000
00000000
00000000
00100000
00000000
00000000
00000000
00000000
00000000
00000000
00000000
00010000
00000000
00000000
00000000
00000000
00000000
00000000
00000000
00001000
,  // measure 40
00000000
00000000
00000000
00000000
00000000
00000000
00000000
00100000
00000000
00000000
00000000
00000000
00000000
00000000
00000000
00001000
00000000
00000000
00000000
00000000
00000000
00000000
00000000
01000000
00000000
00000000
00000000
00000000
00000000
00000000
00000000
00010000
,  // measure 41
00000000
00000000
00000000
00000000
00000000
00000000
00000000
00000010
00000000
00000000
00000000
00000000
00000000
00000000
00000000
00010000
00000000
00000000
00000000
00000000
00000000
00000000
00000000
00001000
00000000
00000000
00000000
00000000
00000000
00000000
00000000
00000100
,  // measure 42
00000000
00000000
00000000
00000000
00000000
00000000
00000000
00000010
00000000
00000000
00000000
00000000
00000000
00000000
00000000
00000100
00000000
00000000
00000000
00000000
00000000
00000000
00000000
00001000
00000000
00000000
00000000
00000000
00000000
00000000
00000000
00000010
,  // measure 43
00000000
00000000
00000000
00000010
00000000
00000000
00000000
00000010
00000000
00000000
00000000
00000000
00000000
00000000
00000000
00000100
00000000
00000000
00000000
00000100
00000000
00000000
00000000
00000100
00000000
00000000
00000000
00000000
00000000
00000000
00000000
00001001
;

//---------------dance-double - ----------------
#NOTES:
     dance-double:
     :
     Medium:
     9:
     0.376,0.314,0.073,0.031,1.000,242.000,7.000,3.000,0.000,0.000:  // measure 1
00000000
00000000
00000000
00000000
,  // measure 2
00000000
00000000
00000000
00000000
,  // measure 3
00000000
00000000
00000000
00000010
00000000
00000100
00000000
00001000
00000000
00000000
00000000
00000001
00000000
00000000
00000000
00000010
,  // measure 4
00000000
00000100
00000000
00000000
00000000
00001001
00000000
00000000
00000000
00000000
00000000
00000010
00000000
00001000
00000000
00000000
,  // measure 5
00000000
00001001
00000000
00000000
00000000
00000000
00000000
00011000
00000000
00000000
00000000
00000000
00000000
10010000
00000000
00000000
,  // measure 6
00000000
00000000
00000000
01000000
00000000
00000000
10000000
00000000
00000000
00100000
00000000
01000000
00000000
00000000
00010000
00000000
,  // measure 7
00000000
00100000
00000000
01000000
00000000
00100000
00000000
00000000
00000000
01000000
00000000
10000000
00000000
00010000
00000000
00000000
,  // measure 8
00000000
10000000
00000000
00100000
00000000
00010000
00000000
00000000
00000000
00001000
00000000
00010000
00000000
00000100
00000000
00000000
,  // measure 9
00001000
00000000
00000000
00000010
00000000
00000100
00000000
00000000
00000010
00000000
00000000
00001000
00000000
00000100
00000000
00000000
,  // measure 10
00000001
00000000
00000000
00000100
00000000
00001000
00000000
00000010
00000000
00000000
00000000
00000100
00000000
00000001
00000000
00001000
,  // measure 11
00000000
00000000
00000000
00000010
00000000
00000100
00000000
00001000
00000000
00000000
00000000
00000001
00000000
00000100
00000000
00000000
,  // measure 12
00001000
00000000
00000000
00010000
00000000
00001000
00000000
00022000
00000000
00000000
00000000
00000000
00000000
00000000
00000000
00000000
,  // measure 13
00000000
00030000
00000000
00000000
00000000
00013000
00000000
00010000
00000000
00000000
00000000
00100000
00000000
10000000
00000000
01000000
,  // measure 14
00000000
10000000
00000000
00000000
00000000
00010000
00000000
01000000
00000000
00100000
00000000
00000000
00000000
00000000
00000000
01000000
,  // measure 15
00000000
01000000
00000000
00000000
00000000
10000000
00000000
00100000
00000000
00010000
00000000
00001000
00000000
00000000
00000000
00010000
,  // measure 16
00000000
01000000
00000000
00100000
00000000
00000000
00000000
00000000
00000000
01000000
00000000
01000000
00000000
00000000
00000000
00010000
,  // measure 17
00000000
00001000
00000000
00010000
00000000
00000010
00000000
00000000
00000000
00001000
00000000
00000100
00000000
00000001
00000000
00000000
,  // measure 18
00000000
00000000
00000000
00001000
00000000
00001000
00000000
00000000
00000000
00000001
00000000
00001000
00000000
00000010
00000000
00000100
,  // measure 19
00000000
00000000
00000000
00000001
00000000
00000010
00000000
00000100
00000000
00000000
00000000
00000001
00000000
00000100
00000000
00000000
,  // measure 20
00000000
00001000
00000000
00000000
00000000
00000001
00000000
00000010
00000000
00000100
00000000
00000000
00000000
00000001
00000000
00000100
,  // measure 21
00000000
00001000
00000000
00000000
00000000
00010000
00000000
00001000
00000000
00000000
00000000
00110000
00000000
00000000
00000000
11000000
,  // measure 22
00000000
00000000
00000000
10000000
00000000
00000000
00000000
00100000
00000000
10000000
00000000
00000000
00000000
01000000
00000000
00010000
,  // measure 23
00000000
10000000
00000000
00100000
00000000
00000000
00000000
10000000
00000000
00000000
00000000
01000000
00000000
00000000
00000000
00010000
,  // measure 24
00000000
00001000
00000000
00000010
00000000
00000000
00000000
00000001
00000000
00000100
00000000
00000010
00000000
00000000
00000000
00001000
,  // measure 25
00000000
00000100
00000000
00001000
00000000
00000000
00000000
00000001
00000000
00000100
00000000
00001000
00000000
00000000
00000000
00000100
,  // measure 26
00000000
00000001
00000000
00000010
00000000
00000000
00000000
00000001
00000000
00001000
00000000
00000010
00000000
00000000
00000000
00010000
,  // measure 27
00000000
00001000
00000000
01000000
00000000
00000000
00000000
00100000
00000000
01000000
00000000
10000000
00000000
00010000
00000000
00000000
,  // measure 28
00000000
00100000
00000000
10000000
00000000
01000000
00000000
00000000
00000000
00100000
00000000
00010000
00000000
01000000
00000000
00000000
,  // measure 29
00000000
00100000
00000000
00010000
00000000
01000000
00000000
10000000
00000000
01000000
00000000
00000000
00000000
00010000
00000000
00100000
,  // measure 30
00000000
00000000
01000000
00000000
00000000
00000000
00000000
00000000
00000000
00000000
10000000
00000000
00000000
00000000
01000000
00000000
00000000
00000000
00010000
00000000
00000000
00000000
00000000
00000000
00000000
00000000
00001000
00000000
00000000
00000000
00010000
00001000
,  // measure 31
00000000
00000000
00000000
00000100
00000000
00000000
00000000
00000000
00000000
00000000
00000000
00000001
00000000
00000000
00000000
00001000
00000000
00000000
00000000
00000100
00000000
00000000
00000000
00000000
00000000
00000000
00000000
00000010
00000000
00000000
00000000
00000001
,  // measure 32
00001000
00000010
00000100
00000000
00000000
00000000
00000010
00000000
00000000
00000000
00000000
00000000
00000000
00000000
00000100
00000000
00000000
00000000
00000001
00000000
00000000
00000000
00000010
00000000
00000000
00000000
00000000
00000000
00000000
00000000
00000100
00000000
,  // measure 33
00000000
00000000
00000010
00000000
00000000
00000000
00000000
00000000
00000000
00000000
00000100
00000000
00000000
00000000
00001000
00000000
00000000
00000000
00000001
00000000
00000000
00000000
00000000
00000000
00000000
00000000
00000100
00000000
00000000
00000000
00001000
00010000
,  // measure 34
01000000
10000000
00000000
00000000
00000000
00100000
00000000
00000000
00000000
00000000
00000000
00000000
00000000
01000000
00000000
00000000
00000000
10000000
00000000
00000000
00000000
01000000
00000000
00000000
00000000
00000000
00000000
00000000
00000000
00010000
00000000
00000000
,  // measure 35
00000000
00100000
00000000
00000000
00000000
00000000
00000000
00000000
00000000
10000000
01000000
00010000
00000000
00000000
00000000
01000000
00000000
00000000
00000000
00000000
00000000
00100000
00000000
00000000
00000000
00000000
00000000
00010000
00000000
00000000
00000000
01000000
,  // measure 36
00000000
00000000
00000000
00000000
00000000
00000000
00000000
00010000
00000000
00000000
00000000
20000000
00000000
00000000
00000000
00000000
00000000
00000000
00000000
00000000
00000000
00000000
00000000
31000000
00000000
00000000
00000000
00010000
00000000
00000000
00000000
00001000
,  // measure 37
00000000
00000000
00000000
00000000
00000000
00000010
00000000
00000000
00000000
00000000
00000000
00000100
00000000
00000000
00000000
00001000
00000000
00000000
00000000
00000010
00000000
00000000
00000000
00001000
00000000
00000000
00000000
00000000
00000000
00000100
00000000
00000000
,  // measure 38
00000000
00000000
00000000
00000010
00000000
00000000
00000000
00000100
00000000
00000000
00000000
00000001
00000000
00000000
00000000
00000100
00000000
00000000
00000000
00000000
00000000
00000010
00000000
00000000
00000000
00000000
00000000
00000001
00000000
00000000
00000000
00000100
,  // measure 39
00000000
00000000
00000000
00001000
00000000
00000000
00000000
00010000
00000000
00000000
00000000
00000000
00000000
01000000
00000000
00000000
00000000
00000000
00000000
10000000
00000000
00000000
00000000
00010000
00000000
00000000
00000000
00000000
00000000
00000000
00000000
00100000
,  // measure 40
00000000
00000000
00000000
00010000
00000000
00000000
00000000
00100000
00000000
00000000
00000000
00000000
00000000
00000000
00000000
01000000
00000000
00000000
00000000
10000000
00000000
00000000
00000000
01000000
00000000
00000000
00000000
00000000
00000000
00000000
00000000
10000000
,  // measure 41
00000000
00000000
00000000
00100000
00000000
00000000
00000000
10000000
00000000
00000000
00000000
00000000
00000000
00000000
00000000
00010000
00000000
00000000
00000000
01000000
00000000
00000000
00000000
00010000
00000000
00000000
00000000
00000000
00000000
00000000
00000000
00100000
,  // measure 42
00000000
00000000
00000000
00001000
00000000
00000000
00000000
01000000
00000000
00000000
00000000
00010000
00000000
00000000
00000000
00100000
00000000
00000000
00000000
00001000
00000000
00000000
00000000
01000000
00000000
00000000
00000000
00001000
00000000
00000000
00000000
00010000
,  // measure 43
00000000
00000000
00000000
00000010
00000000
00000000
00000000
00001000
00000000
00000000
00000000
00000100
00000000
00000000
00000000
00010000
00000000
00000000
00000000
00000010
00000000
00000000
00000000
00001000
00000000
00000000
00000000
00000100
00000000
00000000
00000000
00000010
;

//---------------dance-double - ----------------
#NOTES:
     dance-double:
     :
     Challenge:
     10:
     0.582,0.494,0.230,0.084,1.000,360.000,22.000,8.000,0.000,0.000:  // measure 1
00000000
00000000
00000000
00000000
,  // measure 2
00000000
00000000
00000000
00000000
,  // measure 3
00000000
00000000
00000000
00000001
00000000
00000010
00000000
00000100
00000000
00000000
00001000
00000001
00000000
00001000
00000000
00000100
,  // measure 4
00000010
00000000
00000010
00000100
00000000
00001000
00000000
00000000
00000000
00000010
00000000
00001000
00000001
00000100
00000000
00000000
,  // measure 5
00000000
00001001
00000000
00000000
00000000
00000010
00000000
00000001
00000000
00000100
00000000
00001000
00000000
00010000
00000000
01000000
,  // measure 6
00100000
01000000
00100000
00010000
10000000
00000000
01100000
00000000
00000000
10000000
00100000
10000000
00100000
00000000
01010000
00000000
,  // measure 7
00000000
11000000
00000000
00100000
00000000
00010000
00000000
01000000
00100000
00000000
00100000
10000000
00000000
01000000
00000000
00010000
,  // measure 8
00001000
00010000
00001000
00010000
00000000
00000010
00000000
00001000
00000000
00000001
00000000
00000010
00000000
00000100
00000000
00000000
,  // measure 9
00001100
00000000
00000000
00000101
00000000
00000010
00000000
00000000
00001001
00000000
00000000
00000010
00000100
00000010
00000000
00000000
,  // measure 10
00000101
00000000
00000000
00000010
00010000
00000010
00000000
00001000
00000000
00000100
00000000
00000010
00000001
00000010
00000000
00001000
,  // measure 11
00000000
00010000
00001000
00010000
00001000
00010000
00000000
01000000
00000000
10000000
00000000
00100000
00000000
01000000
00000000
00000000
,  // measure 12
10000000
00000000
00000000
01000000
00010000
01000000
00000000
00000000
00000000
20020000
00000000
00000000
00000000
00000000
00000000
00000000
,  // measure 13
00000000
00030000
00000000
00000000
00000000
31000000
00000000
00100000
00000000
00010000
10000000
01000000
00000000
00010000
00000000
00001000
,  // measure 14
00000000
00010000
00000000
00000010
00000000
00000100
00000010
00001000
00000000
00000200
00000000
00000000
00000000
00000310
00000000
00000100
,  // measure 15
00000000
00001000
00000000
00000010
00000100
00000010
00000000
00000100
00000000
00000001
00000000
00000100
00000000
00000010
00000000
00010000
,  // measure 16
00001000
00010000
00000000
00000200
00000000
00000000
00000000
00001300
00000000
00000001
00000000
00000100
00000010
00000100
00000000
00001000
,  // measure 17
00000000
00010000
00000000
00100000
00000000
10000000
00000000
00010000
00000000
00100000
01000000
00100000
00000000
00020000
00000000
00000000
,  // measure 18
00000000
10030000
00000000
01000000
00000000
00100000
00010000
00100000
00000000
01000000
00000000
10000000
00000000
00100000
00000000
00010000
,  // measure 19
00000000
00001000
00000000
00010000
01000000
00010000
00000000
00001000
00000000
00000010
00000001
00000010
00000000
00000100
00000000
00010000
,  // measure 20
00000000
00000010
00000000
00001000
00000000
00000100
00000000
00010000
00000000
00000010
00000000
00001000
00000001
00000000
00000001
00000100
,  // measure 21
00000000
00000010
00000000
00000100
00000000
00000001
00000000
00000010
00000000
00000100
00000000
00000010
00000001
00000010
00000001
00000020
,  // measure 22
00000000
00000000
00000000
00000031
00001000
00000001
00001000
00000001
00000000
00000100
00000000
00001000
00000000
00010000
00000000
00100000
,  // measure 23
00000000
10000000
00000000
01000000
00000000
00100000
00000000
01000000
00000000
10000000
00000000
00100000
00000000
01000000
00100000
01000000
,  // measure 24
00000000
00010000
00000000
00100000
00000000
00001000
00000000
01000000
00000000
00010000
00000000
00100000
00000000
01000000
00000000
10000000
,  // measure 25
00000000
01000000
00000000
00100000
00000000
00001000
00000000
01000000
00000000
00010000
00000000
00100000
00000000
00001000
00000000
00010000
,  // measure 26
00000000
00100000
00000000
00010000
00000000
00001000
00000000
00000010
00000000
00000001
00000000
00000100
00000000
00001000
00000000
00000001
,  // measure 27
00000000
00000010
00000000
00001000
00000000
00000100
00000000
00010000
00000000
00000100
00000000
00001000
00000000
00000010
00000000
00010000
,  // measure 28
00000000
00001000
00000000
00100000
00000000
01000000
00000000
10000000
00000000
00100000
00000000
00010000
00000000
00001000
00000000
00000100
,  // measure 29
00000000
00001000
00000000
00010000
00000000
01000000
00000000
00100000
00000000
00001000
00000000
00010000
00000000
00100000
00000000
10000000
,  // measure 30
00000000
00000000
00010000
00000000
00000000
00000000
00100000
00000000
00000000
00000000
01000000
00000000
00000000
00000000
00010000
00000000
00000000
00000000
00001000
00000000
00000000
00000000
00000010
00000000
00000000
00000000
00000001
00000000
00000000
00000000
00001001
00000110
,  // measure 31
00000000
00000000
00000000
00000010
00000000
00000000
00000000
00001000
00000000
00000000
00000000
00000001
00000000
00000000
00000000
00001000
00000000
00000000
00000000
00000010
00000000
00000000
00000000
00000100
00000000
00000000
00000000
00000010
00000000
00000000
00000000
00000101
,  // measure 32
00001010
00001100
00000011
00000000
00000000
00000000
00000100
00000000
00000000
00000000
00001000
00000000
00000000
00000000
00000010
00000000
00000000
00000000
00000100
00000000
00000000
00000000
00000001
00000000
00000000
00000000
00000010
00000000
00000000
00000000
00000100
00000000
,  // measure 33
00000000
00000000
00000010
00000000
00000000
00000000
00000001
00000000
00000000
00000000
00000100
00000000
00000000
00000000
00001000
00000000
00000000
00000000
00010000
00000000
00000000
00000000
01000000
00000000
00000000
00000000
00100000
00000000
00000000
00000000
10010000
11000000
,  // measure 34
01100000
01010000
00000000
00000000
00000000
10000000
00000000
00000000
00000000
00010000
00000000
00000000
00000000
01000000
00000000
00000000
00000000
10000000
00000000
00000000
00000000
01000000
00000000
00000000
00000000
00010000
00000000
00000000
00000000
00100000
00000000
00000000
,  // measure 35
00000000
01000000
00000000
00000000
00000000
00100000
00000000
00000000
00000000
11000000
10010000
10100000
00000000
00000000
00000000
10000000
00000000
00000000
00000000
00000000
00000000
01000000
00000000
00000000
00000000
00010000
00000000
00001000
00000000
00010000
00000000
00000100
,  // measure 36
00000000
00000000
00000000
00000000
00000000
00000000
00000000
00001000
00000000
00000010
00000000
00002000
00000000
00000000
00000000
00000000
00000000
00000000
00000000
00000000
00000000
00000000
00000000
00003010
00000000
00000000
00000000
00001000
00000000
00000000
00000000
00000010
,  // measure 37
00000000
00000100
00000000
00000000
00000000
00000100
00000000
00000001
00000000
00000000
00000000
00000010
00000000
00000000
00000000
00000001
00000000
00000000
00000000
00000100
00000000
00000000
00000000
00001000
00000000
00010000
00000000
00000000
00000000
00010000
00000000
00001000
,  // measure 38
00000000
00000000
00000000
00000010
00000000
00000000
00000000
00000100
00000000
00000000
00000000
00001000
00000000
00000000
00000000
00000010
00000000
00000100
00000000
00000000
00000000
00000100
00000000
00000001
00000000
00000000
00000000
00001000
00000000
00000000
00000000
00000100
,  // measure 39
00000000
00000000
00000000
00000001
00000000
00000000
00000000
00000100
00000000
00000010
00000000
00000000
00000000
00000010
00000000
00000001
00000000
00000000
00000000
00000100
00000000
00000000
00000000
00002000
00000000
00000000
00000000
00000000
00000000
00000000
00000000
00013000
,  // measure 40
00000000
00000000
00000000
01000000
00000000
00000000
00000000
00100000
00000000
00000000
00000000
01000000
00000000
00000000
00000000
10000000
00000000
00000000
00000000
01000000
00000000
00000000
00000000
00100000
00000000
00000000
00000000
01000000
00000000
00000000
00000000
00010000
,  // measure 41
00000000
00000000
00000000
00001000
00000000
00000000
00000000
00000100
00000000
00000000
00000000
00000010
00000000
00000000
00000000
00000100
00000000
00000000
00000000
00000001
00000000
00000000
00000000
00000100
00000000
00000000
00000000
00000010
00000000
00000000
00000000
00000100
,  // measure 42
00000000
00000000
00000000
00000001
00000000
00000010
00000000
00000001
00000000
00000000
00000000
00001000
00000000
00000001
00000000
00001000
00000000
00000000
00000000
00000010
00000000
00010000
00000000
00000010
00000000
00000000
00000000
00010000
00000000
00001000
00000000
00010000
,  // measure 43
00000000
01000000
00000000
00010000
00000000
01000000
00000000
00100000
00000000
01000000
00000000
00100000
00000000
01000000
00000000
10000000
00000000
00100000
00000000
10000000
00000000
00100000
00000000
00010000
00000000
00001000
00000000
00010000
00000000
00001000
00000000
00010000
;
