#TITLE:Beat It;
#SUBTITLE:;
#ARTIST:Flip & Fill;
#TITLETRANSLIT:;
#SUBTITLETRANSLIT:;
#ARTISTTRANSLIT:;
#CREDIT:;
#BANNER:beatit.png;
#BACKGROUND:beatitbg.png;
#LYRICSPATH:;
#CDTITLE:sporktitle.png;
#MUSIC:Beat It.mp3;
#OFFSET:-1.043;
#SAMPLESTART:48.950;
#SAMPLELENGTH:13.760;
#SELECTABLE:YES;
#BPMS:0.000=140.042;
#STOPS:;
#BGCHANGES:;
// cache tags:
#FIRSTBEAT:16.000;
#LASTBEAT:277.000;
#SONGFILENAME:Songs/Pop/Beat It/Beat It.sm;
#HASMUSIC:1;
#HASBANNER:1;
#MUSICLENGTH:119.980;
// end cache tags

//---------------dance-single - ----------------
#NOTES:
     dance-single:
     :
     Challenge:
     9:
     0.589,0.664,0.242,0.033,0.392,462.000,29.000,4.000,0.000,0.000:
0000
0000
0000
0000
,
0000
0000
0000
0000
,
0000
0000
0000
0000
,
0000
0000
0000
0000
,
1000
0001
0010
0000
0001
0000
1100
0000
,
0010
0100
0001
0000
0010
0000
1001
0000
,
0010
0100
1000
0000
0001
0000
0110
0000
,
0100
0010
1010
0011
,
0010
0000
0001
0100
0000
0000
0010
0000
0100
0000
0001
0010
0000
0000
0100
0000
,
1000
0000
0010
0100
0000
0000
0010
0000
1000
0001
1000
0001
0000
0000
0010
0000
,
0001
0000
0100
0010
0000
0000
1000
0000
0100
0000
1000
0001
0000
0000
0010
0000
,
0001
0000
0100
0010
0000
0000
1000
0000
0001
0010
0001
0010
0000
0000
0001
0000
,
0100
0000
0010
1000
0000
1000
0001
0000
0010
0001
0100
0001
0000
0001
1000
0000
,
0010
0000
0100
0010
0000
0010
1000
0000
0001
0010
0001
0010
0000
0010
0100
0000
,
0010
0000
0001
1000
0000
1000
0010
0000
0100
0010
0100
0010
0000
0010
1000
0000
,
1001
0000
0011
0000
0110
0000
0010
0001
,
2000
0000
0010
0000
,
3020
0000
0001
0100
,
1030
0000
0001
0010
0000
0100
0010
0001
,
0100
0000
0100
0010
0000
1000
0001
0100
,
0100
0000
0001
0010
0000
0001
0100
0010
,
1000
0000
0001
0010
0000
0100
0010
0001
,
0001
0000
0000
0001
0010
0000
0001
0000
0100
0000
0010
0000
1000
0000
0100
0000
,
0100
0000
0000
1000
0010
0000
0100
0000
0001
0000
1000
0000
0100
0000
0010
0000
,
0010
0000
0000
0001
0100
0000
0010
0000
1000
0000
0100
0000
1000
0000
0010
0000
,
1010
0000
1100
0000
0101
0000
0110
0001
,
1000
0000
0100
0000
1000
0000
0000
0010
0000
0010
0100
0000
0001
0000
0010
0000
,
0100
0000
1000
0000
0100
0000
0000
0010
0000
0010
0001
0000
1000
0010
1000
0010
,
1000
0000
0001
0000
0100
0000
0000
0010
0000
0010
1000
0000
0001
0000
0010
0000
,
0100
0000
1000
0000
0010
0000
0000
0100
0000
0100
0001
0000
0010
0000
0001
0000
,
0001
0000
1000
0000
0100
0000
0000
0010
0000
0010
0100
0000
1000
0000
0010
0000
,
0100
0000
0001
0000
0100
0000
0000
0010
0000
0010
0100
0000
0001
0000
1000
0000
,
0100
0000
1000
0000
0001
0000
0010
0001
0000
0001
0100
0000
0010
0000
1000
0000
,
0100
0000
0010
0000
0001
0000
0100
0010
0000
0010
0100
0000
0001
0000
1000
0000
,
0100
0000
0010
0000
0001
0000
1000
0100
0000
0100
0001
0000
0100
0000
0010
0000
,
0001
0000
0100
0000
0010
0000
0000
1000
0000
1000
0010
0000
0100
0000
0001
0000
,
0010
0001
0100
0010
1000
0000
0010
0100
,
0001
0000
0000
0000
1000
0000
0000
0001
0000
0000
0100
0000
0010
0000
1000
0000
,
0100
0010
0001
0000
1000
0000
0010
0000
,
1001
0000
0000
0000
0101
0000
0000
0010
0000
0010
1000
0000
0001
0000
0010
0000
,
0001
0100
0010
1000
0100
0000
0010
0100
,
0000
1000
0010
0100
0001
0010
0100
0000
,
1000
0000
0000
0000
0001
0000
0000
0100
0000
0000
0010
0000
0000
1000
0000
0000
,
0100
0000
0000
0000
0110
0000
0000
0001
0000
0001
1000
0000
0010
0000
0100
0000
,
0001
0000
1000
0100
0000
0000
1000
0010
,
0100
0000
0001
0000
1000
0010
0100
0001
,
1000
0000
0000
0000
1000
0000
0000
0001
0000
0000
0010
0000
0000
0001
0000
0000
,
0100
0000
0000
0000
0110
0000
0000
0001
0000
0001
1000
0000
0010
0000
0100
0000
,
0001
0100
1000
0100
0001
0000
0010
0001
,
0000
0010
1000
0010
0001
0100
0010
1000
,
0100
0000
0000
0000
0010
0000
0000
0001
0000
0000
0100
0000
0010
0000
1000
0000
,
0001
0000
0100
0000
0001
0000
0000
1000
0000
1000
0010
0000
0100
0000
0001
0000
,
0010
0000
0000
0000
1001
0000
0000
0010
0000
0010
0001
0000
0100
0000
0010
0000
,
1000
0000
0100
0000
0001
0000
0000
0100
0000
0100
0010
0000
0001
0000
0100
0000
,
0010
0000
0000
0000
1001
0000
0000
0001
0000
0001
0100
0000
0010
0000
1000
0000
,
0001
0000
0100
0000
1000
0000
0000
0100
0000
0100
0010
0000
1000
0000
0001
0000
,
0010
0000
0000
0000
1100
0000
0000
0010
0000
0010
0100
0000
1000
0000
0010
0000
,
0100
0000
0001
0000
0010
0000
0000
0001
0000
0001
0100
0000
0010
0000
1000
0000
,
0001
0000
0000
0000
0110
0000
0000
0001
0000
0001
0100
0000
0010
0000
1000
0000
,
1100
0000
1001
0000
0101
0000
0110
0010
,
1000
0000
0100
0000
0010
0000
0001
0100
0000
0100
1000
0000
0100
0000
0010
0000
,
1000
0000
0100
0000
0001
0000
0100
0010
0000
0010
0001
0000
0100
0000
0010
0000
,
0010
0000
0100
0000
0001
0000
0010
0100
0000
0100
0001
0000
0100
0000
0010
0000
,
1000
0000
0010
0000
0100
0000
1000
0010
0000
0010
0100
0000
0001
0010
0001
0010
,
0001
0000
0100
0000
0010
0000
1000
0100
0000
0010
0001
0000
0100
0000
0010
0000
,
1000
0000
0001
0000
0010
0000
0100
1000
0000
0010
0100
0000
0010
0000
1000
0000
,
1000
0000
0010
0000
0100
0000
0001
0010
0000
0100
1000
0000
0010
0000
0100
0000
,
0101
0000
1100
0000
1010
0000
0011
2002
,
0000
0000
0000
0000
,
0000
3003
0000
0000
;

//---------------dance-single - ----------------
#NOTES:
     dance-single:
     :
     Hard:
     7:
     0.470,0.491,0.175,0.042,0.121,369.000,21.000,5.000,0.000,0.000:
0000
0000
0000
0000
,
0000
0000
0000
0000
,
0000
0000
0000
0000
,
0000
0000
0000
0000
,
1000
0000
0001
0000
0010
0001
0100
0000
,
0010
0000
0100
0000
0001
1000
0100
0000
,
0010
0000
0100
0000
0001
0010
0100
0000
,
0110
1100
0110
0011
,
0001
1000
0100
0000
0010
0001
0100
0000
,
0010
1000
0001
0100
0010
1000
0100
0000
,
0010
0001
1000
0000
0010
0100
0001
0000
,
0010
0001
1000
0100
0010
0000
1001
0000
,
0010
0100
0001
0000
1000
0100
0010
0000
,
0001
0100
0010
1000
0100
0010
0001
0000
,
1000
0010
0100
0010
,
1100
1001
0101
0110
,
0202
0000
0000
0300
,
2000
0000
0000
3003
,
1000
0000
0000
0011
0000
0010
0100
1000
,
0010
0000
0000
0101
0000
0001
1000
0100
,
0010
0000
0000
0110
0000
0010
0001
1000
,
0010
0000
0000
0101
0000
0100
0010
1000
,
0001
0000
0000
0010
0000
0000
0100
0000
0000
0000
0010
0000
0001
0000
1000
0000
,
0010
0000
0000
0100
0000
0010
1000
0001
,
0010
0000
0000
0001
0000
0000
1000
0000
0000
0000
0010
0000
0100
0000
0001
0000
,
1000
0000
0100
0000
1100
0000
0010
0001
,
0100
0001
0010
0000
0001
0000
1000
0000
,
0010
0100
0001
0000
0010
0100
1100
0000
,
0010
0000
0001
0000
1000
0000
0000
0010
0000
0000
1000
0000
0001
0000
0010
0000
,
0100
0000
0010
0000
0100
0000
0000
1000
0000
0000
0010
0000
0100
0000
0000
0000
,
0001
0000
1000
0000
0100
0000
0000
0010
0000
0000
0100
0000
0010
0000
0001
0000
,
1000
0000
0001
0000
1000
0000
0000
0010
0000
0000
0100
0000
0001
0000
0000
0000
,
1000
0000
0100
0000
0010
0000
0000
0001
0000
0000
1000
0000
0001
0000
0010
0000
,
0100
0000
1000
0000
0010
0000
0000
0100
0000
0000
0010
0000
1000
0000
0001
0000
,
0010
0000
0001
0000
0100
0000
0000
0010
0000
0000
1000
0000
0100
0000
1000
0000
,
0010
0000
0100
0000
0001
0000
0000
0010
0000
0000
0001
0000
0100
0000
0000
0000
,
0001
1000
0100
0010
0100
0000
1000
0000
,
0001
0000
0100
0000
0010
1000
0100
0010
,
0001
0000
0100
0000
0010
0000
0000
1000
0000
0000
0010
0000
0000
0100
0000
0000
,
0001
0000
0000
0000
1000
0000
0000
0100
0000
0000
0010
0000
0001
0000
0100
0000
,
0010
0000
1000
0100
0010
0000
0001
1000
,
0000
0010
0100
0001
0010
0000
0001
0100
,
0010
0000
0000
0000
1000
0000
0000
0001
0000
0000
0010
0000
0000
0001
0000
0000
,
0100
0000
0000
0000
0010
0000
0000
1000
0000
0000
0010
0000
0100
0000
0001
0000
,
1000
0000
0000
0000
0001
0000
0100
0000
0000
0000
0010
0000
0000
1000
0000
0000
,
0001
0000
1000
0001
0000
1000
0100
0010
,
0001
0000
0000
0000
0001
0000
0000
0100
0000
0000
0010
0000
0000
1000
0000
0000
,
0100
0000
0000
0000
1000
0000
0000
0001
0000
0000
0100
0000
0010
0000
1000
0000
,
0100
1000
0010
0100
0001
0000
0010
0001
,
0000
0100
1000
0100
0010
0000
1000
0100
,
0010
0000
0000
0000
0001
0000
0000
1000
0000
0000
0010
0000
0000
0100
0000
0000
,
0001
0010
0001
0000
1000
0010
0100
0001
,
0010
0000
0001
0000
1000
0001
1000
0010
,
0100
0001
0010
0000
0001
0100
0010
1000
,
0100
0000
0010
0000
0100
1000
0010
0100
,
0001
0010
0100
0000
0010
0001
1000
0010
,
0100
0000
0001
0000
0100
0010
1000
0001
,
0010
0001
0100
0000
0010
1000
0100
1000
,
0010
0000
0100
0000
0010
1000
0001
0010
,
0001
0000
1000
0000
0010
0000
0100
0001
,
1000
0000
0100
0000
1000
0000
0000
0010
0000
0000
0100
0000
0001
0000
0010
0000
,
0100
0000
0010
0000
0100
0000
0000
1000
0000
0000
0010
0000
0100
0000
0000
0000
,
0001
0000
1000
0000
0100
0000
0000
0010
0000
0000
0100
0000
0010
0000
0001
0000
,
0100
0000
0001
0000
0100
0000
0000
0010
0000
0000
1000
0000
0100
0000
0000
0000
,
0010
0000
0001
0000
0100
0000
0000
0010
0000
0000
1000
0000
0100
0000
1000
0000
,
0010
0000
0100
0000
0001
0000
0000
0010
0000
0000
0001
0000
0100
0000
0010
0000
,
1000
0000
0100
0000
0010
0000
0000
0100
0000
0000
1000
0000
0001
0000
0100
0000
,
0101
0000
0110
0000
1010
0000
0110
2002
,
0000
0000
0000
0000
,
0000
3003
0000
0000
;

//---------------dance-single - ----------------
#NOTES:
     dance-single:
     :
     Beginner:
     1:
     0.129,0.198,0.033,0.000,0.000,104.000,4.000,0.000,0.000,0.000:
0000
0000
0000
0000
,
0000
0000
0000
0000
,
0000
0000
0000
0000
,
0000
0000
0000
0000
,
0010
0000
0000
0000
,
0010
0000
0000
0000
,
0100
0000
0000
0000
,
0100
0100
0100
0100
,
0100
0000
0000
0000
,
0100
0000
0000
0000
,
0001
0000
0000
0000
,
0001
0000
0000
0000
,
0010
0000
0000
0000
,
0010
0000
0000
0000
,
0100
0000
0000
0000
,
0100
0100
0100
0100
,
0100
0000
0000
0000
,
0000
0000
0000
0000
,
1001
0000
0000
0000
,
1001
0000
0000
0000
,
0110
0000
0000
0000
,
0110
0000
0000
0000
,
0100
0000
0001
0000
,
1000
0000
0100
0000
,
1000
0000
0001
0000
,
0010
0000
0100
0000
,
1000
0000
0000
0000
,
0010
0000
0000
0000
,
1000
0000
1000
0000
,
0001
0000
0001
0000
,
0100
0000
0100
0000
,
0001
0000
0001
0000
,
1000
0000
0010
0000
,
1000
0000
0001
0000
,
0010
0000
0001
0000
,
0100
0000
0010
0000
,
1000
0000
0000
0000
,
0001
0000
0000
0000
,
1000
0000
0100
0000
,
1000
0000
0001
0000
,
0100
0000
0000
0000
,
0010
0000
0000
0000
,
1000
0000
0001
0000
,
0010
0000
0001
0000
,
0100
0000
0000
0000
,
0010
0000
0000
0000
,
1000
0000
1000
0000
,
0001
0000
0001
0000
,
0010
0000
0000
0000
,
0001
0000
0000
0000
,
1000
0000
1000
0000
,
0010
0000
0010
0000
,
0100
0000
0010
0000
,
1000
0000
0001
0000
,
0010
0000
0001
0000
,
0100
0000
0010
0000
,
1000
0000
0100
0000
,
0010
0000
0001
0000
,
0100
0000
0010
0000
,
1000
1000
1000
1000
,
1000
0000
0000
0000
,
0001
0000
0000
0000
,
0010
0000
0000
0000
,
0001
0000
0100
0000
,
0010
0000
0000
0000
,
1000
0000
0000
0000
,
0100
0000
0000
0000
,
0010
0010
0010
0010
,
0010
0000
0000
0000
;

//---------------dance-single - ----------------
#NOTES:
     dance-single:
     :
     Easy:
     3:
     0.199,0.260,0.000,0.033,0.000,163.000,0.000,4.000,0.000,0.000:
0000
0000
0000
0000
,
0000
0000
0000
0000
,
0000
0000
0000
0000
,
0000
0000
0000
0000
,
1000
0000
0000
0001
,
0100
0000
0000
0010
,
0100
0000
0000
0001
,
0010
0001
0010
0001
,
0100
0000
0000
0010
,
0100
0000
0010
1000
,
0100
0000
0000
0010
,
0001
0000
1000
0000
,
0100
0000
0000
0010
,
0001
0000
0000
1000
,
0010
0000
0000
0100
,
0010
1000
0100
0010
,
0002
0000
0000
0000
,
1000
0000
0000
0000
,
0103
0000
0010
1000
,
0001
0000
0010
0001
,
1000
0000
0010
0100
,
0001
0000
0010
0100
,
1000
0000
0000
0100
,
0010
0000
1000
0100
,
1000
0000
0010
0000
,
0100
0001
1000
0010
,
0200
0000
0000
0000
,
0320
0000
0000
0000
,
1030
0000
0100
0000
,
1000
0000
0010
0100
,
0001
0000
0010
0000
,
0100
0000
0010
0001
,
1000
0000
0010
0000
,
0100
0000
0001
1000
,
0100
0000
1000
0000
,
0010
0000
0100
0000
,
0010
1000
0100
0000
,
0010
0001
0100
0001
,
1000
0000
0100
0000
,
0010
0001
1000
0010
,
0100
0000
0010
0000
,
1000
0000
0001
0010
,
0001
0000
0100
0000
,
0010
1000
0100
0010
,
0100
0000
1000
0000
,
0100
0000
1000
0000
,
0001
0100
0010
1000
,
0100
0010
0001
0100
,
0010
0000
0100
0000
,
0001
0000
0010
0000
,
0001
1000
0100
1000
,
0010
0000
0100
0010
,
1000
0000
0001
0000
,
0010
0000
0001
1000
,
0100
0000
1000
0000
,
0010
0000
0100
0010
,
1000
0000
0001
0000
,
0010
0000
0100
1000
,
0100
0000
0010
0000
,
0001
1000
0100
1000
,
0010
0000
0000
0100
,
0001
0000
1000
0000
,
0100
0000
0000
0010
,
0100
0000
1000
0001
,
0100
0000
0000
0010
,
1000
0000
0010
0000
,
0100
0000
0000
0001
,
0010
0100
0010
0100
,
2000
0000
0000
0000
,
0000
3000
0000
0000
;

//---------------dance-single - ----------------
#NOTES:
     dance-single:
     :
     Medium:
     6:
     0.376,0.346,0.067,0.025,0.046,305.000,8.000,3.000,0.000,0.000:
0000
0000
0000
0000
,
0000
0000
0000
0000
,
0000
0000
0000
0000
,
0000
0000
0000
0000
,
1000
0000
0001
0000
0100
0001
0100
0000
,
0010
0000
1000
0000
0100
1000
0100
0000
,
0010
0000
0100
0000
1000
0001
1000
0000
,
0010
0100
0110
1001
,
0010
1000
0010
0000
0100
0000
0001
0000
,
0010
0000
0001
0000
1000
0100
1000
0000
,
0001
0100
0001
0000
0010
0000
0100
0000
,
1000
0010
1000
0010
1000
0000
0001
0000
,
0010
0000
0001
0000
0100
0010
0100
0000
,
0010
1000
0010
0000
1000
0000
0001
0000
,
0010
0000
0001
0000
0100
0010
0100
0000
,
0010
1000
0001
0010
,
0002
0000
0000
0000
,
2003
0000
0010
0010
,
3010
0000
0000
0100
0000
0000
0010
0000
,
1000
0000
0000
0001
0000
0000
0010
0000
,
0100
0000
0000
0010
0000
0000
0001
0000
,
1000
0000
0000
0010
0000
0000
0100
0000
,
0001
0000
0000
0010
0000
0010
0100
0000
,
0010
0000
0000
0001
0000
0001
1000
0000
,
0010
0000
0000
0100
0000
0100
0010
0000
,
1000
0001
0010
0001
,
0100
0010
0100
0000
0001
0000
1000
0000
,
0100
1000
0100
0010
0001
0000
1000
0000
,
0001
0100
0001
0000
0010
0000
0100
0000
,
1000
0010
1000
0000
0001
0000
1001
0000
,
0010
0100
0010
0000
1000
0000
0001
0000
,
0010
0001
0010
0100
1000
0000
0001
0000
,
0100
0010
0100
0000
0001
0000
1000
0000
,
0100
0010
0001
0000
1000
0000
1001
0000
,
0010
1000
0010
0000
0100
0000
0001
0000
,
0010
0001
0010
0100
1000
0000
0001
0000
,
0100
0010
1000
0100
,
1000
0000
0000
0000
0001
0000
0000
0100
0000
0000
0001
0000
0000
0100
0000
0000
,
0001
0000
0000
0000
1000
0000
0000
0100
0000
0000
1000
0000
0000
0000
1000
0000
,
0001
0000
0100
0000
0001
0100
0001
0000
,
1000
0100
0010
0001
,
0100
0010
1000
0100
,
1000
0000
0000
0000
0001
0000
0000
0010
0000
0000
0001
0000
0000
0010
0000
0000
,
0001
0000
0000
0000
1000
0000
0000
0010
0000
0000
1000
0000
0000
0000
1000
0000
,
0001
0000
0010
0000
0001
0100
0010
0000
,
1000
0000
0100
1000
0100
1000
0100
0000
,
0010
0000
0000
0000
0001
0000
0000
1000
0000
0000
0001
0000
0000
1000
0000
0000
,
0001
0000
0000
0000
0100
0000
0000
0010
0000
0000
0100
0000
0000
0000
0100
0000
,
0010
0000
1000
0000
0001
0000
0010
0001
,
0010
0000
0100
0000
1000
0010
1000
0010
,
1000
0000
0000
0000
0001
0000
0000
0100
0000
0000
0001
0000
0000
0100
0000
0000
,
0001
0100
0001
0100
,
0010
1000
0010
0000
0100
0000
0001
0000
,
0010
0001
0010
0000
0001
0000
1001
0000
,
1000
0010
1000
0000
0010
0000
0100
0000
,
0001
0010
0001
0100
0010
0000
1000
0000
,
1000
0100
1000
0000
0010
0000
0100
0000
,
0001
1000
0001
0000
0100
0000
0101
0000
,
0010
0100
0010
0000
1000
0000
0001
0000
,
0010
0001
1100
1001
,
0001
0100
0001
0000
1000
0010
1000
0000
,
0001
0010
0001
0000
1000
0000
0100
0000
,
0010
0100
0010
0000
0001
0100
0001
0000
,
1000
0010
1000
0000
0001
0000
0100
0000
,
0010
1000
0010
0000
0100
0000
0010
0000
,
1000
0100
1000
0000
0001
0010
0001
0000
,
0100
0010
0100
0000
0001
0000
0010
0000
,
0001
0000
1000
0000
0010
0000
0100
0002
,
0000
0000
0000
0000
,
0000
0003
0000
0000
;

//---------------dance-double - ----------------
#NOTES:
     dance-double:
     :
     Easy:
     4:
     0.244,0.289,0.033,0.092,0.000,190.000,4.000,11.000,0.000,0.000:
00000000
00000000
00000000
00000000
,
00000000
00000000
00000000
00000000
,
00000000
00000000
00000000
00000000
,
00000000
00000000
00000000
00000000
,
00020000
00000000
01000000
00000000
,
20030000
00000000
00100000
00000000
,
32000000
00000000
00100000
00000000
,
03010000
00001000
00000010
00000001
,
00000200
00000000
00000010
00000000
,
00000302
00000000
00001000
00000000
,
00000023
00000000
00000100
00000000
,
00000031
00000000
00000100
00000010
,
00002000
00000000
00000100
00000000
,
00003020
00000000
00001000
00000000
,
00020030
00000000
00001000
00000000
,
00130000
10000000
01000000
00100000
,
00020000
00000000
00000000
00000000
,
10000000
00000000
00000000
00000000
,
01030000
00000000
00010000
00100000
,
00001000
00000000
00010000
00001000
,
01000000
00000000
00100000
10000000
,
01000000
00000000
00100000
00010000
,
01000000
00000000
00001000
00010000
,
00000100
00000000
00000010
00000001
,
00000100
00000000
00000010
00001000
,
00000100
00010000
00001000
00010000
,
00001000
00000000
00000000
00000000
,
10000000
00000000
00010000
00000000
,
01000000
00100000
10000000
01000000
,
10000000
00100000
01000000
00010000
,
00100000
00001000
00010000
00001000
,
01000000
00100000
10000000
01000000
,
10000000
00010000
01000000
00010000
,
00100000
00001000
00010000
00000100
,
00000010
00000001
00000100
00000010
,
00001000
00000001
00000010
00000001
,
00000100
00000000
00000010
00000000
,
00001000
00000000
00000100
00010000
,
00001000
00000000
00100000
00000000
,
00001000
00010000
00001000
00100000
,
00010000
00000000
01000000
00000000
,
00100000
00000000
10000000
01000000
,
00100000
00000000
01000000
00000000
,
10000000
00010000
01000000
00001000
,
00010000
00000000
00001000
00000000
,
00100000
00000000
00001000
00010000
,
00000100
00000000
00010000
00000000
,
00000100
00000010
00000001
00000100
,
00000010
00000000
00001000
00000000
,
00000100
00000000
00010000
00001000
,
00100000
00000000
00010000
00000000
,
01000000
00001000
01000000
00010000
,
00100000
00110000
00010000
10000000
,
00100000
01000000
00010000
00100000
,
00001000
00011000
00010000
00000100
,
00000010
00000001
00000100
00000010
,
00001000
00000101
00000010
00001000
,
00000100
00010000
00001000
00100000
,
00001000
00011000
00001000
00100000
,
00010000
01000000
00100000
10000000
,
01000000
00000000
10000000
00000000
,
00100000
00000000
01000000
00010000
,
00100000
00000000
00001000
00000000
,
00010000
00000100
00000010
00000001
,
00000100
00000000
00000010
00000000
,
00001000
00000000
00000100
00000010
,
00000001
00000000
00000100
00000000
,
00000010
00010000
00001000
00000010
,
00000200
00000000
00000000
00000000
,
00000000
00000300
00000000
00000000
;

//---------------dance-double - ----------------
#NOTES:
     dance-double:
     :
     Hard:
     9:
     0.524,0.548,0.225,0.033,0.208,409.000,27.000,4.000,0.000,0.000:
00000000
00000000
00000000
00000000
,
00000000
00000000
00000000
00000000
,
00000000
00000000
00000000
00000000
,
00000000
00000000
00000000
00000000
,
00000010
00000000
00000100
00000000
00000010
00000001
00001000
00000000
,
00000010
00000000
00001000
00000000
00000100
00010000
00001000
00000000
,
00010000
00000000
00000100
00000000
00000010
00000100
00001000
00000000
,
00000101
00001010
00000011
00001100
,
00000100
00010000
00000100
00001000
00000010
00000000
00010000
00000000
,
00001000
00100000
00010000
00100000
01000000
00000000
00100000
00000000
,
00010000
01000000
00001000
00100000
00001000
00000000
00010000
00000000
,
00000100
00001000
00000100
00010000
00001000
00000000
00011000
00000000
,
00001000
01000000
00100000
10000000
01000000
00000000
00100000
00000000
,
00010000
01000000
00100000
00010000
00001000
00000000
00100000
00000000
,
01000000
10000000
01000000
00100000
00010000
00000000
01000000
00000000
,
00011000
00010100
00000110
00000011
,
00001002
00000000
00000100
00000000
,
00002003
00000000
00000010
00000100
,
00003001
00000000
00000000
00000101
00000000
00000001
00001000
00000100
,
00010000
00000000
00000000
01001000
00000000
00001000
00100000
00010000
,
01000000
00000000
00000000
10010000
00000000
00100000
01000000
00010000
,
00100000
00000000
00000000
00011000
00000000
00010000
00000010
00000100
,
00000001
00000000
00000000
00001000
00000000
00000000
00000110
00000000
00000000
00000000
00000001
00000000
00001000
00000000
00000100
00000000
,
00000010
00000000
00000000
00001100
00000000
00000100
00010000
00001000
,
01000000
00000000
00000000
00010000
00000000
00000000
01100000
00000000
00000000
00000000
10000000
00000000
00100000
00000000
01000000
00000000
,
00010000
00000000
00100000
00000000
00010000
00000000
01000000
00100000
,
10000000
00000000
00010000
00000000
00100000
00000000
00000000
00010000
00000000
00000000
01000000
00000000
00001000
00000000
00010000
00000000
,
00001000
00000000
01000000
00000000
00010000
00000000
00000000
00100000
00000000
00000000
00001000
00000000
00010000
00000000
00000000
00000000
,
00001000
00000000
00010000
00000000
00000100
00000000
00000010
00000001
00000000
00000001
00000010
00000000
00000100
00000000
00001000
00000000
,
00000100
00000000
00010000
00000000
00001000
00000000
00100000
00010000
00000000
00010000
00100000
00000000
00001000
00000000
00010000
00000000
,
00001000
00000000
01000000
00000000
00100000
00000000
10000000
01000000
00000000
01000000
10000000
00000000
00100000
00000000
01000000
00000000
,
00001000
00000000
00010000
00000000
00100000
00000000
01000000
00010000
00000000
00010000
01000000
00000000
00100000
00000000
00000000
00000000
,
10000000
00000000
01000000
00000000
00100000
00000000
00010000
01000000
00000000
01000000
00010000
00000000
00100000
00000000
00001000
00000000
,
00010000
00000000
00000010
00000000
00001000
00000000
00000100
00000010
00000000
00000010
00000100
00000000
00001000
00000000
00000010
00000000
,
00000100
00000000
00000010
00000000
00001000
00000000
00000100
00010000
00000000
00010000
00000100
00000000
00001000
00000000
00000010
00000000
,
00001000
00000000
00000100
00000000
00010000
00000000
00001000
00100000
00000000
00100000
00001000
00000000
01000000
00000000
00000000
00000000
,
00100000
10000000
00100000
01000000
00010000
00000000
00100000
00000000
,
00010000
00000000
00000000
00000000
01000000
00000000
00000000
00001000
00000000
00000000
00010000
00000000
00001000
00000000
00100000
00000000
,
00010000
00000000
01000000
00000000
00100000
00000000
00000000
10000000
00000000
00000000
00100000
00000000
00000000
01000000
00000000
00000000
,
00010000
00000000
00000000
00000000
00100000
00000000
00000000
00001000
00000000
00010000
00001000
00000000
00100000
00000000
00010000
00000000
,
01000000
00100000
01000000
00010000
00100000
00000000
00001000
00010000
,
00000000
00000100
00001000
00000010
00000100
00000000
00000010
00010000
,
00001000
00000000
00000000
00000000
00001000
00000000
00000000
00010000
00000000
00000000
00000100
00000000
00000000
00000010
00000000
00000000
,
00000001
00000000
00000000
00000000
00001000
00000000
00000000
00000010
00000000
00000100
00000001
00000000
00000100
00000000
00000010
00000000
,
00001000
00000000
00000100
00010000
00000000
00001000
00100000
00010000
,
01000000
00000000
00000000
00000000
00100000
00000000
00000000
10000000
00000000
00000000
00010000
00000000
00100000
00000000
01000000
00000000
,
10000000
00000000
00000000
00000000
00100000
00000000
00000000
01000000
00000000
00000000
00001000
00000000
00000000
00010000
00000000
00000000
,
01000000
00000000
00000000
00000000
00100000
00000000
00000000
00010000
00000000
01000000
00100000
00000000
10000000
00000000
00010000
00000000
,
01000000
00001000
00010000
00001000
01000000
00000000
00100000
10000000
,
00000000
01000000
00100000
00010000
01000000
00000000
00001000
00010000
,
00001000
00000000
00000000
00000000
00010000
00000000
00000000
00000010
00000000
00000000
00001000
00000000
00000000
00000100
00000000
00000000
,
00000010
00000001
00000010
00000000
00000001
00000000
00001000
00000001
,
00000100
00000000
00001001
00000000
00000010
00000100
00000001
00000010
,
00000100
00001000
00000010
00000000
00000100
00000010
00001000
00000100
,
00010000
00000000
00010100
00000000
00001000
00100000
00010000
01000000
,
00100000
10000000
01000000
00000000
00100000
01000000
10000000
00100000
,
01000000
00000000
01010000
00000000
00100000
01000000
00010000
00100000
,
00001000
00010000
00000100
00000000
00000010
00000100
00001000
00000010
,
00000100
00000000
00000101
00000000
00000010
00001000
00000100
00000000
,
00010000
00000000
00001000
00000000
00101000
00000000
00010000
00000100
,
00010000
00000000
00000010
00000000
00000100
00000000
00000010
00001000
00000000
00001000
00000010
00000000
00000100
00000000
00001000
00000000
,
00000100
00000000
00000001
00000000
00000010
00000000
00000100
00001000
00000000
00001000
00000100
00000000
00010000
00000000
00001000
00000000
,
00100000
00000000
00010000
00000000
01000000
00000000
00100000
10000000
00000000
10000000
00010000
00000000
00100000
00000000
01000000
00000000
,
00100000
00000000
00010000
00000000
01000000
00000000
00001000
01000000
00000000
01000000
00001000
00000000
00010000
00000000
00000000
00000000
,
00001000
00000000
00010000
00000000
00000100
00000000
00000010
00000100
00000000
00000100
00000010
00000000
00000100
00000000
00001000
00000000
,
00000010
00000000
00010000
00000000
00001000
00000000
00100000
00010000
00000000
00010000
00100000
00000000
00010000
00000000
01000000
00000000
,
00100000
00000000
00010000
00000000
00100000
00000000
01000000
00001000
00000000
00001000
01000000
00000000
00010000
00000000
00100000
00000000
,
00101000
00011000
00010100
00000110
,
00002002
00000000
00000000
00000000
,
00000000
00003003
00000000
00000000
;

//---------------dance-double - ----------------
#NOTES:
     dance-double:
     :
     Challenge:
     9:
     0.580,0.577,0.133,0.033,0.404,467.000,16.000,4.000,0.000,0.000:
00000000
00000000
00000000
00000000
,
00000000
00000000
00000000
00000000
,
00000000
00000000
00000000
00000000
,
00000000
00000000
00000000
00000000
,
00010000
00001000
00100000
00010000
01000000
00000000
00100000
00000000
,
01000000
00010000
00100000
00001000
00010000
00000000
00000100
00000010
,
00000001
00000100
00000010
00001000
00000100
00000000
00000010
00000100
,
00001100
00010100
00011000
00010010
,
00000010
00000000
00000100
00000001
00000000
00000000
00000010
00000000
00000001
00000000
00001000
00000100
00000000
00000000
00001000
00000100
,
00010000
00000000
00001000
00010000
00000000
00001000
00100000
00000000
00010000
01000000
00010000
01000000
00000000
00000000
00010000
00000000
,
00100000
00000000
00001000
00010000
00000000
00000000
00000100
00000000
00001000
00000000
00000010
00010000
00000000
00000000
00000100
00001000
,
00000010
00000000
00001000
00000100
00000000
00010000
00001000
00000000
00100000
00010000
00100000
00010000
00000000
00000000
00000000
00000000
,
00100000
00000000
10000000
01000000
00000000
00000000
00100000
00000000
00010000
00000000
01000000
00001000
00000000
00000000
00010000
00001000
,
00100000
00000000
00010000
01000000
00000000
00100000
01000000
00000000
00010000
00100000
00010000
00100000
00000000
00000000
00001000
00000000
,
00010000
00000000
00000100
00000010
00000000
00000000
00000001
00000000
00000100
00000000
00000010
00001000
00000000
00000000
00000100
00000000
,
00010100
00011000
00101000
00110000
,
00022000
00000000
00000000
00030000
,
02000000
00003000
00001000
00010000
,
03100000
00000000
01000000
00000000
00010000
00000000
00100000
00000000
00000000
01000000
00100000
00000000
00010000
00000000
01000000
00000000
,
00100000
00000000
10000000
00000000
01000000
00000000
00010000
00000000
00000000
01000000
00100000
00000000
00010000
00000000
01000000
00000000
,
00001000
00000000
00010000
00000000
00000010
00000000
00000100
00000000
00000000
00000010
00001000
00000000
00000010
00000000
00000100
00000000
,
00000001
00000000
00000010
00000000
00001000
00000000
00000010
00000000
00000000
00000100
00001000
00000000
00000010
00000000
00010000
00000000
,
00001000
00000000
00000000
00100000
00000000
00000000
00011000
00000000
00000000
00001000
00100000
00000000
00010000
00000000
01000000
00000000
,
00100000
00000000
10000000
00000000
01000000
00000000
00100000
00000000
00000000
01000000
10000000
00000000
00100000
00000000
01000000
00000000
,
00010000
00000000
00000000
00100000
00000000
00000000
00011000
00000000
00000000
00010000
00001000
00000000
00000010
00000000
00000001
00000000
,
00000100
00000000
00000010
00000000
00001000
00000000
00000100
00010000
,
00000100
00000000
00001000
00000000
00000010
00000000
00000000
00000100
00000000
00000000
00000010
00000000
00001000
00000000
00000100
00000000
,
00010000
00000000
00001000
00000000
00100000
00000000
00000000
00010000
00000000
00000000
01000000
00000000
00100000
10000000
00100000
10000000
,
00100000
00000000
01000000
00000000
00010000
00000000
00100000
00001000
00000000
00001000
00010000
00000000
00001000
00000000
01000000
00000000
,
00100000
00000000
10000000
00000000
00010000
00000000
00100000
00010000
00000000
00010000
00100000
00000000
00001000
00000000
00010000
00000000
,
00000100
00000000
00001000
00000000
00000100
00000000
00010000
00001000
00000000
00001000
00100000
00000000
00010000
00000000
01000000
00000000
,
00100000
00000000
00010000
00000000
00100000
00000000
01000000
00010000
00000000
00010000
00100000
00000000
00001000
00000000
00000000
00000000
,
00010000
00000000
00000010
00000000
00001000
00000000
00000010
00010000
00000000
00010000
00000100
00000000
00000010
00000000
00000001
00000000
,
00000100
00000000
00000010
00000000
00001000
00000000
00000100
00010000
00000000
00010000
00001000
00000000
00100000
00000000
00010000
00000000
,
01000000
00000000
10000000
00000000
01000000
00000000
00100000
10000000
00000000
10000000
00010000
00000000
00100000
00000000
00001000
00000000
,
00010000
00000000
00000100
00000000
00001000
00000000
00000010
00000100
00000000
00000100
00001000
00000000
00000100
00000000
00000000
00000000
,
00000010
00010000
00001000
00100000
00010000
00000000
00100000
01000000
,
10000000
00000000
00000000
00000000
00010000
00000000
00000000
01000000
00000000
00000000
00001000
00000000
00010000
00000000
00000100
00000000
,
00000010
00000000
00000001
00000000
00000100
00000000
00000000
00000010
00000000
00000000
00001000
00000000
00000000
00000100
00000000
00000000
,
00010000
00000000
00000000
00000000
00010100
00000000
00000000
00001000
00000000
00100000
00010000
00000000
00100000
00000000
00001000
00000000
,
00010000
00000100
00000010
00000100
00010000
00000000
00001000
00100000
,
00000000
00010000
01000000
00100000
00010000
00000000
00100000
01000000
,
00010000
00000000
00000000
00000000
00100000
00000000
00000000
00001000
00000000
00000000
00010000
00000000
00000000
00100000
00000000
00000000
,
01000000
00000000
00000000
00000000
00010000
00000000
00000000
00100000
00000000
01000000
10000000
00000000
00100000
00000000
01000000
00000000
,
00010000
00000000
00100000
01000000
00000000
00100000
00010000
01000000
,
00001000
00000000
00010000
00000010
00001000
00000100
00010000
00000010
,
00000100
00000000
00000000
00000000
00000010
00000000
00000000
00000100
00000000
00000000
00000001
00000000
00000000
00001000
00000000
00000000
,
00000100
00000000
00000000
00000000
00000010
00000000
00000000
00000001
00000000
00001000
00000100
00000000
00000010
00000000
00000100
00000000
,
00001000
00000010
00000100
00000001
00000010
00000000
00000100
00001000
,
00000000
00000010
00010000
00001000
00100000
00000000
00010000
01000000
,
00100000
00000000
00000000
00000000
10000000
00000000
00000000
00010000
00000000
00000000
00100000
00000000
00000000
00001000
00000000
00000000
,
00010000
00000000
00001000
00000000
00010000
00000000
00000000
00001000
00000000
00100000
00010000
00000000
01000000
00000000
00010000
00000000
,
00100000
00000000
00000000
00000000
00101000
00000000
00000000
00010000
00000000
00000100
00001000
00000000
00000010
00000000
00000100
00000000
,
00000001
00000000
00000010
00000000
00000001
00000000
00000000
00000100
00000000
00000010
00001000
00000000
00000100
00000000
00010000
00000000
,
00001000
00000000
00000000
00000000
00101000
00000000
00000000
00010000
00000000
01000000
00010000
00000000
00100000
00000000
00001000
00000000
,
00010000
00000000
00000100
00000000
00001000
00000000
00000000
00000100
00000000
00010000
00001000
00000000
00100000
00000000
00010000
00000000
,
01000000
00000000
00000000
00000000
10100000
00000000
00000000
01000000
00000000
00010000
00100000
00000000
00001000
00000000
01000000
00000000
,
00100000
00000000
10000000
00000000
01000000
00000000
00000000
00100000
00000000
00010000
01000000
00000000
00100000
00000000
01000000
00000000
,
00010000
00000000
00000000
00000000
00101000
00000000
00000000
00010000
00000000
00001000
00010000
00000000
00000100
00000000
00000010
00000000
,
00000100
00000000
00010000
00000000
00001000
00000000
00100000
00001000
,
00010000
00000000
00000100
00000000
00000010
00000000
00000100
00001000
00000000
00001000
00000010
00000000
00000100
00000000
00001000
00000000
,
00000001
00000000
00000010
00000000
00000100
00000000
00000010
00001000
00000000
00001000
00000100
00000000
00010000
00000000
00001000
00000000
,
00100000
00000000
00010000
00000000
01000000
00000000
00100000
00010000
00000000
00010000
00001000
00000000
00100000
00000000
00010000
00000000
,
01000000
00000000
00001000
00000000
00010000
00000000
00000100
00001000
00000000
00001000
00000010
00000000
00000100
00000000
00000000
00000000
,
00000010
00000000
00001000
00000000
00000100
00000000
00010000
00001000
00000000
00100000
00010000
00000000
01000000
00000000
00001000
00000000
,
00010000
00000000
00000100
00000000
00000010
00000000
00000001
00000100
00000000
00000010
00001000
00000000
00000100
00000000
00010000
00000000
,
00000100
00000000
00001000
00000000
00000010
00000000
00010000
00001000
00000000
00100000
00010000
00000000
01000000
00000000
00100000
00000000
,
10000000
00000000
00010000
00000000
00100000
00000000
00001000
02000000
,
00000000
00000000
00000000
00000000
,
00000000
03000000
00000000
00000000
;

//---------------dance-double - ----------------
#NOTES:
     dance-double:
     :
     Medium:
     6:
     0.388,0.433,0.175,0.042,0.021,300.000,21.000,5.000,0.000,0.000:
00000000
00000000
00000000
00000000
,
00000000
00000000
00000000
00000000
,
00000000
00000000
00000000
00000000
,
00000000
00000000
00000000
00000000
,
00000100
00000000
00010000
00000000
00001000
00010000
00001000
00000000
,
00100000
00000000
00010000
00000000
01000000
00100000
01000000
00000000
,
00100000
00000000
10000000
00000000
00010000
00100000
00010000
00000000
,
11000000
10100000
00110000
01010000
,
10010000
00000000
01000000
00000000
00001000
00010000
00001000
00000000
,
01000000
00000000
00100000
00000000
10000000
01000000
10000000
00000000
,
00100000
00000000
01000000
00000000
00010000
00100000
00010000
00000000
,
00100000
00001000
00010000
00000100
,
00000010
00000000
00000001
00000000
00000100
00000010
00000100
00000000
,
00000010
00000000
00001000
00000000
00000100
00001000
00000100
00000000
,
00000010
00000000
00000001
00000000
00001000
00000010
00001000
00000000
,
00001010
00010010
00011000
00101000
,
00220000
00000000
00000000
00030000
,
02000000
00000000
00000000
03300000
,
01000000
00000000
00000000
10000000
00000000
00000000
00100000
00000000
,
01000000
00000000
00000000
00100000
00000000
00000000
10000000
00000000
,
00010000
00000000
00000000
00100000
00000000
00000000
00001000
00000000
,
00010000
00000000
00000000
00001000
00000000
00000000
01000000
00000000
,
00100000
00000000
00000000
10000000
00000000
10000000
00010000
00000000
,
00100000
00000000
00000000
01000000
00000000
01000000
00100000
00000000
,
00010000
00000000
00000000
01000000
00000000
01000000
00001000
00000000
,
00010000
00000100
00010000
00001000
,
00000010
00000001
00000010
00000000
00000001
00000000
00000100
00000000
,
00000010
00001000
00000010
00000000
00010000
00000000
00011000
00000000
,
00001000
00100000
00010000
00000000
01000000
00000000
00100000
00000000
,
10000000
01000000
00100000
00000000
01000000
00000000
10000000
00000000
,
00100000
01000000
00010000
00000000
00100000
00000000
01000000
00000000
,
00100000
00010000
00100000
00000000
00001000
00000000
00010000
00000000
,
00001000
00100000
00001000
00000000
00010000
00000000
00000100
00000000
,
00000010
00000001
00000010
00000000
00000100
00001000
00000100
00000000
,
00000010
00000001
00000100
00000000
00000010
00000000
00001000
00000000
,
00000100
00010000
00001000
00000000
00100000
00000000
00001000
00000000
,
00010000
00000100
00010000
00000000
00000100
00000000
00001000
00000000
,
00000010
00000000
00000100
00000000
00000001
00000010
00000001
00000010
,
00000001
00000100
00000010
00001000
,
00000100
00000000
00000000
00000000
00010000
00000000
00000000
00001000
00000000
00000000
00100000
00000000
00001000
00000000
00000000
00000000
,
00010000
00001000
00010000
00000000
00001000
00000000
00100000
00000000
,
00010000
00000000
01000000
00000000
00100000
10000000
00100000
10000000
,
00100000
01000000
00010000
00100000
,
00001000
00000000
00000000
00000000
00010000
00000000
00000000
00000100
00000000
00000000
00001000
00000000
00000100
00000000
00000000
00000000
,
00010000
00001000
00010000
00000000
00001000
00000000
00010000
00000000
,
00100000
00000000
10000000
00010000
01000000
00010000
10000000
01000000
,
00100000
00010000
01000000
00001000
,
00011000
00000000
00000000
00000000
00001000
00000000
00000000
00100000
00000000
00000000
00010000
00000000
01000000
00000000
00000000
00000000
,
00001000
00000000
00010000
00001000
00010000
00000000
00000100
00000010
,
00000001
00000100
00000010
00001000
00000100
00000000
00000010
00000001
,
00000100
00000000
00000000
00000000
00000010
00000000
00000000
00001000
00000000
00000000
00000100
00000000
00000000
00010000
00000000
00000000
,
00001000
00010000
00001000
00000000
00100000
00000000
00010000
00000000
,
01000000
01010000
00100000
10000000
,
01000000
00100000
01000000
00000000
00100000
00000000
00010000
00000000
,
01000000
01001000
00001000
00010000
,
00000100
00001000
00000100
00000000
00000010
00000000
00000001
00000000
,
00000100
00001001
00000010
00001000
,
00000100
00010000
00000100
00000000
00001000
00000000
00000010
00000000
,
00000100
00000000
00001001
00000000
00000010
00000000
00001000
00000100
,
00010000
00001000
00100000
00010000
,
01000000
00100000
01000000
00000000
00010000
00000000
00100000
00000000
,
01000000
10000000
01000000
00000000
00100000
00010000
00100000
00000000
,
01000000
00100000
00010000
00000000
01000000
00000000
00001000
00000000
,
00010000
00000100
00001000
00000000
00000010
00000000
00000100
00000000
,
00000010
00001000
00000010
00000000
00000100
00000000
00000001
00000000
,
00000010
00000001
00000010
00000000
00000100
00001000
00000100
00000000
,
00000010
00000001
00000100
00000000
00000010
00000000
00001000
00000000
,
00001100
00010100
00011000
00101000
,
00220000
00000000
00000000
00000000
,
00000000
00330000
00000000
00000000
;
