#TITLE:venomblack;
#SUBTITLE:;
#ARTIST:Shatter;
#TITLETRANSLIT:;
#SUBTITLETRANSLIT:;
#ARTISTTRANSLIT:;
#CREDIT:;
#BANNER:venomblack-bn.png;
#BACKGROUND:venomblack-bg.png;
#LYRICSPATH:;
#CDTITLE:ddrencore.png;
#MUSIC:venomblack.mp3;
#OFFSET:-0.020;
#SAMPLESTART:36.725;
#SAMPLELENGTH:11.840;
#SELECTABLE:YES;
#BPMS:0.000=340.000,80.000=170.001,88.000=340.000,136.000=170.000,144.000=340.000,304.000=170.000,336.000=339.999;
#STOPS:408.000=1.240
,417.000=1.240
;
#BGCHANGES:;
// cache tags:
#FIRSTBEAT:32.000;
#LASTBEAT:516.000;
#SONGFILENAME:Songs/DDI/venomblack/venomblack.sm;
#HASMUSIC:1;
#HASBANNER:1;
#MUSICLENGTH:104.359;
// end cache tags

//---------------dance-single - ----------------
#NOTES:
     dance-single:
     :
     Hard:
     10:
     0.880,0.989,0.546,0.057,0.000,580.000,57.000,6.000,0.000,0.000:
0000
0000
0000
0000
,
0000
0000
0000
0000
,
0000
0000
0000
0000
,
0000
0000
0000
0000
,
0000
0000
0000
0000
,
0000
0000
0000
0000
,
0000
0000
0000
0000
,
0000
0000
0000
0000
,
1000
0000
0100
0000
1000
0010
0000
0000
,
0100
0000
0001
0000
0010
0001
0000
0000
,
0100
0000
0010
0000
0100
1000
0000
0000
,
0100
0000
0010
0000
0100
0010
1000
0100
,
0010
0000
0001
0000
0100
0001
0000
0000
,
1000
0000
0100
0000
1000
0001
0000
0000
,
0010
0000
0100
0000
0010
1000
0000
0000
,
0010
0000
0100
0000
0010
0100
1000
0010
,
0100
0001
0100
0010
,
0000
0010
0100
0001
,
0010
0100
1000
0100
,
0000
0000
0000
0000
,
1001
0000
0000
2100
0000
3010
0000
0000
,
0000
0001
0100
0102
0000
1003
0000
0000
,
1000
0010
1000
0100
,
0000
0100
0010
0001
,
0010
0100
1000
0010
,
0000
0000
0000
0000
,
0101
0000
0101
0000
1000
0000
0010
1000
,
0010
0000
0110
0000
0001
0010
0001
0000
,
0101
0000
0001
1000
0001
0000
0010
1000
,
0000
0000
0000
1000
0010
0000
0001
0000
,
1000
0010
0100
0010
,
0000
0010
1000
0010
,
0100
0001
0010
0001
,
0000
0000
0000
0000
,
1001
0000
0000
0201
0000
1300
0000
0000
,
0000
1000
0100
0120
0000
1030
0000
0000
,
0001
1000
0100
0010
,
0000
0010
0100
0001
,
0100
1000
0001
1000
,
0000
0000
0000
0000
,
0110
0000
0110
0000
1000
0000
0001
0100
,
0001
0000
1001
0000
0100
1000
0100
0000
,
1100
0000
0010
0100
0010
0000
1000
0100
,
0000
0000
0000
0001
0100
0000
1000
0000
,
0101
0000
0001
0000
0100
0010
0000
0000
,
1100
0000
0100
0000
0010
0100
0000
0000
,
1001
0000
0001
0000
1000
0100
0000
0000
,
1010
0000
0010
0000
0100
0001
0010
0100
,
1000
0000
0010
0000
0100
0010
0000
0000
,
1010
0000
0010
0000
0100
0001
0000
0000
,
0101
0000
0001
0000
0010
0001
0000
0000
,
1001
0000
1000
0000
0100
1000
0010
0100
,
0001
0000
0010
0000
0100
1000
0000
0000
,
1100
0000
0100
0000
0010
0001
0000
0000
,
0011
0000
0001
0000
0100
1000
0000
0000
,
1100
0000
0100
0000
0010
0100
0001
0010
,
0100
0000
1000
0000
0001
1000
0000
0000
,
0011
0000
0001
0000
1000
0001
0000
0000
,
0101
0000
0001
0000
0100
0010
0000
0000
,
1010
0000
1000
0000
0100
1000
0100
0010
,
0001
0000
1000
0100
0000
0010
0001
0000
,
0100
0000
0001
0010
0000
0100
1000
0000
,
0001
0000
0100
0001
0000
0010
0001
0000
,
1000
0000
0100
0000
1000
0010
0100
0001
,
1000
0000
0010
0100
0000
0100
0010
0000
,
1001
0000
0001
0100
0000
0100
0010
0000
,
1100
0000
0100
0010
0000
0010
0100
0000
,
1001
0000
0001
0000
0010
0100
1000
0001
,
1000
0000
0001
0100
0000
0010
1000
0000
,
0100
0000
1000
0010
0000
1000
0100
0000
,
0010
0000
0100
1000
0000
0001
0010
0000
,
0100
0000
1000
0000
0010
0100
0001
1000
,
0100
0000
0010
0100
0000
0100
0010
0000
,
0011
0000
1000
0100
0000
0100
0010
0000
,
0101
0000
0100
0010
0000
0010
1000
0000
,
1001
0000
0100
0000
0010
1000
0001
1000
,
0100
0000
0010
0100
1000
0000
0001
0010
,
1000
0010
0000
0100
1000
0100
0000
1000
,
0001
0000
0100
0010
1000
0000
0001
0100
,
1000
0100
0000
0010
1000
0100
0000
0010
,
0001
0000
0100
0100
0001
0000
0010
0001
,
0100
0010
0000
0100
0010
1000
0000
0100
,
1000
0000
0100
0010
0100
0000
0010
0001
,
0010
1000
0000
0010
0100
1000
0000
0001
,
1000
0100
1000
0100
,
0010
0100
0010
0100
,
0010
0001
0010
0001
,
0100
0000
0001
0000
0100
0000
0001
0010
,
1000
0010
1000
0010
,
0100
1000
0100
1000
,
0010
0100
0010
0100
,
0010
0000
0100
0000
1000
0000
0100
0001
,
0010
0001
0011
0001
,
0010
0100
0110
0100
,
1000
0100
0101
0100
,
1001
0000
0010
0000
0110
0000
0010
1000
,
0001
0011
1000
1100
,
0010
0101
0100
1010
,
0100
1001
0110
0011
,
0101
0000
1010
0000
0100
1000
0010
0100
,
0001
0100
0001
0100
0001
0000
0010
0100
,
0010
0100
1000
0000
0010
0100
0010
0100
,
0001
0000
1000
0100
1000
0100
0001
0000
,
0100
0010
0100
0010
0001
0000
1000
0010
,
1000
0010
0100
0000
1001
0000
0001
0000
,
0100
0010
0000
1000
0100
0000
1001
0000
,
0010
0100
0001
0010
1000
0000
0010
0000
,
0100
1000
0000
0100
0010
0000
1001
0000
,
0100
0001
0010
0100
0001
0000
0100
0000
,
1000
0010
0000
1000
0100
0000
0101
0000
,
0010
0100
1000
0100
0001
0000
0010
0000
,
0001
0100
0000
0100
0010
0000
1001
0000
,
0100
1000
0010
0100
0001
0000
0010
0000
,
0100
0001
0000
0100
1000
0000
1010
0000
,
0100
1000
0100
0010
1000
0000
0100
0000
,
0010
0001
0000
0010
0100
0000
1001
0000
,
0100
1000
0010
0001
0010
0000
1000
0000
,
0100
1000
0000
1000
0001
0000
0110
0000
,
0001
0100
0001
0010
0100
0000
1000
0000
,
0100
0010
0000
0001
0100
0000
1001
0000
,
0100
0010
1000
0100
0010
0100
1000
0010
,
0100
0000
0001
0100
0010
1000
0100
0000
,
0010
0100
1000
0001
0100
1000
0100
0010
,
1000
0000
0100
0001
0100
0010
0001
0000
,
0100
0010
1000
0100
0010
0001
0100
1000
,
0100
0000
0010
1000
0100
0010
0001
0000
,
1000
0100
1000
0010
1000
0100
0001
0100
,
0010
0000
1000
0010
0001
0100
1000
0000
,
0100
0010
1000
0100
2002
0000
0000
0000
,
3003
0000
0000
0000
;

//---------------dance-single - ----------------
#NOTES:
     dance-single:
     :
     Medium:
     8:
     0.632,0.803,0.230,0.096,0.000,428.000,24.000,10.000,0.000,0.000:
0000
0000
0000
0000
,
0000
0000
0000
0000
,
0000
0000
0000
0000
,
0000
0000
0000
0000
,
0000
0000
0000
0000
,
0000
0000
0000
0000
,
0000
0000
0000
0000
,
0000
0000
0000
0000
,
1000
0100
1000
0000
,
0001
0100
0001
0000
,
1000
0100
0010
0000
,
0001
0000
0100
0000
0010
0000
1000
0100
,
1000
0100
1000
0000
,
0001
0100
0001
0000
,
0010
0100
0010
0000
,
0100
0000
1000
0000
0010
0000
0100
0001
,
0100
0001
0100
0010
,
0000
1000
0100
0010
,
0001
0100
0010
1000
,
0000
0000
0000
0000
,
0001
0000
0000
0001
0000
0001
0000
0000
,
0000
1000
0100
0010
0000
0100
0000
0000
,
0001
0100
0010
1000
,
0000
0100
1000
0010
,
0100
0001
0010
0100
,
0000
0000
0000
0000
,
1001
0000
1000
0000
0100
0000
0000
1000
,
0001
0000
0100
0000
0000
0001
1000
0000
,
0100
0000
0000
1000
0001
0000
0100
0000
,
0000
0000
0000
0001
0010
0000
0100
0000
,
1000
0001
0100
0010
,
0000
0100
0001
0010
,
0100
1000
0100
1000
,
0000
0000
0000
0000
,
1000
0000
0000
1000
0000
1000
0000
0000
,
0000
0010
0100
0001
0000
0001
0000
0000
,
0010
0100
1000
0100
,
0000
1000
0010
0100
,
0010
0100
0001
0010
,
0000
0000
0000
0000
,
0011
0000
0001
0000
1000
0000
0000
0010
,
1000
0000
0001
0000
0000
0010
0001
0000
,
1000
0000
0000
0010
1000
0000
0001
0000
,
0000
0000
0000
0010
0001
0000
0010
0000
,
0100
1000
0100
0000
,
1000
0010
1000
0000
,
0001
0100
0001
0000
,
0010
0000
0001
0000
0010
0000
0100
1000
,
0100
1000
0010
0000
,
0100
0001
0010
0000
,
0010
0001
0100
0000
,
0010
0000
1000
0000
0100
0000
0010
0001
,
0010
0100
1000
0000
,
0100
0010
0001
0000
,
0100
0010
1000
0000
,
0001
0000
0100
0000
0010
0000
1000
0100
,
1000
0100
0001
0000
,
0100
1000
0010
0000
,
0100
0010
0100
0000
,
0001
0000
0100
0000
1000
0000
0100
0010
,
0100
0000
0000
0001
0000
0000
0010
0000
,
0100
0000
0000
1000
0000
0000
0100
0000
,
0010
0000
0000
0001
0000
0000
0100
0000
,
1000
0100
0010
1000
,
0100
0000
0000
0110
0000
0000
0110
0000
,
0001
0000
0000
1001
0000
0000
1001
0000
,
0100
0000
0000
0110
0000
0000
0110
0000
,
1000
0000
0000
1001
0000
0000
1001
0000
,
1000
0000
0000
0100
0000
0000
0010
0000
,
0001
0000
0000
0100
0000
0000
0001
0000
,
1000
0000
0000
0100
0000
0000
0010
0000
,
0100
1000
0010
0100
,
0001
0000
0000
0011
0000
0000
0011
0000
,
1000
0000
0000
1100
0000
0000
1100
0000
,
0001
0000
0000
0101
0000
0000
0101
0000
,
1000
0010
0100
0001
,
1000
0200
0301
0200
,
1300
0010
0000
0010
0100
0001
0000
0001
,
0010
0002
0013
0002
,
0103
0010
0000
0010
1000
0100
0000
0100
,
0010
0200
0310
0200
,
1300
0001
0000
0001
0010
0100
0000
0100
,
1000
0020
1030
0020
,
0031
0010
0000
0010
0100
0001
0000
0001
,
1000
0100
1000
0100
,
1000
0000
0001
0100
,
0001
0100
0001
0100
,
0001
0000
1000
0100
,
1000
0010
1000
0010
,
1000
0000
1000
0001
,
0010
0001
0010
0001
,
0010
0000
0100
1000
,
0001
1000
0001
1000
,
0001
0000
0100
0010
,
0100
0010
0100
0010
,
0100
0000
0001
1000
,
0001
1000
0001
1000
,
0001
0000
0010
0100
,
1000
0100
0010
0001
,
0010
0100
1000
0100
,
0010
0000
0011
0000
,
0100
0000
0000
0000
1000
0001
1000
0001
,
1000
0010
0000
0101
,
0000
0000
1000
0000
0000
0000
0001
1000
,
0001
1000
0001
0000
0010
0000
0100
0000
,
0010
0000
0001
1000
,
0010
0000
0100
0010
0100
0000
0010
0000
,
1000
0000
0001
0010
,
0100
0000
0010
0100
0010
0000
0100
0000
,
1000
0000
0001
1000
,
0010
0000
0100
0010
0100
0000
0001
0000
,
1000
0000
0100
1000
,
0010
0000
1000
0010
1000
0000
0001
0000
,
0010
0000
1000
0100
,
0010
0000
0001
0100
0001
0000
1000
0000
,
0001
0000
0100
0001
,
1000
0000
0001
0010
0001
0000
1000
0000
,
0100
0000
1000
0010
,
0100
0000
0010
0100
0010
0000
1000
0000
,
0001
0000
0100
0001
,
1000
0000
0001
1000
0001
0000
0010
0000
,
0011
0000
0100
1000
,
1100
0000
0010
1000
,
1010
0000
0010
0100
,
0110
0000
0001
0100
,
0101
0000
0001
0010
,
0001
0010
0100
1000
,
0010
0100
0001
0010
,
0100
1000
2002
0000
,
3003
0000
0000
0000
;

//---------------dance-single - ----------------
#NOTES:
     dance-single:
     :
     Easy:
     4:
     0.237,0.369,0.048,0.000,0.000,168.000,5.000,0.000,0.000,0.000:
0000
0000
0000
0000
,
0000
0000
0000
0000
,
0000
0000
0000
0000
,
0000
0000
0000
0000
,
0000
0000
0000
0000
,
0000
0000
0000
0000
,
0000
0000
0000
0000
,
0000
0000
0000
0000
,
1000
0000
0000
0000
,
0001
0000
0000
0000
,
0010
0000
0000
0000
,
0100
0000
1000
0000
,
0010
0000
0000
0000
,
0100
0000
0000
0000
,
0001
0000
0000
0000
,
1000
0000
0100
0000
,
0010
0000
0000
0000
,
0100
0000
1000
0000
,
0010
0000
0000
0000
,
0000
0000
0000
0000
,
1001
0000
1000
0000
,
0001
0000
1000
0000
,
0001
0000
0010
0000
,
0100
0000
0000
0000
,
1000
0000
0010
0000
,
0100
0000
0000
0000
,
0001
0000
0000
0000
,
1000
0000
0000
0000
,
0001
0000
0000
0000
,
1000
0000
0000
0000
,
0001
0000
0010
0000
,
0100
0000
0000
0000
,
1000
0000
0010
0000
,
0100
0000
0000
0000
,
1001
0000
1000
0000
,
0001
0000
1000
0000
,
0010
0000
0100
0000
,
0010
0000
0000
0000
,
1000
0000
0001
0000
,
0010
0000
0000
0000
,
1001
0000
0001
0000
,
1000
0000
0001
0000
,
1000
0000
0001
0000
,
0000
0000
0010
0000
,
0100
0000
0000
0000
,
1000
0000
0000
0000
,
0010
0000
0000
0000
,
0100
0000
0001
0000
,
1000
0000
0000
0000
,
0001
0000
0000
0000
,
0010
0000
0000
0000
,
0100
0000
1000
0000
,
0010
0000
0000
0000
,
1000
0000
0000
0000
,
0001
0000
0000
0000
,
0100
0000
0010
0000
,
0100
0000
0000
0000
,
0001
0000
0000
0000
,
0010
0000
0000
0000
,
0100
0000
1000
0000
,
0001
0000
0000
0000
,
1000
0000
0000
0000
,
0010
0000
0000
0000
,
0100
0000
0001
0000
,
0010
0000
0000
0000
,
0100
0000
0000
0000
,
1000
0000
0000
0000
,
0010
0000
0000
0000
,
0100
0000
0000
0000
,
0001
0000
0000
0000
,
1000
0000
0000
0000
,
0100
0000
1000
0000
,
0010
0000
0000
0000
,
0100
0000
0000
0000
,
0010
0000
0000
0000
,
0001
0000
0000
0000
,
1001
0000
0000
0000
,
1000
0000
0000
0000
,
0001
0000
0000
0000
,
1000
0000
0000
0000
,
0010
0000
0000
0000
,
0100
0000
0000
0000
,
0010
0000
0000
0000
,
1000
0000
0000
0000
,
0100
0000
0100
0000
,
0100
0000
0100
0000
,
0100
0000
0100
0000
,
0100
0000
0100
0000
,
0010
0000
0010
0000
,
0010
0000
0010
0000
,
0010
0000
0010
0000
,
0010
0000
0010
0000
,
0001
0000
0001
0000
,
0001
0000
0001
0000
,
0001
0000
0001
0000
,
0001
0000
0001
0000
,
1000
0000
1000
0000
,
1000
0000
1000
0000
,
1000
0000
1000
0000
,
1000
0000
1000
0000
,
0010
0000
0000
0000
,
0100
0000
0000
0000
,
0001
0010
0000
0000
,
0000
0100
0000
0000
,
0000
1000
0010
0000
,
0000
0000
0100
0000
,
0000
0000
0001
0000
,
0000
0000
0010
0000
,
0100
0000
1000
0000
,
0000
0000
0010
0000
,
0000
0000
0001
0000
,
0000
0000
1000
0000
,
0001
0000
1000
0000
,
0000
0000
0010
0000
,
0000
0000
0001
0000
,
0000
0000
1000
0000
,
0010
0000
0100
0000
,
0000
0000
0001
0000
,
0000
0000
1000
0000
,
0000
0000
0001
0000
,
0010
0000
0100
0000
,
0000
1000
0000
0000
,
0001
0000
0100
0000
,
0000
0010
0000
0000
,
1000
0000
0100
0000
,
0000
0010
0000
0000
,
0001
0000
0100
0000
,
0000
0010
0000
0000
,
1000
0000
1001
0000
;

//---------------dance-single - ----------------
#NOTES:
     dance-single:
     :
     Beginner:
     3:
     0.115,0.308,0.086,0.000,0.000,75.000,9.000,0.000,0.000,0.000:
0000
0000
0000
0000
,
0000
0000
0000
0000
,
0000
0000
0000
0000
,
0000
0000
0000
0000
,
0000
0000
0000
0000
,
0000
0000
0000
0000
,
0000
0000
0000
0000
,
0000
0000
0000
0000
,
1000
0000
0000
0000
,
0000
0000
0000
0000
,
0001
0000
0000
0000
,
0000
0000
0000
0000
,
0010
0000
0000
0000
,
0000
0000
0000
0000
,
0100
0000
0000
0000
,
0000
0000
0000
0000
,
1000
0000
0000
0000
,
0000
0000
0000
0000
,
0010
0000
0000
0000
,
0000
0000
0000
0000
,
0100
0000
0000
0000
,
0010
0000
0000
0000
,
1000
0000
0000
0000
,
0000
0000
0000
0000
,
0001
0000
0000
0000
,
0000
0000
0000
0000
,
0010
0000
0000
0000
,
0000
0000
0000
0000
,
0100
0000
0000
0000
,
0000
0000
0000
0000
,
1000
0000
0000
0000
,
0000
0000
0000
0000
,
0010
0000
0000
0000
,
0000
0000
0000
0000
,
0100
0000
0000
0000
,
0001
0000
0000
0000
,
0010
0000
0000
0000
,
0000
0000
0000
0000
,
0100
0000
0000
0000
,
0000
0000
0000
0000
,
1000
0000
0000
0000
,
0000
0000
0000
0000
,
0010
0000
0000
0000
,
0000
0000
0000
0000
,
0100
0000
0000
0000
,
0000
0000
0000
0000
,
0001
0000
0000
0000
,
0000
0000
0000
0000
,
0010
0000
0000
0000
,
0000
0000
0000
0000
,
0100
0000
0000
0000
,
0000
0000
0000
0000
,
1000
0000
0000
0000
,
0000
0000
0000
0000
,
0001
0000
0000
0000
,
0000
0000
0000
0000
,
0100
0000
0000
0000
,
0000
0000
0000
0000
,
0010
0000
0000
0000
,
0000
0000
0000
0000
,
1000
0000
0000
0000
,
0000
0000
0000
0000
,
0100
0000
0000
0000
,
0000
0000
0000
0000
,
0010
0000
0000
0000
,
0000
0000
0000
0000
,
0100
0000
0000
0000
,
0000
0000
0000
0000
,
1000
0000
0000
0000
,
0000
0000
0000
0000
,
0001
0000
0000
0000
,
0000
0000
0000
0000
,
0100
0000
0000
0000
,
0000
0000
0000
0000
,
0010
0000
0000
0000
,
0000
0000
0000
0000
,
1000
0000
0001
0000
,
1000
0000
0000
0000
,
0100
0000
0010
0000
,
0100
0000
0000
0000
,
0001
0000
0010
0000
,
0001
0000
0000
0000
,
1000
0000
0100
0000
,
1000
0000
0000
0000
,
1001
0000
0000
0000
,
0000
0000
0000
0000
,
0110
0000
0000
0000
,
0000
0000
0000
0000
,
1001
0000
0000
0000
,
0000
0000
0000
0000
,
0110
0000
0000
0000
,
0000
0000
0000
0000
,
1001
0000
0000
0000
,
0000
0000
0000
0000
,
0110
0000
0000
0000
,
0000
0000
0000
0000
,
1001
0000
0000
0000
,
0000
0000
0000
0000
,
0110
0000
0000
0000
,
0000
0000
0000
0000
,
1000
0000
0000
0000
,
0001
0000
0000
0000
,
1000
0001
0000
0000
,
0000
1000
0000
0000
,
0000
0001
0010
0000
,
0000
0000
0000
0000
,
0000
0000
0010
0000
,
0000
0000
0000
0000
,
0000
0000
1000
0000
,
0000
0000
0000
0000
,
0000
0000
0010
0000
,
0000
0000
0000
0000
,
0000
0000
0100
0000
,
0000
0000
0000
0000
,
0000
0000
0001
0000
,
0000
0000
0000
0000
,
0000
0000
0010
0000
,
0000
0000
0000
0000
,
0000
0000
0100
0000
,
0000
0000
0000
0000
,
0000
0000
1000
0000
,
0000
0000
0000
0000
,
0000
0000
0010
0000
,
0000
0000
0000
0000
,
0000
0000
0100
0000
,
0000
0000
0000
0000
,
0000
0000
0001
0000
,
0000
0000
0000
0000
,
0000
0000
1001
0000
;

//---------------dance-double - ----------------
#NOTES:
     dance-double:
     :
     Hard:
     10:
     0.808,0.927,0.067,0.077,0.000,575.000,7.000,8.000,0.000,0.000:
00000000
00000000
00000000
00000000
,
00000000
00000000
00000000
00000000
,
00000000
00000000
00000000
00000000
,
00000000
00000000
00000000
00000000
,
00000000
00000000
00000000
00000000
,
00000000
00000000
00000000
00000000
,
00000000
00000000
00000000
00000000
,
00000000
00000000
00000000
00000000
,
10000000
00000000
01000000
00000000
00100000
00010000
00000000
00000000
,
10000000
00000000
00100000
00000000
01000000
00010000
00000000
00000000
,
00100000
00000000
00001000
00000000
00010000
00001000
00000000
00000000
,
00000100
00000000
00000010
00000000
00001000
00000100
00000010
00000001
,
00000100
00000000
00000010
00000000
00000100
00000001
00000000
00000000
,
00001000
00000000
00000100
00000000
00010000
00001000
00000000
00000000
,
00010000
00000000
00100000
00000000
01000000
00010000
00000000
00000000
,
00100000
00000000
01000000
00000000
00010000
01000000
10000000
00100000
,
01000000
00100000
10000000
00100000
,
00000000
01000000
00010000
00100000
,
00001000
00010000
00000100
00001000
,
00000000
00000000
00000000
00000000
,
00001200
00000000
00000000
00001000
00000000
00010000
00000300
00000000
,
00001000
00010000
01000000
10000000
00000000
10010000
00000000
00000000
,
10000000
00100000
01000000
00010000
,
00000000
00100000
01000000
00010000
,
00001000
00000010
00000100
00001000
,
00000000
00000000
00000000
00000000
,
00001010
00000000
00000010
00000000
00000100
00000000
00001000
00010000
,
00001000
00000000
00100000
00000000
00001000
00010000
00001000
00000000
,
00000010
00000000
00000100
00000010
00000100
00000000
00001000
00000000
,
00000010
00000100
00000000
00000100
00001000
00000000
00010000
00000000
,
00001000
00000100
00000010
00001000
,
00000000
00000100
00000010
00000001
,
00000010
00000100
00001000
00010000
,
00000000
00000000
00000000
00000000
,
00210000
00000000
00000000
00010000
00000000
00001000
00300000
00000000
,
00010000
01000000
00100000
00010000
00000000
00011000
00000000
00000000
,
00001000
00000100
00000001
00000010
,
00000000
00000100
00001000
00000100
,
00010000
00001000
01000000
00100000
,
00000000
00000000
00000000
00000000
,
10100000
00000000
00100000
00000000
00010000
00000000
00001000
00010000
,
00001000
00000000
00000100
00000000
00001000
00010000
00001000
00000000
,
01000000
00000000
00010000
00100000
00010000
00000000
10000000
00000000
,
00100000
01000000
00010000
00000000
00100000
01000000
00000000
10000000
,
01000000
00000000
00010000
00000000
00001000
00010000
00000000
00000000
,
01000000
00000000
10000000
00000000
00100000
00010000
00000000
00000000
,
00010000
00000000
00001000
00000000
00000010
00000001
00000000
00000000
,
00000100
00000000
00001000
00000000
00000100
00000010
00001000
00000100
,
00010000
00000000
01000000
00000000
00100000
00010000
00000000
00000000
,
01000000
00000000
00100000
00000000
10000000
00100000
00000000
00000000
,
01000000
00000000
10000000
00000000
01000000
00010000
00000000
00000000
,
00100000
00000000
00001000
00000000
00010000
01000000
10000000
00100000
,
00010000
00000000
00001000
00000000
00000010
00000100
00000000
00000000
,
00001000
00000000
00000001
00000000
00000100
00000010
00000000
00000000
,
00000001
00000000
00000010
00000000
00000100
00000001
00000000
00000000
,
00001000
00000000
00000100
00000000
00000010
00000001
00001000
00000100
,
00010000
00000000
00001000
00000000
00100000
00010000
00000000
00000000
,
01000000
00000000
00010000
00000000
00100000
00001000
00000000
00000000
,
00010000
00000000
00000100
00000000
00001000
00000010
00000000
00000000
,
00000100
00000000
00001000
00000000
00010000
00100000
01000000
00010000
,
10000000
00000000
01000000
00100000
00000000
00100000
00010000
00000000
,
10000000
00000000
01000000
00100000
00000000
00100000
00010000
00000000
,
01000000
00000000
00100000
00010000
00000000
00010000
00001000
00000000
,
00000010
00000000
00000100
00000000
00001000
00000010
00000100
00000001
,
00001000
00000000
00000001
00000100
00000000
00000010
00001000
00000000
,
00000100
00000000
00010000
00001000
00000000
01000000
00010000
00000000
,
10000000
00000000
01000000
00100000
00000000
00010000
01000000
00000000
,
00001000
00000000
00010000
00000000
00001000
00000100
00000010
00000100
,
00000010
00000000
00001000
00000100
00000000
00000100
00000010
00000000
,
00000001
00000000
00001000
00000100
00000000
00000100
00000010
00000000
,
00000001
00000000
00000100
00000010
00000000
00000010
00001000
00000000
,
00000100
00000000
00010000
00000000
00001000
00010000
00001000
01000000
,
00010000
00000000
10000000
00100000
00000000
01000000
00010000
00000000
,
00100000
00000000
00001000
00010000
00000000
00000010
00000100
00000000
,
00001000
00000000
00000100
00000010
00000000
00001000
00000001
00000000
,
00000010
00000000
00000100
00000000
00001000
00000100
00001000
00000100
,
00020000
00001000
00030100
00001000
,
00010000
00001000
00000000
00001000
01000000
00010000
00000000
00010000
,
00100000
02000000
00010000
13000000
,
00100000
01000000
00000000
01000000
00100000
00010000
00000000
00010000
,
00001000
00000200
00001000
00000310
,
00001000
00000100
00000000
00000100
00000010
00001000
00000000
00001000
,
00010000
00000000
00002000
00000000
00010000
00003000
01000000
00000000
,
00010000
00001000
00000000
00001000
01000000
00010000
00000000
00010000
,
00100000
01000000
00100000
01000000
,
10000000
00010000
10000000
00010000
,
01000000
00001000
01000000
00001000
,
00100000
00000000
00001000
00000000
00100000
00000000
00001000
00010000
,
00001000
00010000
00001000
00010000
,
00001000
00000100
00001000
00000100
,
00000001
00000100
00000001
00000100
,
00000001
00000000
00001000
00000000
00000001
00000000
00001000
00000100
,
00001000
00000100
00010000
00000100
,
00010000
00001000
00010000
00001000
,
00100000
00010000
00100000
00010000
,
00100000
00000000
01000000
00000000
00100000
00000000
01000000
10000000
,
01000000
00010000
00001000
00000100
,
00000010
00001000
00000100
00000010
,
00001000
00010000
00100000
01000000
,
00010000
00100000
01000000
00010000
,
00001000
00010000
00001000
00010000
00000100
00000000
00001000
00000100
,
00001000
00000100
00000010
00000000
00000001
00000010
00000001
00000010
,
00000100
00000000
00010000
00001000
00010000
00001000
00100000
00000000
,
00010000
00100000
00010000
00100000
01000000
00000000
10000000
00100000
,
10000000
00100000
01000000
00000000
01010000
00000000
10000000
00000000
,
00100000
01000000
00000000
01000000
00010000
00000000
00100000
00000000
,
01000000
10000000
01000000
00100000
00010000
00000000
00100000
00000000
,
00001000
00010000
00000000
00000100
00001000
00000000
00000010
00000000
,
00000100
00001000
00010000
00001000
00000100
00000000
00000001
00000000
,
00000010
00000100
00000000
00001000
00000100
00000000
00000010
00000000
,
00000001
00000010
00000100
00001000
00000010
00000000
00000100
00000000
,
00001000
00010000
00000000
00001000
00100000
00000000
00010000
00000000
,
00100000
01000000
00010000
01000000
10000000
00000000
00100000
00000000
,
01000000
00010000
00000000
00010000
00100000
00000000
00001000
00000000
,
00010000
00001000
00000010
00000100
00001000
00000000
00000100
00000000
,
00000010
00000100
00000000
00010000
00001000
00000000
00100000
00000000
,
00010000
00100000
01000000
00100000
00010000
00000000
01000000
00000000
,
00100000
10000000
00000000
00100000
00010000
00000000
00001000
00000000
,
00010000
00001000
00000100
00000010
00000100
00000000
00000010
00000000
,
00001000
00000100
00000000
00000100
00000010
00000000
00000100
00000000
,
00001000
00000100
00010000
00001000
01000000
00100000
00010000
00100000
,
01000000
00000000
00010000
00100000
01000000
10000000
01000000
00000000
,
00100000
00001000
00010000
00000100
00001000
00000010
00000100
00000001
,
00001000
00000000
00000001
00000010
00000100
00010000
00001000
00000000
,
01000000
00100000
00010000
00001000
00100000
00010000
00100000
01000000
,
00100000
00000000
00001000
00010000
00000010
00000100
00000010
00000000
,
00000100
00001000
00010000
00001000
01000000
00010000
00100000
00001000
,
00010000
00000000
00100000
00010000
00001000
00000010
00000100
00000000
,
00000010
00000100
00010000
00002000
00020000
00000000
00000000
00000000
,
00033000
00000000
00000000
00000000
;

//---------------dance-double - ----------------
#NOTES:
     dance-double:
     :
     Easy:
     7:
     0.578,0.800,0.067,0.268,0.000,387.000,7.000,28.000,0.000,0.000:
00000000
00000000
00000000
00000000
,
00000000
00000000
00000000
00000000
,
00000000
00000000
00000000
00000000
,
00000000
00000000
00000000
00000000
,
00000000
00000000
00000000
00000000
,
00000000
00000000
00000000
00000000
,
00000000
00000000
00000000
00000000
,
00000000
00000000
00000000
00000000
,
10000000
00100000
01000000
00000000
,
00010000
01000000
00100000
00000000
,
10000000
00010000
01000000
00000000
,
00001000
00010000
00001000
00010000
,
00000100
00001000
00000010
00000000
,
00000100
00000001
00001000
00000000
,
00000010
00001000
00000001
00000000
,
00001000
00000100
00010000
00001000
,
00010000
00001000
00010000
00000100
,
00000000
00010000
00001000
01000000
,
00010000
10000000
01000000
20000000
,
00000000
00000000
30000000
00000000
,
10000000
00000000
00000000
00100000
00000000
01000000
00000000
00000000
,
10010000
00000000
00010000
10000000
00000000
01000000
00000000
00000000
,
00100000
00010000
01000000
00001000
,
00000000
00010000
00000100
00001000
,
00000010
00000100
00000001
00002000
,
00000000
00000000
00000000
00003000
,
00000010
00000020
00000000
00001030
,
00002000
00000000
00003001
00000002
,
00000000
00000103
00000200
00000000
,
00000310
00000000
00001001
00000000
,
00000100
00010000
00001000
00010000
,
00000000
00001000
01000000
00010000
,
00100000
00001000
00010000
00000200
,
00000000
00000000
00000300
00000000
,
00001000
00000000
00000000
00000100
00000000
00000010
00000000
00000000
,
00001001
00000000
00000001
00000100
00000000
00000010
00000000
00000000
,
00001000
00000100
00010000
00001000
,
00000000
00001000
00100000
01000000
,
10000000
00010000
01000000
00200000
,
00000000
00000000
00000000
00300000
,
10000000
20000000
00000000
31000000
,
02000000
00000000
03100000
00200000
,
00000000
00310000
00020000
00000000
,
01030000
00000000
10010000
00000000
,
10000000
01000000
00010000
00000000
,
00001000
00000100
00000001
00000000
,
00000001
00000100
00001000
00000000
,
00010000
01000000
10000000
00000000
,
10000000
00100000
00010000
00000000
,
00001000
00000010
00000001
00000000
,
00000001
00000010
00001000
00000000
,
00010000
00100000
10000000
00000000
,
00010000
01000000
00100000
00000000
,
00010000
00000100
00001000
00000000
,
00000010
00010000
00001000
00000000
,
00010000
00000100
00000010
00000000
,
00000001
00000100
00000010
00000000
,
00001000
00000100
00010000
00000000
,
00001000
01000000
00100000
00000000
,
10000000
00010000
01000000
00000000
,
00100000
10000000
01000000
10000000
,
00000000
00010000
01000000
00010000
,
00000000
01000000
00001000
01000000
,
00000000
00001000
00010000
00001000
,
00000000
00010000
00000100
00010000
,
00000000
00000010
00001000
00000010
,
00000000
00001000
00000100
00001000
,
00000000
00000010
00001000
00000010
,
00000100
00000001
00000100
00000001
,
00000000
00001000
00000100
00001000
,
00000000
00000010
00010000
00000010
,
00000000
00010000
00001000
00010000
,
00000000
00001000
01000000
00001000
,
00000000
00100000
00010000
00100000
,
00000000
01000000
10000000
01000000
,
00000000
10000000
00100000
10000000
,
00100000
00000000
01000000
00010000
01000000
00000000
00100000
10000000
,
00100000
00000000
01000000
00010000
01000000
00000000
00001000
00010000
,
00001000
00000000
00000100
00001000
00000100
00000000
00001000
00000010
,
00001000
00000000
00000001
00000100
00000001
00000000
00000000
00001000
,
00000100
00000000
00010000
00001000
00010000
00000000
00001000
01000000
,
00001000
00000000
00100000
00010000
00100000
00000000
00010000
10000000
,
00010000
00000000
01000000
00100000
01000000
00000000
00010000
01000000
,
00010000
00000000
01000000
00001000
01000000
00000000
00010000
00001000
,
00010000
00000100
00010000
00000100
,
00001000
00000100
00001000
00000100
,
00001000
00000010
00001000
00000010
,
00001000
00000001
00001000
00000001
,
00000100
00000001
00000100
00000001
,
00001000
00000001
00001000
00000001
,
00001000
00000100
00001000
00000100
,
00010000
00001000
00010000
00001000
,
01000000
00001000
01000000
00001000
,
01000000
00010000
01000000
00010000
,
10000000
00010000
10000000
00100000
,
10000000
00100000
10000000
00100000
,
01000000
00100000
01000000
00010000
,
01000000
00010000
01000000
00001000
,
01000000
00001000
01000000
00001000
,
00010000
00001000
00010000
00000000
,
00002000
00000000
00023000
00000000
,
00031000
00000000
00011000
00000000
,
00011000
00000200
00000000
00002300
,
00000000
00003010
00000000
00000100
,
00000000
00001001
00000010
00001000
,
00000100
00000000
00010000
00001000
,
01000000
00000000
00100000
10000000
,
01000000
00000000
10000000
00010000
,
01000000
00010000
01000000
00001000
,
00010000
00000000
00000100
00010000
,
00001000
00000000
00010000
00000010
,
00001000
00000000
00000001
00000100
,
00000010
00000100
00000001
00001000
,
00000100
00000000
00010000
00001000
,
00100000
00000000
00010000
01000000
,
00100000
00000000
10000000
00010000
,
01000000
00100000
01000000
00010000
,
10000000
00000000
01000000
00100000
,
00010000
00000000
01000000
00001000
,
00010000
00000000
00001000
00010000
,
00000100
00001000
00000020
00000000
,
00000000
00000230
00000000
00000000
,
00000302
00000000
00002003
00000000
,
00000000
00003200
00000000
00000000
,
00020300
00000000
00032000
00000000
,
00000000
02003000
00000000
00000000
,
03200000
00000000
20300000
00000000
,
00000000
32000000
00000000
00000000
,
23000000
00000000
30100000
00000000
;

//---------------dance-double - ----------------
#NOTES:
     dance-double:
     :
     Medium:
     9:
     0.684,0.800,0.125,0.144,0.000,472.000,13.000,15.000,0.000,0.000:
00000000
00000000
00000000
00000000
,
00000000
00000000
00000000
00000000
,
00000000
00000000
00000000
00000000
,
00000000
00000000
00000000
00000000
,
00000000
00000000
00000000
00000000
,
00000000
00000000
00000000
00000000
,
00000000
00000000
00000000
00000000
,
00000000
00000000
00000000
00000000
,
00010000
00001000
02000000
00000000
,
03010000
01000000
00002000
00000000
,
00013000
00000100
00002000
00000000
,
00003010
00001000
00000100
00001000
,
00000001
00000100
00000020
00000000
,
00001030
00000100
00020000
00000000
,
00031000
01000000
00200000
00000000
,
10300000
01000000
10000000
00010000
,
01000000
00100000
10000000
01000000
,
00000000
00010000
00001000
00000100
,
00000001
00001000
00000100
00002000
,
00000000
00000000
00000000
00003000
,
00001010
00000000
00000000
00000101
00000000
00001001
00000000
00000000
,
00000000
00000010
00001000
00000200
00000000
00001300
00000000
00000000
,
00000001
00000100
00000010
00001000
,
00000000
00000100
00010000
00001000
,
01000000
00100000
10000000
00020000
,
00000000
00000000
00030000
00000000
,
10000000
00000000
10100000
00000000
,
01000000
00010000
00000000
01000000
,
00001000
00000000
00010000
00000100
,
00000000
00001000
00000010
00000100
,
00000001
00001000
00000100
00000010
,
00000000
00000100
00010000
00001000
,
01000000
00100000
01000000
00020000
,
00000000
00000000
00000000
00030000
,
10100000
00000000
00000000
00110000
00000000
10010000
00000000
00000000
,
00000000
01000000
10000000
00020000
00000000
01030000
00000000
00000000
,
00100000
10000000
01000000
00010000
,
00000000
00001000
00000100
00000001
,
00001000
00000100
00000010
00000001
,
00000000
00000000
00000000
00000000
,
00001010
00000000
00000100
00000001
,
00000101
00000000
00000010
00001000
,
00001100
00000000
00000000
00011000
,
00000000
00000000
01001000
00000000
,
00100000
10000000
01000000
00010000
,
00001000
00000100
00000001
00000100
,
00001000
00000100
00000001
00000010
,
00001000
00010000
00100000
10000000
,
00010000
01000000
00100000
10000000
,
01000000
00010000
00001000
00000100
,
00000001
00000100
00001000
00010000
,
01000000
10000000
00100000
10000000
,
00100000
01000000
00001000
00010000
,
00000100
00001000
00000010
00000100
,
00000001
00001000
00000100
00000010
,
00000001
00000010
00000100
00001000
,
00000100
00010000
00001000
01000000
,
00100000
10000000
01000000
00100000
,
00010000
00100000
01000000
10000000
,
00010000
01000000
00100000
01000000
,
00010000
10000000
01000000
00100000
,
00001000
00010000
00000100
00000010
,
00000001
00000100
00000010
00001000
,
00000100
00010000
00001000
01000000
,
00010000
00100000
01000000
10000000
,
01000000
00100000
01000000
10000000
,
00010000
00100000
01000000
00100000
,
00010000
01000000
00001000
00010000
,
00000100
00001000
00000010
00000100
,
00000010
00001000
00000001
00000100
,
00000010
00000100
00000001
00001000
,
00000100
00000010
00000100
00001000
,
00000001
00000100
00001000
00010000
,
01000000
10000000
00010000
10000000
,
01000000
00010000
00001000
00000100
,
00000001
00001000
00000010
00000100
,
00000001
00000000
00000100
00000010
00001000
00000000
00000100
00010000
,
00001000
01000000
00000000
00100000
10000000
01000000
00000000
10000000
,
00010000
00000000
01000000
00100000
10000000
00000000
00010000
01000000
,
00001000
00010000
00000000
00000100
00001000
00000010
00000000
00000100
,
00000001
00000000
00001000
00000100
00010000
00000000
00001000
01000000
,
00100000
10000000
00000000
00010000
01000000
00100000
00000000
10000000
,
01000000
00000000
00100000
00001000
00010000
00000000
00000100
00001000
,
00000010
00000100
00000000
00000001
00001000
00000100
00000000
00010000
,
00001000
00010000
00000100
00001000
,
00000010
00000100
00000001
00000100
,
00000010
00001000
00000100
00001000
,
00000100
00000000
00001000
00000000
00000001
00000000
00000100
00000010
,
00000100
00000010
00001000
00000100
,
00000010
00000001
00001000
00000100
,
00010000
00001000
01000000
00100000
,
10000000
00000000
00010000
00000000
10000000
00000000
00100000
01000000
,
00100000
10000000
00010000
01000000
,
00100000
10000000
00010000
01000000
,
00100000
01000000
00010000
10000000
,
01000000
00000000
00100000
00000000
00010000
00000000
10000000
01000000
,
10000000
00010000
01000000
00001000
,
00010000
00000100
00001000
00000010
,
00000100
00000001
00001000
00000100
,
00000010
00000001
00000100
00000010
,
00001000
00000001
00001000
00000000
00000100
00000000
00000010
00000001
,
00000010
00000000
00000100
00000000
00001000
00000001
00001000
00000000
,
00000010
00000000
00001000
00000100
00001000
00000000
00000100
00000000
,
00010000
00001000
00010000
00000000
00001000
00000000
01000000
00010000
,
01000000
00100000
10000000
00100000
,
01000000
00010000
10000000
01000000
,
00100000
00010000
00000000
00010000
00100000
00000000
01000000
00000000
,
10000000
00010000
01000000
00001000
,
00010000
00000100
00001000
00000010
,
00000100
00000001
00001000
00000010
,
00000100
00000001
00000000
00000001
00000100
00000000
00000010
00000000
,
00001000
00000100
00010000
00001000
,
01000000
00100000
01000000
00001000
,
00010000
00000100
00001000
00000010
,
00010000
00001000
00000000
00001000
00010000
00000000
00001000
00000000
,
01000000
00100000
10000000
01000000
,
00100000
00010000
01000000
00100000
,
10000000
00010000
01000000
00001000
,
00010000
00001000
00000000
00001000
00010000
00000000
00000100
00000000
,
00001000
00000010
00000100
00000001
,
00001000
00000100
00000010
00000001
,
00000010
00000100
00001000
00000100
,
00020000
00031000
01000000
00010000
,
01000000
00100000
10000000
00100000
,
02000000
03001000
00010000
00001000
,
00010000
00000100
00001000
00000100
,
00020000
00031000
00000010
00001000
,
00000010
00000100
00000001
00000100
,
00000020
00001030
00001001
00000000
;
