#TITLE:WHAT IS LOVE?;
#SUBTITLE:;
#ARTIST:HADDAWAY;
#TITLETRANSLIT:;
#SUBTITLETRANSLIT:;
#ARTISTTRANSLIT:;
#CREDIT:;
#BANNER:WHAT IS LOVE.png;
#BACKGROUND:WHAT IS LOVE-bg.png;
#LYRICSPATH:;
#CDTITLE:cd.png;
#MUSIC:WHAT IS LOVE.mp3;
#OFFSET:-7.875;
#SAMPLESTART:45.817;
#SAMPLELENGTH:12.000;
#SELECTABLE:YES;
#BPMS:0.000=123.894;
#STOPS:;
#BGCHANGES:;
// cache tags:
#FIRSTBEAT:0.000;
#LASTBEAT:176.000;
#SONGFILENAME:Songs/Dance/WHAT IS LOVE/WHAT IS LOVE.sm;
#HASMUSIC:1;
#HASBANNER:1;
#MUSICLENGTH:95.587;
// end cache tags

//---------------dance-single - Basic----------------
#NOTES:
     dance-single:
     Basic:
     Easy:
     2:
     0.236,0.230,0.084,0.209,0.000,130.000,8.000,20.000,0.000,0.000:

2000
0000
0000
0000
,
3002
0000
0000
0000
,
0203
0000
0000
0000
,
0320
0000
0000
0000
,
1030
1000
0010
1000
,
0001
0001
0100
0001
,
1000
1000
0100
1000
,
0001
0001
0010
0001
,
1000
0100
0001
0010
,
1000
0100
0001
0010
,
1000
0010
1000
0001
,
0100
0001
1000
0100
,
1000
0000
2000
0010
,
3100
0000
0002
0100
,
0013
0000
1000
0001
,
0100
0001
1000
0001
,
0100
0000
0002
1000
,
0013
0000
2000
0001
,
3100
0000
0010
0100
,
0010
1000
0010
0000
,
1001
0000
0010
1000
,
0001
0000
0000
0100
,
0010
1000
0000
0001
,
0010
0100
0000
0010
,
1001
0000
0100
0100
,
0100
0000
0000
0001
,
0001
0001
0000
0001
,
1000
0010
1000
0000
,
0100
1000
0100
1000
,
0001
0100
0001
0100
,
0010
1000
0010
1000
,
0001
0100
0001
0100
,
0010
1000
0010
0001
,
0010
1000
0010
0001
,
0100
1000
0100
0001
,
0100
1000
0100
0001
,
0220
0000
0000
0330
,
2002
0000
0000
3003
,
0220
0000
0000
0330
,
0001
1000
0001
1000
,
0220
0000
0000
0330
,
2002
0000
0000
3003
,
0220
0000
0000
0330
,
1000
0001
1000
0001
,
1000
0000
0000
0000;

//---------------dance-single - Trick----------------
#NOTES:
     dance-single:
     Trick:
     Medium:
     5:
     0.279,0.275,0.157,0.084,0.000,164.000,15.000,8.000,0.000,0.000:

















1000
1000
1000
1000
,
0001
0001
0001
0001
,
0100
0100
0100
0100
,
0010
0010
0010
0010
,
1000
0001
0100
0010
,
1000
0100
0010
0001
,
1000
0010
0100
0001
,
0010
0100
1000
1000
,
0101
0000
1100
0000
,
1010
0000
0011
0000
,
0001
0001
0001
0001
,
1000
1000
1000
1000
,
1001
0000
0000
0000
1000
0010
0000
0100
,
0000
0000
1001
0000
0001
0100
0000
0010
,
0000
1001
0010
0010
,
0010
1000
0100
0001
,
0100
0000
0000
0000
0001
1000
0000
0100
,
0000
0000
0110
0000
1000
0001
0000
0010
,
0000
0000
0110
0000
0001
1000
0001
0100
,
0001
1000
0001
0000
0000
0100
0010
1000
,
0000
0000
1001
0000
0001
0100
0010
1000
,
0000
0001
0000
0000
0100
0000
1000
0001
,
0000
0100
0000
0000
0010
0000
1000
0010
,
1000
0000
1001
0000
0000
0100
0010
1000
,
0000
0000
1001
0000
0001
0100
0010
1000
,
0000
0001
0000
0000
0100
0000
1000
0001
,
0000
0100
0000
0000
0010
0000
1000
0010
,
1000
1001
0010
0100
,
0001
1000
0002
0000
,
2003
0000
0000
3000
,
0220
0000
0000
0330
,
0001
1000
0010
0100
,
1000
0001
2000
0000
,
3020
0000
0000
0030
,
2002
0000
0000
3003
,
1000
0001
0100
1000
,
0001
0001
0010
0100
,
1000
1000
0010
0100
,
0001
0001
0010
0100
,
1000
1000
0010
0100
,
0001
1000
0001
0100
,
0010
0100
0001
0100
,
0001
1000
0010
1000
,
0010
0000
0100
0000
0000
1000
0001
0100;

//---------------dance-single - Maniac----------------
#NOTES:
     dance-single:
     Maniac:
     Hard:
     7:
     0.424,0.391,0.157,0.084,0.099,261.000,15.000,8.000,0.000,0.000:

















1000
0000
0000
0000
1000
0000
0000
0000
1000
0000
0000
1000
0000
0000
1000
0000
,
1000
0000
0000
0000
0001
0000
0000
0000
0001
0000
0000
0001
0000
0000
0001
0000
,
0001
0000
0000
0000
0100
0000
0000
0000
0100
0000
0000
0100
0000
0000
0100
0000
,
0100
0000
0000
0000
0010
0000
0000
0000
0010
0000
0000
0010
0000
0000
0010
0000
,
0010
0000
0000
0000
1001
0000
0000
0000
0001
0000
0000
0100
0000
0000
0010
0000
,
0100
0000
0000
0000
1001
0000
0000
0000
0010
0000
0000
0100
0000
0000
0001
0000
,
1000
0000
0000
0000
0110
0000
0000
0000
1000
0000
0000
0010
0000
0000
0100
0000
,
0001
0000
0000
0000
1010
0000
0000
0000
0100
0000
0000
0001
0000
0000
0010
0000
,
0100
1000
0100
0010
0100
1000
0100
0001
,
0100
1000
0100
0010
0100
1000
0100
0010
,
0001
1000
0010
0001
0010
0100
0010
0001
,
0010
1000
0010
0001
0010
0100
1000
0010
,
0100
0000
1000
0000
1000
0002
0000
1003
,
0100
0000
1001
0000
0001
0200
0000
0301
,
1000
0000
1100
0000
1000
0010
1000
0100
,
0010
0100
1000
0001
0100
0010
1000
0000
,
1000
0000
0010
0000
0001
2000
0000
3001
,
0100
0000
1001
0000
1000
0002
0000
0103
,
0010
0000
1000
0000
0001
1000
0010
1000
,
0001
0000
0100
0010
1000
0100
0010
0001
,
1000
0000
1100
0000
0001
1000
0001
0200
,
0000
0310
0100
0000
0011
0000
0100
2000
,
0000
3010
0100
0001
1000
0000
0001
1000
,
0010
0100
0001
0000
0100
0010
1000
0001
,
0010
0000
1100
0000
1000
0010
0100
0002
,
0000
1003
0010
0000
1100
0000
0001
0200
,
0000
0310
1000
0100
0010
0001
0100
0010
,
1000
0010
0100
0010
0100
0001
1000
0001
,
1000
0000
0000
0000
0001
0000
0000
0010
0000
0000
0100
0000
0000
0000
1000
0000
,
1000
0000
0000
0000
0100
0000
0000
0001
0000
0000
0100
0000
0000
0000
0010
0000
,
0100
0000
0000
0000
0001
0000
0000
1000
0000
0000
0010
0000
0000
0000
1000
0000
,
0100
0000
0000
0000
0010
0000
0000
0001
0000
0000
1000
0000
0000
0000
0010
0000
,
0100
0000
0000
0000
1000
0000
0000
0001
0000
0000
0001
0000
0000
0000
1000
0000
,
0010
0000
0000
0000
0100
0000
0000
0100
0000
0000
0010
0000
0000
0000
1000
0000
,
0001
0000
0000
0000
1000
0000
0000
0010
0000
0000
0100
0000
0000
0000
0010
0000
,
0100
0000
0000
0000
1000
0000
0000
0010
0000
0000
0100
0000
0000
0000
0001
0000
,
1000
0010
1000
0001
1000
0010
0100
0001
,
0010
1000
0010
0100
0010
1000
0010
0100
,
1000
0100
0001
0100
1000
0100
0001
0100
,
1000
0010
0100
0001
0100
0010
0100
0000
,
0110
0000
0000
0000
1000
0000
0000
0000
0001
0000
0000
0100
0000
0000
0010
0000
,
0100
0000
0000
0000
1001
0000
0000
0000
0010
0000
0000
0100
0000
0000
0001
0000
,
1000
0000
0000
0000
0110
0000
0000
0000
1000
0000
0000
0010
0000
0000
0100
0000
,
0001
0000
1010
0000
1000
0010
1000
0001
,
0100
0000
0000
0000;
