#TITLE:The Way You Make Me Feel;
#SUBTITLE:(Short & Sweet Mix);
#ARTIST:Michael Jackson;
#TITLETRANSLIT:;
#SUBTITLETRANSLIT:;
#ARTISTTRANSLIT:;
#CREDIT:;
#BANNER:The Way You Make Me Feel (Short & Sweet Mix).png;
#BACKGROUND:The Way You Make Me Feel (Short & Sweet Mix)-BG.png;
#LYRICSPATH:;
#CDTITLE:;
#MUSIC:The Way You Make Me Feel (Short & Sweet Mix).mp3;
#OFFSET:-3.400;
#SAMPLESTART:54.039;
#SAMPLELENGTH:18.800;
#SELECTABLE:YES;
#BPMS:0.000=114.490;
#STOPS:;
#BGCHANGES:;
// cache tags:
#FIRSTBEAT:0.000;
#LASTBEAT:240.000;
#SONGFILENAME:Songs/Pop/The Way You Make Me Feel (Short & Sweet Mix)/The Way You Make Me Feel (Short & Sweet Mix).sm;
#HASMUSIC:1;
#HASBANNER:1;
#MUSICLENGTH:129.392;
// end cache tags

//---------------dance-single - ----------------
#NOTES:
     dance-single:
     :
     Easy:
     2:
     0.342,0.417,0.363,0.232,0.000,233.000,47.000,30.000,0.000,0.000:  // measure 1
1000
0001
1000
0100
,  // measure 2
1000
0010
1000
0001
,  // measure 3
0001
1000
0001
0010
,  // measure 4
0001
0100
0001
1001
,  // measure 5
0110
2000
3000
0002
,  // measure 6
0003
0200
0300
0020
,  // measure 7
0030
2200
3300
0022
,  // measure 8
0033
0220
0330
2002
,  // measure 9
3003
1000
0001
1000
0000
0001
1000
0001
,  // measure 10
0000
0100
0010
0100
0000
0010
0100
0010
,  // measure 11
0001
0100
0010
1000
,  // measure 12
0001
1000
0001
0100
,  // measure 13
0100
0010
0010
0001
,  // measure 14
1000
0001
0100
0010
,  // measure 15
1000
0010
0001
1000
,  // measure 16
0100
1000
0001
1001
,  // measure 17
0100
0001
0100
0010
,  // measure 18
0100
0001
0101
1001
,  // measure 19
1000
1000
0001
0001
,  // measure 20
0100
0010
0100
0110
,  // measure 21
1001
0010
1000
0010
,  // measure 22
0100
1010
0101
1001
,  // measure 23
0220
0330
2002
3003
,  // measure 24
2200
3300
0022
0033
,  // measure 25
1001
1000
0100
0001
,  // measure 26
0001
0010
1000
0110
,  // measure 27
1001
0100
0001
0100
0000
0100
1000
0100
,  // measure 28
1001
1000
0001
1000
,  // measure 29
0001
0100
0010
1000
,  // measure 30
0100
1000
0010
1000
,  // measure 31
0001
1000
0100
1000
,  // measure 32
0010
1000
0001
1000
,  // measure 33
0100
1000
0001
0010
,  // measure 34
0100
0001
0010
0010
,  // measure 35
0100
0001
0001
1100
,  // measure 36
0011
1001
0110
1000
,  // measure 37
0001
0100
0010
0001
,  // measure 38
0010
0100
1000
1000
,  // measure 39
0100
0010
0001
0001
,  // measure 40
0100
0010
1000
1000
,  // measure 41
0010
0100
0001
1000
,  // measure 42
0100
1000
0001
1000
,  // measure 43
0010
1000
0100
1000
,  // measure 44
0001
1000
0001
1000
,  // measure 45
1001
0100
0010
0001
,  // measure 46
0100
0010
0001
1000
,  // measure 47
1001
0100
0001
1000
,  // measure 48
0010
1000
0100
1001
,  // measure 49
1100
0011
1010
0101
,  // measure 50
0110
1001
2002
3003
,  // measure 51
2000
0000
3002
0000
2003
0000
0002
3003
,  // measure 52
0110
1000
0100
0010
,  // measure 53
0100
0001
0010
1000
,  // measure 54
0100
1000
0001
0100
,  // measure 55
0010
1000
0010
0001
,  // measure 56
0100
1001
0110
1100
,  // measure 57
0011
1000
0001
0100
,  // measure 58
0110
0100
0100
0010
,  // measure 59
0010
1001
1100
0011
,  // measure 60
2002
0000
0000
3003
0000
2002
0000
0000
,  // measure 61
3003
0000
0000
0000
;

//---------------dance-single - ----------------
#NOTES:
     dance-single:
     :
     Medium:
     5:
     0.548,0.647,0.410,0.549,0.564,372.000,53.000,71.000,0.000,0.000:  // measure 1
1001
1000
1001
0001
,  // measure 2
1001
1000
1001
0001
,  // measure 3
2001
3001
1002
1003
,  // measure 4
2001
3001
1002
1003
,  // measure 5
0110
2000
3100
0002
0013
0200
0310
0020
,  // measure 6
0130
2002
3003
0220
0330
0200
1300
0020
,  // measure 7
0031
0002
0013
0020
1030
0200
0310
0001
,  // measure 8
1001
0000
1001
2000
0100
0000
0002
3003
,  // measure 9
1100
0000
0000
0001
0000
0000
0010
0000
0000
0000
2200
0000
3300
0000
0000
1000
0000
0000
0100
0000
0000
0000
0011
0000
,  // measure 10
1100
0000
0000
0001
0000
0000
0010
0000
0000
0000
2200
0000
3300
0000
0000
1000
0000
0000
0100
0000
0000
0000
0022
0000
,  // measure 11
0033
0000
1000
0000
0000
1000
0000
0000
0000
0000
1000
0000
0000
0000
2000
0000
0000
0000
0000
0000
3002
0000
0000
0000
0203
0000
0000
0000
0000
0020
0000
0000
,  // measure 12
0000
0000
0000
0000
0300
0030
0000
0000
0000
0000
0000
0000
0000
0000
0000
0000
0000
0000
0000
0000
0000
0000
0000
0000
0000
0000
0000
0000
0000
0000
0000
0000
0000
0000
0000
0000
1000
0000
0000
0000
0100
0000
0000
0000
0000
0000
0000
0000
0001
0000
0000
0000
0000
0000
0000
0000
0000
0000
0000
0000
0000
0000
0000
0000
,  // measure 13
0000
0000
0000
0000
0000
1000
0000
0000
0000
0000
0000
0000
0000
0000
0000
0000
2000
0000
0000
0000
0000
0000
0000
0000
0001
0000
3000
0000
0001
0000
0000
0000
0000
0000
0000
0000
0000
0000
0000
0000
0020
0000
0000
0000
2000
0000
0000
0000
0000
0000
0000
0000
3030
0000
0000
0000
0000
0000
0000
0000
0000
0000
0000
0000
,  // measure 14
0020
0000
0030
0002
0000
0003
0000
1100
0000
0000
0011
0000
0000
0000
0000
0000
,  // measure 15
0000
0000
0000
1000
0010
0000
0000
0000
0002
0000
0003
0020
0000
0030
0000
0100
,  // measure 16
0000
0000
0000
0000
0020
0030
0000
0002
0003
0002
0000
0003
2000
3000
1000
0100
,  // measure 17
0001
0000
0000
0001
0100
0000
0000
1000
0100
0000
0000
0010
0100
0000
0000
0010
,  // measure 18
0020
0030
1000
0200
0300
0000
0000
0000
,  // measure 19
0000
0000
2000
3000
1000
0000
0000
0000
0010
0000
0000
0000
0001
0000
0000
0000
,  // measure 20
1000
0000
0000
0000
0001
0000
0100
0000
0000
0010
0000
1000
0100
0000
0001
0000
,  // measure 21
0000
0000
0000
0001
0000
0000
0000
1000
0000
0000
0100
0000
0020
0030
0000
0000
,  // measure 22
0001
0000
0010
0001
0000
0000
0000
0000
,  // measure 23
0000
0000
1000
0001
0000
0000
0020
0000
0130
0000
1000
0000
0010
0000
0000
0001
,  // measure 24
1000
0000
1000
0001
0000
0000
0022
0033
0000
2200
3300
0000
0220
0000
0330
0000
,  // measure 25
0000
0000
0000
1000
0001
0000
0000
0001
1000
0000
0000
0100
0010
0000
0000
0000
,  // measure 26
1100
0000
1100
0022
0033
0000
0000
0000
,  // measure 27
0000
0000
0000
0100
0010
0000
0000
0010
1000
0000
0000
0000
1100
0000
0000
0000
,  // measure 28
1001
0000
0000
0001
0010
0000
0000
1000
0100
0000
0000
0010
0100
0000
0000
0100
,  // measure 29
0001
0000
0000
0010
0100
0000
0000
0100
0001
0000
0000
0001
1000
0000
0000
0110
,  // measure 30
0000
0000
0000
1000
0001
0000
0000
0001
0010
0000
0000
0100
0001
0000
0000
0010
,  // measure 31
0100
0000
0000
1000
0001
0000
0000
0100
0010
0000
0000
0001
0100
0000
0000
0001
,  // measure 32
1000
0000
0000
1000
0100
0000
0000
0100
0001
0000
0000
0001
0010
0000
0000
0010
,  // measure 33
1000
0000
0000
0010
0100
0000
0000
0100
0001
0000
0000
0001
1000
0000
0000
0101
,  // measure 34
0000
0000
0000
0001
1000
0000
0000
0100
0001
0000
0000
0010
1000
0000
0000
0100
,  // measure 35
0001
0000
0000
1000
0001
0000
0000
0010
0100
0000
0000
0100
1000
0000
0000
0002
,  // measure 36
2000
0000
0000
0000
0000
0000
3003
0000
0000
1000
0100
0000
0001
0000
0000
0000
,  // measure 37
0000
0000
0000
0001
1000
0000
0000
1000
0001
0001
0000
0001
1000
0000
0000
1000
,  // measure 38
0001
0000
0001
0000
1000
0000
1000
0000
0001
0000
0100
0010
0000
0010
0001
0000
,  // measure 39
0000
0000
0000
0001
0100
0000
0000
1000
0100
0000
0000
0010
0100
0000
0000
0010
,  // measure 40
1000
0000
0000
0010
0001
0000
0000
0001
0100
0000
0000
0100
0010
0000
0000
1000
,  // measure 41
0001
0000
0000
0010
0100
0000
0000
0100
0001
0000
0000
0001
1000
0000
0000
0110
,  // measure 42
0000
0000
0000
1000
0001
0000
0000
0001
0010
0000
0000
0100
0001
0000
0000
0110
,  // measure 43
0000
0000
0000
0010
0100
0000
0000
0100
0001
0000
0000
0001
1000
0000
0000
0110
,  // measure 44
0000
0000
0000
1000
0001
0000
0000
0001
0010
0000
0000
0100
0001
0000
0000
0010
,  // measure 45
0100
0000
2000
0000
0000
0000
0000
3002
0000
0000
0000
0000
0103
0000
0000
0000
,  // measure 46
0100
0000
0000
0000
1100
0000
0011
0000
0000
0000
2000
0000
3000
0200
0000
0300
,  // measure 47
0002
0000
0013
0100
0000
0000
2000
3001
0000
0000
0001
1000
0000
0000
0000
1000
,  // measure 48
0001
0000
0000
0000
0000
0000
0000
0000
0000
0000
0000
0000
1001
0000
0000
0000
0000
0000
0000
0000
1100
0000
0000
0000
0000
0000
0000
0000
0011
0000
0000
0000
0000
0000
0000
0000
0000
1001
0000
0000
0000
0000
0000
0000
0000
0000
0000
0000
0110
0000
0000
0000
0000
0000
0000
0000
0000
0000
0000
0000
0000
0000
0000
0000
,  // measure 49
0000
0000
1000
0001
0000
0000
0100
1000
0000
0000
0010
0100
0000
0000
0000
0000
,  // measure 50
2000
0001
3000
0100
0002
0000
0003
0220
0000
0000
0330
0000
0000
0000
0000
0000
,  // measure 51
0000
0000
0000
0100
0010
0000
0000
0010
1000
0000
0000
0000
1100
0000
0000
0000
,  // measure 52
1001
0000
0000
0001
0010
0000
0000
1000
0100
0000
0000
0010
0100
0000
0000
0100
,  // measure 53
0001
0000
0000
0010
0100
0000
0000
0100
0001
0000
0000
0001
1000
0000
0000
0110
,  // measure 54
0000
0000
0000
0001
0010
0000
0000
1000
0100
0000
0000
0010
0100
0000
0000
0100
,  // measure 55
0001
0000
0000
0010
0100
0000
0000
0100
0001
0000
0000
0001
1000
0000
0000
0110
,  // measure 56
0000
0001
0000
0000
0010
0100
0000
0000
0100
0001
0000
0000
0001
1000
0000
0000
,  // measure 57
0110
0000
1000
0001
1000
0100
0010
0001
,  // measure 58
0002
0003
0000
1000
0001
0000
1000
0000
0000
0200
0000
0000
0320
0000
0000
0032
,  // measure 59
0000
0000
0003
0100
1000
0000
1001
0000
0110
0000
0000
0000
1010
0000
0000
1000
,  // measure 60
0001
0000
0000
0000
1100
0000
0000
0110
0000
0000
2002
0000
0000
3003
0000
0000
;

//---------------dance-single - ----------------
#NOTES:
     dance-single:
     :
     Hard:
     8:
     0.608,0.603,0.549,0.997,0.560,351.000,71.000,129.000,0.000,0.000:  // measure 1
1001
1000
1001
0001
,  // measure 2
1001
1000
1001
0001
,  // measure 3
0110
0100
0110
0010
,  // measure 4
0110
0100
0110
0010
,  // measure 5
2001
3001
1002
1003
,  // measure 6
0120
0130
0210
0310
,  // measure 7
2100
3100
0012
0013
,  // measure 8
0201
0301
1020
1030
,  // measure 9
1001
0000
0000
2000
0100
0000
0010
0000
3000
0000
0000
0002
0010
0000
0100
0003
,  // measure 10
0000
0000
0000
0000
2000
0000
0000
0000
0100
0000
0000
0000
3010
0000
0000
0000
0000
0000
0002
0000
0000
0010
0000
0000
0010
0000
0000
0000
0100
0000
0003
0000
,  // measure 11
1000
0000
0000
0000
0000
0000
0000
0000
0001
0000
0000
0000
0000
0000
0000
0000
0000
0000
0000
0000
1000
0000
0000
0000
0000
0000
0001
0000
0000
0000
0000
0000
0000
0000
0000
0000
0000
0001
0000
0000
0000
0000
0000
0000
0000
0000
0000
0000
0001
0000
0000
0000
0000
0000
0000
0000
0000
0000
0000
0000
0000
0000
0000
0000
,  // measure 12
2002
0000
0000
0000
0000
0000
0000
0000
0000
3003
1000
0100
0001
0000
0000
0000
,  // measure 13
0000
0000
1000
0100
0000
0000
0010
0000
0001
0000
0001
0000
2000
0000
3020
0030
,  // measure 14
0001
0000
0000
0000
0000
0100
0000
0000
0000
0000
0200
0000
0020
0000
0000
0000
0000
0000
0330
0000
0000
0000
0000
0000
0000
0000
0000
0000
0000
0000
0000
0000
,  // measure 15
0000
0000
0000
1000
0010
0000
0002
0000
0010
0000
0013
0000
0100
0000
1000
0000
,  // measure 16
0001
0000
0000
0000
0000
0000
0000
0000
0100
0000
0000
0000
0000
0000
0000
0000
0001
0000
0000
0000
0000
0000
0000
0000
0000
0000
0000
0000
0000
0000
0000
0000
0001
0000
0000
0000
0000
0000
0000
0000
0000
0000
0000
0000
0001
0000
0000
0000
0002
0000
0000
0000
0000
0100
0000
0000
0000
0000
1000
0000
0000
0000
0000
0000
,  // measure 17
0003
0000
0000
2000
0100
0000
0001
0000
3010
0000
0002
0000
0010
0000
0000
0003
,  // measure 18
2000
0000
0000
0200
0000
3300
0022
0000
0000
0000
0000
0033
0000
0000
0000
0000
,  // measure 19
0000
0000
0000
1000
0100
0000
0001
0000
0010
0000
1000
0000
0100
0000
0001
1000
,  // measure 20
0000
0000
0001
0000
1000
0000
0002
0000
0000
2003
3000
0001
1000
1000
0001
0000
,  // measure 21
0000
0000
0002
0000
1003
0000
0000
2000
0000
3001
0000
0100
0010
0100
0000
0000
,  // measure 22
2002
0000
0000
3003
0220
0330
2002
0000
0000
3003
0000
0000
0000
0000
0000
0000
,  // measure 23
0000
0000
2000
0000
0000
0001
0000
0000
0000
0000
3000
0000
0001
0000
0000
0000
0010
0000
0000
0000
0000
1000
0000
0000
0001
0000
0000
0000
0000
0000
0000
0000
,  // measure 24
1010
0000
0100
0000
0001
0000
0202
0000
0303
2020
0000
3030
2002
0000
3003
0000
,  // measure 25
0000
0000
2000
3001
0000
0020
0130
0000
0002
2000
0000
3003
,  // measure 26
2002
0000
3003
0110
0000
2002
0000
0000
0000
3003
0000
0000
,  // measure 27
0000
0000
0000
0000
0000
1000
0000
0000
0100
0000
0000
0000
0000
0001
0000
0000
0010
0000
0000
0000
0000
0000
0000
0000
1100
0000
0000
0000
0000
0000
0022
0000
,  // measure 28
0000
0000
0033
0000
0000
1000
0000
0000
0001
0000
1000
0000
0000
0010
0000
0000
0100
0000
0010
0000
0000
0000
0000
0000
2002
0000
0000
0000
0000
3003
0000
0000
,  // measure 29
0000
0000
0000
0000
0000
0000
0000
0000
0000
0000
1000
0000
0000
0000
0000
0000
0100
0000
0000
0000
0000
0000
0000
0000
0000
0000
0001
0000
0000
0000
0000
0000
0010
0000
0000
0000
0000
0000
0000
0000
0000
0000
0000
0000
0220
0000
0000
0000
0330
0000
0000
0000
0000
2002
0000
0000
0000
0000
0000
0000
0000
0000
0000
0000
,  // measure 30
3003
0000
0000
0000
0000
0200
0000
0000
0310
0000
0000
0000
0000
0002
0000
0000
1003
0000
0000
0000
0000
0000
0220
0000
0000
0000
0330
0000
2002
0000
0000
0000
,  // measure 31
3003
0000
0000
0000
0000
0000
0000
0000
0000
0000
0001
0000
0000
0000
0000
0000
0010
0000
0000
0000
0000
0000
0000
0000
0000
0000
1000
0000
0000
0000
0000
0000
0100
0000
0000
0000
0000
0000
0000
0000
0000
0000
0000
0000
2002
0000
0000
0000
3003
0000
0000
0000
0000
0220
0000
0000
0000
0000
0000
0000
0000
0000
0000
0000
,  // measure 32
0330
0000
0000
0000
0002
0000
0203
0000
0300
0010
0000
0000
0100
0000
0000
0000
2000
0000
3200
0000
0300
0010
0000
0000
,  // measure 33
0002
0000
0000
0000
2000
0000
0000
0000
0000
0003
3000
0000
0000
0000
0000
0220
0000
0000
0000
0000
0000
0330
0000
0000
,  // measure 34
0000
0000
0000
1000
0100
0000
0000
0100
0001
0000
0000
0010
1000
0000
0000
2002
,  // measure 35
0000
0000
0000
3003
0000
0000
0000
0000
0000
0000
0000
0000
0000
0000
0000
1001
,  // measure 36
0000
0000
2000
0002
0000
0000
0000
0000
3003
0100
0010
0000
0110
0000
0000
0000
,  // measure 37
1001
0000
0000
0000
0000
0000
0000
0000
1000
0000
0000
0000
0100
0000
0000
0000
0000
0000
0000
0000
0000
0001
0000
0000
0000
0000
0020
0000
0000
0000
0000
0000
0000
0000
0000
0000
0000
0030
0000
0000
0000
0000
2002
0000
0000
0000
0000
0000
0000
0000
0000
0000
0000
0000
0000
0000
0000
0000
3003
0000
0000
0000
0000
0000
,  // measure 38
1001
0000
0000
0000
0000
0000
0000
0000
0001
0000
0000
0000
0010
0000
0000
0000
0000
0000
0000
0000
0000
0100
0000
0000
0000
0000
2000
0000
0000
0000
0000
0000
0000
0000
0000
0000
0000
3000
0000
0000
0000
0000
2002
0000
0000
0000
0000
0000
0000
0000
0000
0000
0000
0000
0000
0000
0000
0000
3003
0000
0000
0000
0000
0000
,  // measure 39
1001
0000
0000
0000
0000
0000
0000
0000
0010
0000
0000
0000
0100
0000
0000
0000
0000
0000
0000
0000
0000
0100
0000
0000
0000
0000
0002
0000
0000
0000
0000
0000
0000
0000
0000
0000
0000
0003
0000
0000
0000
0000
2002
0000
0000
0000
0000
0000
0000
0000
0000
0000
0000
0000
0000
0000
0000
0000
3003
0000
0000
0000
0000
0000
,  // measure 40
1001
0000
0000
0000
0000
0000
0000
0000
1000
0000
0000
0000
0100
0000
0000
0000
0000
0000
0000
0000
0000
0001
0000
0000
0000
0000
0020
0000
0000
0000
0000
0000
0000
0000
0000
0000
0000
0030
0000
0000
0000
0000
2002
0000
0000
0000
0000
0000
0000
0000
0000
0000
0000
0000
0000
0000
0000
0000
3003
0000
0000
0000
0000
0000
,  // measure 41
1001
0000
0000
0000
0000
0000
0000
0000
0010
0000
0000
0000
0001
0000
0000
0000
0000
0000
0000
0000
0000
0000
0000
0000
0100
0000
0002
0000
0000
0000
0000
0000
0000
0000
0000
0000
0000
0003
0000
0000
0000
0000
0000
0000
0000
0000
0000
0000
0100
0000
0000
0000
0000
0000
0000
0000
0000
0000
0000
0000
0000
0000
0000
0000
,  // measure 42
1001
0000
0000
0100
0000
0000
0100
0000
2000
0000
0002
0000
0000
0000
3003
0000
0220
0000
0000
0000
0000
0000
0330
0000
,  // measure 43
1001
0000
0000
0000
0000
0000
0000
0000
0001
0000
0000
0000
0100
0000
0000
0000
0000
0000
0000
0000
0000
0002
0000
0000
0000
0000
2000
0000
0000
0000
0000
0000
0000
0000
0000
0000
0000
3003
0000
0000
0000
0000
0220
0000
0000
0000
0000
0000
0000
0000
0000
0000
0000
0000
0000
0000
0000
0000
0330
0000
0000
0000
0000
0000
,  // measure 44
1001
0000
0000
0000
0000
0000
0000
0000
0100
0000
0000
0000
1000
0000
0000
0000
0000
0000
0000
0000
0000
0002
0000
0000
0000
0000
2000
0000
0000
0000
0000
0000
0000
0000
0000
0000
0000
3003
0000
0000
0000
0000
0220
0000
0000
0000
0000
0000
0000
0000
0000
0000
0000
0000
0000
0000
0000
0000
0330
0000
0000
0000
0000
0000
,  // measure 45
1001
0000
1000
0010
0000
0000
0001
0100
0000
0000
0010
1000
0000
0000
0001
0100
,  // measure 46
0000
0000
0000
0000
0000
0000
0000
0000
2000
0000
0000
0000
0000
0000
0000
0000
0000
0000
0000
0000
0002
0000
0000
0000
0000
0000
0000
0000
3003
0000
0000
0000
0000
0000
0000
0000
0000
0000
0000
0000
0000
0000
0200
0000
0000
0000
0000
0000
0000
0000
0000
0000
0000
0302
0000
0000
0000
0000
0000
0000
2000
0000
0000
0000
,  // measure 47
0000
0000
0000
0000
0000
0003
0000
0000
3000
0000
0000
0000
0000
0000
0000
0000
0000
0000
0000
0000
0100
0000
0000
0000
0001
0000
0000
0000
0000
0000
0000
0000
1100
0000
0000
0000
0000
0000
0000
0000
0011
0000
0000
0000
0000
0000
0000
0000
0110
0000
0000
0000
0000
0000
0000
0000
0000
0000
0000
0000
1001
0000
0000
0000
,  // measure 48
0000
0000
1000
0001
0000
0000
1001
0000
0000
1001
0000
0000
2002
0000
0000
0000
,  // measure 49
3003
0000
0000
0010
0001
0000
0000
0001
0100
0000
0100
1000
0000
0000
1000
0000
,  // measure 50
0010
0000
0000
0200
0000
0000
0000
0002
0000
0000
0303
0000
0000
0000
0000
0000
,  // measure 51
0000
0000
0000
2000
0100
0000
3000
0002
0010
0000
0003
0000
0220
0000
0330
0000
,  // measure 52
1001
0000
0000
1000
0100
0000
0000
0100
0010
0000
0000
0010
0100
0000
0000
0100
,  // measure 53
0001
0000
0000
0001
1000
0000
0000
1000
0100
0000
0000
0100
0001
0000
0000
0001
,  // measure 54
0010
0000
0000
0010
1000
0000
0000
1000
0100
0000
0000
0100
0010
0000
0000
0010
,  // measure 55
0001
0000
0000
0001
0100
0000
0000
0100
1000
0000
0000
1000
0010
0000
0000
0010
,  // measure 56
0001
0000
0000
0001
0100
0000
0000
0100
1000
0000
0000
1000
0100
0000
0000
0100
,  // measure 57
0010
0000
0000
0010
0001
0000
0000
0001
0100
0000
0000
1100
0000
0000
1100
0010
,  // measure 58
0000
0000
0000
0000
0000
0022
0000
0000
0000
0000
0033
0000
0000
0000
0000
0000
0010
0000
0000
0000
0100
0000
0000
0000
2000
0000
0000
0000
0002
0000
0000
0000
0000
0000
0000
0000
0000
0000
0000
0000
3003
0000
0000
0000
0110
0000
0000
0000
0000
0000
0000
0000
2000
0000
0000
0000
3001
0000
0000
0000
0000
0000
0000
0000
,  // measure 59
0100
0000
0010
0000
0000
1000
0000
0000
0200
0000
0000
0000
0310
0000
0000
0000
0001
0000
0000
0000
1000
0000
0000
0000
2000
0000
0002
0000
0000
0000
0000
0000
,  // measure 60
3003
0000
0000
0000
0000
0000
0000
0000
1000
0000
0000
0000
0000
0001
1000
0000
0000
0000
1000
0000
0020
0000
0000
0000
0002
0000
0000
0000
0000
0000
0000
0000
,  // measure 61
0033
0000
0000
0000
;
