#TITLE:DANCING ALL ALONE;
#SUBTITLE:;
#ARTIST:SMiLE.dk;
#TITLETRANSLIT:;
#SUBTITLETRANSLIT:;
#ARTISTTRANSLIT:;
#CREDIT:;
#BANNER:DANCING ALL ALONE-banner.png;
#BACKGROUND:DANCING ALL ALONE-bg.png;
#LYRICSPATH:;
#CDTITLE:Dancemania X8.png;
#MUSIC:DANCING ALL ALONE.mp3;
#OFFSET:1.360;
#SAMPLESTART:41.497;
#SAMPLELENGTH:12.000;
#SELECTABLE:YES;
#BPMS:0.000=140.000;
#STOPS:;
#BGCHANGES:;
// cache tags:
#FIRSTBEAT:12.000;
#LASTBEAT:172.000;
#SONGFILENAME:Songs/DDI/DANCING ALL ALONE/DANCING ALL ALONE.sm;
#HASMUSIC:1;
#HASBANNER:1;
#MUSICLENGTH:76.311;
// end cache tags

//---------------dance-single - ----------------
#NOTES:
     dance-single:
     :
     Easy:
     2:
     0.230,0.248,0.092,0.000,0.000,116.000,7.000,0.000,0.000,0.000:  // measure 1
0000
0000
0000
0000
,  // measure 2
0000
0000
0000
0000
,  // measure 3
0000
0000
0000
0000
,  // measure 4
0001
0000
1000
0000
,  // measure 5
0010
0001
0001
0001
,  // measure 6
0010
1000
1000
0000
,  // measure 7
1001
0000
0000
0000
,  // measure 8
0001
0000
1000
0000
,  // measure 9
0010
0001
0001
0001
,  // measure 10
0010
1000
1000
0000
,  // measure 11
0001
0000
0001
0001
,  // measure 12
0001
0100
1000
0000
,  // measure 13
0000
1000
0100
1000
,  // measure 14
0001
0100
1000
0100
,  // measure 15
1000
0000
1000
1000
,  // measure 16
1000
0100
0001
0000
,  // measure 17
0000
0001
0100
0001
,  // measure 18
1001
0000
0000
0000
,  // measure 19
0000
0001
0001
0000
,  // measure 20
1000
0001
0100
0000
,  // measure 21
0001
0001
0010
0010
,  // measure 22
1000
0001
0100
0100
,  // measure 23
0000
1000
1000
0000
,  // measure 24
0001
1000
0100
0000
,  // measure 25
1000
1000
0010
0010
,  // measure 26
0001
1000
0000
1001
,  // measure 27
0010
0001
0010
0000
,  // measure 28
0100
0100
0100
0000
,  // measure 29
0010
1000
0010
0001
,  // measure 30
0100
0000
0100
0001
,  // measure 31
0010
1000
0010
0000
,  // measure 32
0100
0100
0100
0000
,  // measure 33
0010
0001
0010
1000
,  // measure 34
0100
0000
0100
1001
,  // measure 35
0000
0001
0100
0100
,  // measure 36
0001
0000
0100
0000
,  // measure 37
1000
1000
0100
0100
,  // measure 38
1000
0000
0110
0000
,  // measure 39
0000
1000
0100
0100
,  // measure 40
1000
0000
0100
0000
,  // measure 41
0001
0001
0100
0100
,  // measure 42
1001
0000
0000
0010
,  // measure 43
0110
0000
0000
0000
;

//---------------dance-single - ----------------
#NOTES:
     dance-single:
     :
     Medium:
     5:
     0.376,0.423,0.406,0.000,0.000,170.000,31.000,0.000,0.000,0.000:  // measure 1
0000
0000
0000
0000
,  // measure 2
0000
0000
0000
0000
,  // measure 3
0000
0000
0000
0000
,  // measure 4
1001
0000
0000
0000
,  // measure 5
1001
0000
1000
0100
0010
0000
0100
0010
,  // measure 6
0001
0000
0010
0001
1000
0000
0100
0000
,  // measure 7
1001
0000
0110
0000
,  // measure 8
1000
0100
0010
0000
0001
0100
0010
0000
,  // measure 9
1000
1100
0001
0101
,  // measure 10
1000
0100
0001
0100
1000
0010
0100
0000
,  // measure 11
0101
0000
1010
0000
,  // measure 12
0110
0000
1000
0001
0000
0110
0000
0000
,  // measure 13
0000
0010
0001
0010
0100
0010
0100
1000
,  // measure 14
0100
0000
0010
0100
0000
0101
0000
0000
,  // measure 15
0000
1000
0100
0010
0001
0010
0100
1000
,  // measure 16
0001
0000
0100
0100
0000
1001
0000
0000
,  // measure 17
0000
0100
0010
0100
1000
0010
0100
0010
,  // measure 18
1000
1100
0010
0011
,  // measure 19
0000
0000
0100
0100
0000
0000
0001
0000
,  // measure 20
1000
0000
1000
0000
0000
0001
0100
0001
,  // measure 21
0000
0010
0100
0010
,  // measure 22
0001
0100
0010
1000
,  // measure 23
1100
0000
0001
0001
0000
0000
1000
0000
,  // measure 24
0100
0000
0010
0000
0000
1000
0010
0001
,  // measure 25
0000
0000
0010
0010
0000
0000
1000
0000
,  // measure 26
0100
0010
0001
1000
,  // measure 27
0100
1100
0010
0101
,  // measure 28
0010
0000
0100
1000
0000
0001
0100
0010
,  // measure 29
0000
1000
1100
0100
,  // measure 30
0101
0001
0011
0010
,  // measure 31
1010
0100
0011
0100
,  // measure 32
1000
0000
0010
0100
0000
1000
0100
0010
,  // measure 33
0000
0011
0010
0100
,  // measure 34
1100
0010
0100
0001
,  // measure 35
0110
0000
0110
0000
,  // measure 36
0001
0000
1000
0100
0000
0010
0001
0010
,  // measure 37
0000
0001
0100
1000
,  // measure 38
0100
0001
0100
0010
,  // measure 39
1000
0101
1000
0101
,  // measure 40
0001
1100
0001
1100
,  // measure 41
0001
0010
0100
1000
,  // measure 42
0010
0000
0100
0100
0000
0010
1000
0001
,  // measure 43
1001
0000
0000
0000
,  // measure 44
0100
0000
0000
0000
;

//---------------dance-single - ----------------
#NOTES:
     dance-single:
     :
     Hard:
     7:
     0.470,0.479,0.485,0.000,0.007,214.000,37.000,0.000,0.000,0.000:  // measure 1
0000
0000
0000
0000
,  // measure 2
0000
0000
0000
0000
,  // measure 3
0000
0000
0000
0000
,  // measure 4
0010
0010
1000
1010
,  // measure 5
0010
0100
1000
0001
0100
0010
1000
0001
,  // measure 6
0010
0100
1000
0001
0010
0100
1000
0000
,  // measure 7
1100
0000
0101
0000
,  // measure 8
0010
0011
1100
0100
,  // measure 9
1000
1000
0100
0010
0001
0001
1000
0100
,  // measure 10
0010
0010
0001
1000
0100
0100
0100
0000
,  // measure 11
0000
0010
0010
0001
0100
0001
1000
0001
,  // measure 12
0101
0000
0100
0001
0000
1001
0000
0000
,  // measure 13
0000
0010
0010
0100
1000
1000
0001
0000
,  // measure 14
1000
0100
0010
0001
0000
0011
0000
0000
,  // measure 15
0000
1000
1000
0100
0001
0001
0100
0010
,  // measure 16
0110
0000
0001
1000
0000
0110
0000
0000
,  // measure 17
0000
0001
0001
0100
0010
0010
0100
0000
,  // measure 18
0001
0010
0100
1000
0000
1100
0000
0000
,  // measure 19
0001
0000
0101
0000
1000
0100
1000
0100
,  // measure 20
0010
0100
1000
1001
,  // measure 21
0101
0000
0100
1000
0100
0000
1100
0000
,  // measure 22
0001
0101
0010
1010
,  // measure 23
0100
0000
0100
0000
0001
0100
0010
0100
,  // measure 24
0100
0000
0000
0000
,  // measure 25
1000
0000
0001
1000
0000
0000
0000
0000
0001
0000
0010
0000
0001
0000
0100
0000
,  // measure 26
0001
1001
0101
1100
,  // measure 27
1000
0100
0010
0001
0100
0010
1000
0000
,  // measure 28
0110
0000
0100
1001
0000
0000
0000
0000
,  // measure 29
0010
0010
0100
0001
0010
0100
1000
0000
,  // measure 30
1100
1000
0001
0011
0000
1001
0000
0000
,  // measure 31
1000
0100
0001
0100
1000
0001
0001
0000
,  // measure 32
1001
0000
0010
0110
0000
0000
0000
0000
,  // measure 33
1000
1000
0100
1000
0010
0100
0001
0000
,  // measure 34
0101
0001
1000
1010
0000
1001
0000
0000
,  // measure 35
0000
0001
0010
0100
1000
0001
0100
1000
,  // measure 36
1100
0000
0100
0010
0000
0010
0000
0100
,  // measure 37
0000
1000
1000
0100
0010
0001
0001
0100
,  // measure 38
0110
0000
1000
0001
0000
1001
0000
0000
,  // measure 39
0000
1000
0100
0010
0001
1000
0010
0001
,  // measure 40
0011
0000
0100
0010
0000
1000
0000
0001
,  // measure 41
0000
0010
0100
0010
0001
0001
0001
0000
,  // measure 42
0110
0000
1000
1000
0100
0001
0101
0000
,  // measure 43
1001
0000
0000
0000
,  // measure 44
0100
0000
0000
0000
;

//---------------dance-double - ----------------
#NOTES:
     dance-double:
     :
     Easy:
     2:
     0.176,0.248,0.066,0.000,0.000,89.000,5.000,0.000,0.000,0.000:  // measure 1
00000000
00000000
00000000
00000000
,  // measure 2
00000000
00000000
00000000
00000000
,  // measure 3
00000000
00000000
00000000
00000000
,  // measure 4
10000000
00000000
00000000
00000000
,  // measure 5
00100000
00010000
00010000
00010000
,  // measure 6
00100000
00001000
00001000
00000000
,  // measure 7
00011000
00000000
00000000
00000000
,  // measure 8
00000001
00000000
00000000
00000000
,  // measure 9
00000010
00001000
00001000
00001000
,  // measure 10
00000010
00010000
00010000
00000000
,  // measure 11
00000000
00000000
00000000
00000000
,  // measure 12
00010000
01000000
10000000
00000000
,  // measure 13
10000000
00000000
10000000
00000000
,  // measure 14
10000000
01000000
00010000
00001000
,  // measure 15
00000000
00000000
00000000
00000000
,  // measure 16
00000001
00000100
00001000
00000000
,  // measure 17
00000000
00000000
00000000
00000000
,  // measure 18
00001001
00000000
00000000
00000000
,  // measure 19
00000000
00010000
00010000
00000000
,  // measure 20
10000000
00010000
01000000
00000000
,  // measure 21
00010000
00000000
00001000
00000000
,  // measure 22
00000100
00000000
00000000
00000000
,  // measure 23
00000000
00001000
00001000
00000000
,  // measure 24
00000001
00001000
00000100
00000000
,  // measure 25
00001000
00000000
00010000
00000000
,  // measure 26
01000000
00000000
00000000
00000000
,  // measure 27
00100000
00010000
00100000
00000000
,  // measure 28
01000000
01000000
01000000
00000000
,  // measure 29
00100000
10000000
00100000
00010000
,  // measure 30
00001000
00000000
00000000
00000000
,  // measure 31
00000010
00001000
00000010
00000000
,  // measure 32
00000100
00000100
00000100
00000000
,  // measure 33
00000010
00000001
00000010
00001000
,  // measure 34
00010000
00000000
00000000
01000000
,  // measure 35
00000000
00010000
01000000
00000000
,  // measure 36
00010000
00000000
01000000
00000000
,  // measure 37
00100000
00000000
00010000
00000000
,  // measure 38
00001000
00000000
00000110
00000000
,  // measure 39
00000000
00000001
00000100
00000100
,  // measure 40
00000001
00000000
00000100
00000000
,  // measure 41
00001000
00001000
00010000
00010000
,  // measure 42
01100000
00000000
00000000
00100000
,  // measure 43
10010000
00000000
00000000
00000000
;

//---------------dance-double - ----------------
#NOTES:
     dance-double:
     :
     Medium:
     5:
     0.431,0.451,0.380,0.000,0.000,201.000,29.000,0.000,0.000,0.000:  // measure 1
00000000
00000000
00000000
00000000
,  // measure 2
00000000
00000000
00000000
00000000
,  // measure 3
00000000
00000000
00000000
00000000
,  // measure 4
00011000
00000000
00000000
00000000
,  // measure 5
00010000
00100000
01000000
00000000
00100000
00010000
00001000
00000000
,  // measure 6
00001000
00000010
00000100
00000000
00000010
00001000
00010000
00000000
,  // measure 7
00011000
00000000
00011000
00000000
,  // measure 8
00001000
00000100
00000010
00000001
00000000
00000000
00000000
00000000
,  // measure 9
00001000
00000001
00000100
00000000
00000010
00001000
00010000
00000000
,  // measure 10
01000000
00100000
10000000
00000000
01000000
00100000
00010000
00000000
,  // measure 11
00000000
01000000
01000000
00100000
01000000
00010000
01000000
00001000
,  // measure 12
00010000
00000000
00000100
00010000
00000000
00010100
00000000
00001100
,  // measure 13
00000000
00000100
00001000
00000001
00000100
00000100
00000010
00000100
,  // measure 14
00001000
00000000
00010000
00001000
00000000
00011000
00000000
00011000
,  // measure 15
00000000
01000000
01000000
01000000
00001000
00010000
00000010
00000010
,  // measure 16
00000010
00000000
00010000
00001000
00000000
00101000
00000000
00110000
,  // measure 17
00000000
00010000
10000000
10000000
10000000
01000000
00100000
00010000
,  // measure 18
00001000
00011000
00001100
00000110
,  // measure 19
00010000
00000000
00010000
00000000
00001000
00000100
00000001
00000100
,  // measure 20
00001000
00000000
00000000
00000000
,  // measure 21
00000000
00000000
00100000
01000000
00010000
00100000
01000000
10000000
,  // measure 22
00010000
00000000
00010000
00001000
00000000
00001100
00000000
00000000
,  // measure 23
00000001
00000010
00000100
00010000
00001000
00100000
01000000
10000000
,  // measure 24
00010000
00000000
00000000
00000000
,  // measure 25
00010000
00000000
00010000
00000000
00100000
00010000
00001000
00000100
,  // measure 26
00000010
00000000
00000001
00000010
00000000
00000110
00000000
00000000
,  // measure 27
00000010
00000010
00001000
00000100
00010000
00001000
01000000
00010000
,  // measure 28
01000000
00000000
00001000
00001000
00000000
00000000
00000000
00000000
,  // measure 29
00100000
01000000
10000000
00010000
00100000
00001000
00010000
00000000
,  // measure 30
01000000
01000000
01000000
01000000
00000000
00011000
00000000
00000000
,  // measure 31
00000010
00000000
00000010
00000000
00001000
00000010
00000001
00000000
,  // measure 32
00000010
00000000
00001010
00000000
00001000
00000000
00000000
00010000
,  // measure 33
01000000
00010000
00001000
00010000
01000000
00000000
10010000
00000000
,  // measure 34
10000000
01000000
00100000
00001000
00000000
00011000
00000000
00000000
,  // measure 35
00000000
00010000
00010000
00000010
00010000
00000000
00001010
00000000
,  // measure 36
00000101
00000000
00000100
00000010
00000000
00010000
00000000
10000000
,  // measure 37
00000000
11000000
00100000
01010000
,  // measure 38
00010000
00001010
00000001
00001100
,  // measure 39
00000000
00010000
00010000
00000100
00001000
00000000
00001001
00000000
,  // measure 40
00000110
00000000
00010000
00001000
00000000
01100000
00000000
01100000
,  // measure 41
00000000
00010000
10000000
01000000
00100000
00010000
01000000
00001000
,  // measure 42
00010000
00000010
00000100
00000001
00001000
00000100
00010000
01000000
,  // measure 43
00100000
00000000
00000000
00000000
,  // measure 44
00011000
00000000
00000000
00000000
;

//---------------dance-double - ----------------
#NOTES:
     dance-double:
     :
     Hard:
     7:
     0.494,0.451,0.301,0.000,0.000,241.000,23.000,0.000,0.000,0.000:  // measure 1
00000000
00000000
00000000
00000000
,  // measure 2
00000000
00000000
00000000
00000000
,  // measure 3
00000000
00000000
00000000
00000000
,  // measure 4
00100000
00000000
00001000
00011000
00000000
00000000
00000000
00000000
,  // measure 5
00010000
01000000
10000000
01000000
00010000
00001000
00000010
00000001
,  // measure 6
00000010
00001000
00010000
00001000
00100000
00001000
00010000
00000000
,  // measure 7
00100000
01000000
10000000
00010000
01000000
00001000
00010000
00000000
,  // measure 8
00001010
00000000
00000001
00000100
00000000
00000000
00000000
00000000
,  // measure 9
00000010
00000100
00001000
00010000
00100000
01000000
00010000
00100000
,  // measure 10
01000000
10000000
00010000
00001000
00000100
00000010
00000001
00000000
,  // measure 11
00000000
00000100
00000100
00000010
00000001
00000100
00001000
00010000
,  // measure 12
00100000
00000000
01000000
01000000
00000000
01010000
00000000
00011000
,  // measure 13
00000000
00000010
00000001
00001000
00000100
00010000
00001000
00100000
,  // measure 14
00010000
10000000
01000000
01000000
00000000
10010000
00000000
00000000
,  // measure 15
00000000
00100000
00100000
00010000
01000000
00001000
00010000
00000010
,  // measure 16
00001000
00000000
00000100
00000100
00000000
00001100
00000000
00011000
,  // measure 17
00000000
00010000
00001000
00000010
00001000
00010000
00001000
00010000
,  // measure 18
00100000
00010000
00001000
00010000
00000000
00011000
00000000
00000000
,  // measure 19
00000010
00000000
00000010
00000000
00001000
00000001
00000100
00001000
,  // measure 20
00010000
00001000
00000010
00000001
00000100
00001000
00001000
00001000
,  // measure 21
00010000
00000000
01000000
00000000
10000000
00100000
01000000
00010000
,  // measure 22
00001000
00000010
00000100
00000001
00000000
00000110
00000000
00000000
,  // measure 23
00001000
00000000
00001000
00000000
00010000
00100000
10000000
01000000
,  // measure 24
01000000
10000000
00100000
01000000
00100000
00010000
00010000
00010000
,  // measure 25
00001000
00000000
00000100
00000000
00000001
00000010
00000100
00001000
,  // measure 26
00010000
00100000
01000000
10000000
00000000
10010000
00000000
00000000
,  // measure 27
00100000
00100000
00010000
00001000
00010000
01000000
00010000
00010000
,  // measure 28
00011000
00000000
00001000
00000100
00000000
00000000
00000000
00000000
,  // measure 29
00000100
00000010
00001000
00000001
00000010
00000100
00010000
00010000
,  // measure 30
00001000
00100000
00010000
00110000
00000000
11000000
00000000
00000000
,  // measure 31
00100000
00100000
10000000
00010000
01000000
00001000
00010000
00010000
,  // measure 32
00010100
00000000
00000010
00000001
00000000
00000000
00000000
00000100
,  // measure 33
00000100
00000010
00010000
00001000
00010000
01000000
00100000
00100000
,  // measure 34
00010000
10000000
00100000
00110000
00000000
00011000
00000000
00000000
,  // measure 35
00000000
00001000
00001000
00001000
00000010
00010000
00000100
00001000
,  // measure 36
00001001
00001000
00010000
10010000
,  // measure 37
00000000
00010000
00100000
01000000
10000000
10000000
10000000
01000000
,  // measure 38
00001000
00010000
00000010
00000001
00000000
00000101
00000000
00000000
,  // measure 39
00000000
00000010
00000010
00000010
00001000
00010000
00010000
00010000
,  // measure 40
01000000
00000000
10000000
10000000
00000000
00101000
00000000
00010100
,  // measure 41
00000000
00001000
00001000
00000001
00000100
00000100
00000010
00010000
,  // measure 42
00001000
00100000
01000000
10000000
00000000
00010000
00010000
00010000
,  // measure 43
01010000
00000000
00000000
00000000
,  // measure 44
00001100
00000000
00000000
00000000
;
