#TITLE:DOESN'T REALLY MATTER;
#SUBTITLE:;
#ARTIST:JANET JACKSON;
#TITLETRANSLIT:;
#SUBTITLETRANSLIT:;
#ARTISTTRANSLIT:;
#CREDIT:;
#BANNER:DOESN'T REALLY MATTER.png;
#BACKGROUND:DOESN'T REALLY MATTER-bg.png;
#LYRICSPATH:;
#CDTITLE:./CDTITLES/Dancing Stage SuperNOVA.png;
#MUSIC:DOESN'T REALLY MATTER.mp3;
#OFFSET:-0.138;
#SAMPLESTART:62.913;
#SAMPLELENGTH:15.000;
#SELECTABLE:YES;
#DISPLAYBPM:99.000;
#BPMS:0.000=98.900,33.000=89.000,34.000=100.000,39.000=99.400;
#STOPS:;
#BGCHANGES:;
// cache tags:
#FIRSTBEAT:8.000;
#LASTBEAT:133.500;
#SONGFILENAME:Songs/Pop/DOESN'T REALLY MATTER/DOESN'T REALLY MATTER.sm;
#HASMUSIC:1;
#HASBANNER:1;
#MUSICLENGTH:83.565;
// end cache tags

//---------------dance-single - ----------------
#NOTES:
     dance-single:
     :
     Beginner:
     1:
     0.087,0.099,0.000,0.000,0.000,51.000,0.000,0.000,0.000,0.000:  // measure 1
0000
0000
0000
0000
,  // measure 2
0000
0000
0000
0000
,  // measure 3
0001
0000
0000
0000
,  // measure 4
0010
0000
0000
0000
,  // measure 5
1000
0000
0001
0000
,  // measure 6
0100
0000
0000
0000
,  // measure 7
1000
0000
0010
0000
,  // measure 8
0100
0000
0000
0000
,  // measure 9
0001
0000
1000
0000
,  // measure 10
1000
0000
0001
0000
,  // measure 11
0001
0000
0000
0000
,  // measure 12
1000
0000
0000
0000
,  // measure 13
0100
0000
0000
0000
,  // measure 14
0010
0000
0000
0000
,  // measure 15
1000
0000
0000
0000
,  // measure 16
0001
0000
0000
0000
,  // measure 17
0100
0000
0000
0000
,  // measure 18
0010
0000
0000
0000
,  // measure 19
1000
0000
0001
0000
,  // measure 20
1000
0000
0010
0000
,  // measure 21
0001
0000
1000
0000
,  // measure 22
0001
0000
0010
0000
,  // measure 23
1000
0000
0001
0000
,  // measure 24
1000
0000
0001
0000
,  // measure 25
0100
0000
0010
0000
,  // measure 26
0100
0000
0010
0000
,  // measure 27
0001
0000
1000
0000
,  // measure 28
0001
0000
1000
0000
,  // measure 29
0100
0000
0010
0000
,  // measure 30
0100
0000
0010
0000
,  // measure 31
1000
0000
1000
0000
,  // measure 32
0001
0000
0001
0000
,  // measure 33
1000
0000
0010
0000
,  // measure 34
0001
0000
0000
0000
;

//---------------dance-single - ----------------
#NOTES:
     dance-single:
     :
     Easy:
     3:
     0.115,0.118,0.000,0.024,0.000,65.000,0.000,2.000,0.000,0.000:  // measure 1
0000
0000
0000
0000
,  // measure 2
0000
0000
0000
0000
,  // measure 3
0001
0000
0000
0000
,  // measure 4
0010
0000
0000
0000
,  // measure 5
1000
0000
0001
0000
,  // measure 6
0100
0000
0000
0000
,  // measure 7
1000
0000
0010
0000
,  // measure 8
0100
0000
0000
0000
,  // measure 9
0001
0000
1000
0000
,  // measure 10
1000
0000
0001
0000
,  // measure 11
0001
1000
0000
0000
,  // measure 12
1000
0001
0000
0000
,  // measure 13
0100
0010
0000
0000
,  // measure 14
0010
0100
0000
0000
,  // measure 15
1000
0001
0000
0000
,  // measure 16
0001
1000
0000
0000
,  // measure 17
0200
0000
0000
0300
,  // measure 18
0020
0000
0000
0030
,  // measure 19
1000
0000
0001
0000
,  // measure 20
1000
0100
0010
0000
,  // measure 21
0001
0000
1000
0000
,  // measure 22
0001
0000
0010
0100
,  // measure 23
1000
0000
0001
0010
,  // measure 24
1000
0000
0001
0000
,  // measure 25
0100
0000
0010
1000
,  // measure 26
0100
0000
0010
0000
,  // measure 27
0001
0000
1000
0010
,  // measure 28
0001
0000
1000
0000
,  // measure 29
0100
0000
0010
0001
,  // measure 30
0100
0000
0010
0000
,  // measure 31
1000
0001
1000
0000
,  // measure 32
0001
0000
0001
0000
,  // measure 33
1000
0100
0010
0000
,  // measure 34
0001
0000
0000
0000
;

//---------------dance-single - ----------------
#NOTES:
     dance-single:
     :
     Medium:
     5:
     0.287,0.300,0.180,0.000,0.114,153.000,15.000,0.000,0.000,0.000:  // measure 1
0000
0000
0000
0000
,  // measure 2
0000
0000
0000
0000
,  // measure 3
0010
0000
0000
0100
0001
0000
0000
0010
,  // measure 4
1000
0000
0000
0001
1001
0100
0010
1001
,  // measure 5
0110
0000
0000
1000
0100
0000
0000
0001
,  // measure 6
0100
0000
0000
1000
0010
0000
0000
1001
,  // measure 7
0100
0000
0000
0010
0001
0000
0000
0100
,  // measure 8
0010
0000
1001
0000
0000
0000
0000
0110
0000
0000
0000
0000
0000
0000
1001
0000
,  // measure 9
0100
0000
1000
0100
,  // measure 10
0010
0001
0100
0010
,  // measure 11
1000
0000
0000
0001
0000
0000
0100
0000
0000
0000
0001
0000
0100
0000
0000
0000
,  // measure 12
1000
0000
0000
0010
0000
0000
0100
0000
0000
0000
0001
0000
0100
0000
0000
0000
,  // measure 13
0010
0000
0000
1000
0000
0000
0001
0000
0000
0000
0001
0000
0100
0000
0000
0000
,  // measure 14
0010
0000
0000
1000
0000
0000
0100
0000
0000
0000
0001
0000
0100
0000
0000
0000
,  // measure 15
0001
0000
0000
1000
0000
0000
0010
0000
0000
0000
0001
0000
0100
0000
0000
0000
,  // measure 16
0001
0000
0000
0010
0000
0000
0100
0000
0000
0000
0001
0000
0100
0000
0000
0000
,  // measure 17
1000
0010
0100
0001
0000
0001
0100
0000
,  // measure 18
0010
0100
1000
0001
0000
0001
0100
0000
,  // measure 19
1001
0000
1100
0000
,  // measure 20
0010
0000
0001
0100
0010
0000
1000
0000
,  // measure 21
0001
0000
0000
1000
0000
0000
0001
0000
0000
1000
0000
0000
0100
0000
0010
0000
,  // measure 22
0001
0100
0010
1000
,  // measure 23
0001
0000
0010
0000
0100
0000
0000
0000
1000
0000
0000
0001
0000
0000
1000
0000
,  // measure 24
0001
0000
0100
0000
0010
0000
0000
0000
1000
0000
0000
0001
0000
0000
1000
0000
,  // measure 25
0010
0000
0100
0000
0001
0000
0000
0000
1000
0000
0000
0001
0000
0000
1000
0000
,  // measure 26
0100
0000
0010
0000
0001
0000
0000
0000
1000
0000
0000
0100
0000
0000
0000
0000
,  // measure 27
0001
0000
0100
0000
0010
0000
0000
0000
1000
0000
0000
0001
0000
0000
1000
0000
,  // measure 28
1000
0000
0100
0000
0010
0000
0000
0000
0001
0000
0000
1000
0000
0000
0001
0000
,  // measure 29
0100
0000
0010
0000
1000
0000
0000
0000
1000
0000
0000
0001
0000
0000
1000
0000
,  // measure 30
1000
0100
0001
0000
1000
0010
0100
0001
,  // measure 31
1001
0000
0000
0110
0000
0000
1001
0000
0000
0000
0000
0000
0000
0000
0000
0000
,  // measure 32
0100
0010
1000
0001
,  // measure 33
0110
0000
0000
1001
0000
0000
0110
0000
0000
0000
0000
0000
0000
0000
0000
0000
,  // measure 34
1000
0000
0000
0001
0000
0000
0100
0000
0000
0000
0000
0000
0000
0000
0000
0000
;

//---------------dance-single - ----------------
#NOTES:
     dance-single:
     :
     Hard:
     7:
     0.373,0.399,0.120,0.024,0.263,206.000,10.000,2.000,0.000,0.000:  // measure 1
0000
0000
0000
0000
,  // measure 2
0000
0000
0000
0000
,  // measure 3
0100
0000
0001
1000
0001
0000
1000
0001
,  // measure 4
1000
0000
0000
0000
0001
0000
1000
0000
0100
0000
1000
0100
1000
0100
1000
0000
,  // measure 5
0001
0000
1000
0010
0100
0000
0001
0010
,  // measure 6
0100
0000
1000
0001
0100
0000
0010
1001
,  // measure 7
0100
0000
0010
1000
0100
0000
0010
0001
,  // measure 8
0100
0000
1001
0000
0000
0000
0000
0110
0000
0000
0000
0000
0000
0000
1001
0000
,  // measure 9
0100
0000
1000
0010
,  // measure 10
0100
0001
0010
0100
,  // measure 11
1000
0000
0001
0100
0000
0001
0010
0000
0000
0000
0100
0000
1000
0000
0000
0000
,  // measure 12
0001
0000
1000
0100
0000
1000
0010
0000
0000
0000
0100
0000
0001
0000
0000
0000
,  // measure 13
0010
0000
0100
1000
0000
0001
0100
0000
0000
0000
0010
0000
1000
0000
0000
0000
,  // measure 14
0100
0000
0010
0001
0000
1000
0010
0000
0000
0000
0100
0000
0001
0000
0000
0000
,  // measure 15
1000
0000
0001
0100
0000
0001
0010
0000
0000
0000
0100
0000
1000
0000
0000
0000
,  // measure 16
0001
0000
1000
0100
0000
1000
0010
0000
0000
0000
0100
0000
0001
0000
0000
0000
,  // measure 17
2000
0000
0000
0000
0000
0000
0000
3000
0000
0000
0001
0000
0100
0000
0000
0000
,  // measure 18
2000
0000
0000
3000
0001
0010
0000
0000
,  // measure 19
0000
1000
0100
0000
0000
0001
0100
0000
,  // measure 20
1000
0000
0001
0100
0000
0010
1000
0000
0100
0000
0000
0010
0000
0000
0000
0000
,  // measure 21
0001
0000
0000
1000
0000
0000
0001
0000
0000
1000
0000
0000
0100
0000
0010
0000
,  // measure 22
0001
0000
0100
0000
1000
0000
0100
0010
,  // measure 23
0001
0100
0001
0100
0001
0000
1000
0000
0100
0000
0010
0001
0000
0000
1000
0000
,  // measure 24
0001
0000
0100
0001
0000
0000
1000
0000
0001
0000
1000
0100
0000
0000
0001
0000
,  // measure 25
1000
0100
1000
0100
1000
0000
0001
0000
0100
0000
0010
1000
0000
0000
0001
0000
,  // measure 26
1000
0000
0001
0100
0000
0000
1000
0000
0001
0000
1000
0100
0000
0000
0000
0000
,  // measure 27
0001
0100
0001
0010
0001
0000
0100
0000
0010
0000
1000
0100
0000
0000
0010
0000
,  // measure 28
0001
0000
1000
0010
0000
0000
0100
0000
0001
0000
1000
0010
0000
0000
0100
0000
,  // measure 29
0001
0010
0001
0100
0001
0000
0010
0000
0100
0000
1000
0001
0000
0000
0100
0000
,  // measure 30
0010
0000
1000
0001
0000
0000
0010
0000
0100
0000
1000
0000
0010
0000
0100
0000
,  // measure 31
1001
0000
0000
0110
0000
0000
1001
0000
0000
0000
0000
0000
0000
0000
0000
0000
,  // measure 32
0010
0000
0100
0000
1000
0000
0001
0010
0001
0000
0100
0000
0010
0000
0000
0000
,  // measure 33
1001
0000
0000
0110
0000
0000
1001
0000
0000
0000
0000
0000
0010
0000
0100
0000
,  // measure 34
0010
0000
0001
0100
0000
1000
0100
0000
0000
0000
0000
0000
0000
0000
0000
0000
;

//---------------dance-double - ----------------
#NOTES:
     dance-double:
     :
     Easy:
     2:
     0.101,0.138,0.024,0.000,0.000,57.000,2.000,0.000,0.000,0.000:  // measure 1
00000000
00000000
00000000
00000000
,  // measure 2
00000000
00000000
00000000
00000000
,  // measure 3
01000000
00000000
00000000
00000000
,  // measure 4
00001000
00000000
00000000
00000000
,  // measure 5
00010000
00000000
00000000
00000000
,  // measure 6
00000100
00000000
00000000
00000000
,  // measure 7
00001000
00000000
00000000
00000000
,  // measure 8
00000001
00000000
00000000
00000000
,  // measure 9
00000100
00000000
00000001
00000000
,  // measure 10
00001000
00000000
00000100
00000000
,  // measure 11
00010000
00000000
00001000
00000000
,  // measure 12
01000000
00000000
00001000
00000000
,  // measure 13
00001000
00000000
00010000
00000000
,  // measure 14
00000100
00000000
00010000
00000000
,  // measure 15
00010000
00000000
00001000
00000000
,  // measure 16
01000000
00000000
00010000
00000000
,  // measure 17
10000000
00000000
00000000
00000000
,  // measure 18
00010000
00000000
00000000
00000000
,  // measure 19
10000000
00000000
01000000
00000000
,  // measure 20
00010000
00001000
00000100
00000000
,  // measure 21
00000001
00000000
00000000
00000000
,  // measure 22
00001000
00000000
00000001
00000000
,  // measure 23
00000100
00000000
00001000
00000000
,  // measure 24
00010000
00000000
01000000
00000000
,  // measure 25
01000000
00000000
00010000
00000000
,  // measure 26
00001000
00000000
00000100
00000001
,  // measure 27
00000100
00000000
00001000
00000000
,  // measure 28
00010000
00000000
01000000
00000000
,  // measure 29
01000000
00000000
10000000
00000000
,  // measure 30
00010000
00000000
01000000
00100000
,  // measure 31
10010000
00000000
00000000
01000000
,  // measure 32
00001000
00000000
00010000
00000000
,  // measure 33
00011000
00000000
00000000
00000010
,  // measure 34
00000100
00000000
00000000
00000000
;

//---------------dance-double - ----------------
#NOTES:
     dance-double:
     :
     Medium:
     5:
     0.219,0.240,0.000,0.000,0.030,128.000,0.000,0.000,0.000,0.000:  // measure 1
00000000
00000000
00000000
00000000
,  // measure 2
00000000
00000000
00000000
00000000
,  // measure 3
00010000
00000000
00001000
00010000
,  // measure 4
01000000
00000000
00001000
00000000
,  // measure 5
00010000
00000000
00001000
00010000
,  // measure 6
00000010
00000000
00001000
00000000
,  // measure 7
00010000
00000000
00001000
00010000
,  // measure 8
00100000
00000000
00001000
00000000
,  // measure 9
00000010
00000000
00000001
00000100
,  // measure 10
00001000
00010000
01000000
10000000
,  // measure 11
00010000
00000000
01000000
00100000
,  // measure 12
10000000
00000000
01000000
00100000
,  // measure 13
00001000
00000000
00010000
00000100
,  // measure 14
00010000
00000000
00001000
01000000
,  // measure 15
00010000
00000000
00100000
01000000
,  // measure 16
10000000
00000000
00100000
01000000
,  // measure 17
00001000
00010000
00000010
00001000
00000001
00000000
00000000
00000000
,  // measure 18
00001000
00000100
00010000
00001000
00100000
00000000
00000000
00000000
,  // measure 19
01000000
00000000
10000000
00100000
01000000
00000000
00010000
00100000
,  // measure 20
01000000
00000000
00010000
00000000
00001000
00000000
00000100
00000001
,  // measure 21
00000010
00000000
00000000
00000100
00000000
00000000
00001000
00000000
00000000
00000001
00000000
00000000
00000100
00000000
00000000
00000000
,  // measure 22
00001000
00000000
00010000
00000000
01000000
00000000
00010000
00001000
,  // measure 23
00000100
00000001
00000010
00000000
00000100
00000000
00000100
00000000
,  // measure 24
00001000
00000010
00000100
00000000
00001000
00000000
00001000
00000000
,  // measure 25
00010000
01000000
10000000
00000000
00100000
00000000
00100000
00000000
,  // measure 26
01000000
00010000
10000000
00000000
00010000
10000000
01000000
00000000
,  // measure 27
00010000
00001000
00000100
00000000
00000001
00000000
00000001
00000000
,  // measure 28
00000010
00001000
00010000
00000000
00100000
00000000
00100000
00000000
,  // measure 29
10000000
01000000
00010000
00000000
00001000
00000000
00001000
00000000
,  // measure 30
00000100
00000001
00000010
00000000
00000100
00001000
00000010
00000000
,  // measure 31
00000100
00000000
00000000
00000001
00000000
00000000
00001000
00000000
00000000
00000000
00000000
00000000
00000100
00000000
00000000
00000000
,  // measure 32
00010000
00001000
00100000
00010000
,  // measure 33
10000000
00000000
00000000
00100000
00000000
00000000
01000000
00000000
00000000
00000000
00000000
00000000
00010000
00000000
00000000
00000000
,  // measure 34
00100000
00000000
00000000
00001000
00000000
00000000
00010000
00000000
00000000
00000000
00000000
00000000
00000000
00000000
00000000
00000000
;

//---------------dance-double - ----------------
#NOTES:
     dance-double:
     :
     Hard:
     7:
     0.354,0.419,0.000,0.000,0.251,207.000,0.000,0.000,0.000,0.000:  // measure 1
00000000
00000000
00000000
00000000
,  // measure 2
00000000
00000000
00000000
00000000
,  // measure 3
00001000
00000000
00000001
00000100
00001000
00000000
00000001
00000010
,  // measure 4
00000100
00000000
00000000
00000000
00001000
00000000
00000010
00000000
00010000
00000000
00001000
00100000
00010000
00100000
00001000
00000000
,  // measure 5
00010000
00000000
00000010
00001000
00000100
00000000
00000010
00000001
,  // measure 6
00000100
00000000
00001000
00010000
01000000
10000000
00010000
01000000
,  // measure 7
00100000
00000000
10000000
00010000
00100000
00000000
01000000
00010000
,  // measure 8
00001000
00000100
00000001
00001000
00000100
00010000
00001000
00100000
,  // measure 9
00010000
00000000
10000000
00100000
,  // measure 10
01000000
00010000
10000000
01000000
,  // measure 11
00010000
00000000
00000000
00001000
00000000
00000000
00000100
00000000
00000000
00000000
00010000
00000000
00001000
00000000
00000000
00000000
,  // measure 12
00001000
00000000
00000000
00010000
00000000
00000000
01000000
00000000
00000000
00000000
00001000
00000000
00010000
00000000
00000000
00000000
,  // measure 13
00000010
00000000
00000000
00000100
00000000
00000000
00000001
00000000
00000000
00000000
00001000
00000000
00000100
00000000
00000000
00000000
,  // measure 14
00010000
00000000
00000000
00001000
00000000
00000000
00100000
00000000
00000000
00000000
00010000
00000000
01000000
00000000
00000000
00000000
,  // measure 15
00001000
00000000
00000000
00010000
00000000
00000000
01000000
00000000
00000000
00000000
00001000
00000000
00010000
00000000
00000000
00000000
,  // measure 16
00010000
00000000
00000000
00001000
00000000
00000000
00000100
00000000
00000000
00000000
00010000
00000000
00001000
00000000
00000000
00000000
,  // measure 17
00100000
00000000
00000000
01000000
00000000
00000000
10000000
00000000
00000000
00000000
00010000
00000000
01000000
00000000
00000000
00000000
,  // measure 18
00001000
00000000
00000000
00010000
00000000
00000000
00000010
00000000
00000000
00000000
00001000
00000000
00000001
00000000
00000000
00000000
,  // measure 19
00000010
00000000
00000100
00000000
00000000
00001000
00000000
00000000
00000001
00000000
00000000
00000100
00000000
00000000
00000010
00000000
,  // measure 20
00001000
00000000
00000100
00000000
00000000
00010000
00000000
00000000
00001000
00000000
00000000
00100000
00000000
00000000
00010000
00000000
,  // measure 21
10000000
00000000
00100000
01000000
00000000
00100000
01000000
00000000
00010000
00000000
10000000
00000000
01000000
00000000
00010000
00000000
,  // measure 22
00001000
00000000
00000100
00000000
00010000
00000000
01000000
10000000
,  // measure 23
00010000
00000000
01000000
00000000
00100000
10000000
00000000
00000000
01000000
00000000
00100000
00010000
00000000
00000000
01000000
00000000
,  // measure 24
00001000
00000000
00010000
00000000
00000000
00000010
00000000
00000000
00001000
00000000
00000001
00000010
00000000
00000000
00000100
00000000
,  // measure 25
00001000
00000000
00000001
00000000
00000100
00000000
00001000
00000000
00010000
00000000
01000000
00010000
00000000
00000000
00001000
00000000
,  // measure 26
00000100
00000000
00001000
00000000
00010000
00001000
00000000
00000000
00100000
00010000
00100000
00010000
00100000
00010000
00100000
00010000
,  // measure 27
00100000
00000000
01000000
00000000
10000000
00010000
00000000
00000000
01000000
00000000
00001000
00010000
00000000
00000000
00000010
00000000
,  // measure 28
00001000
00000000
00000100
00000000
00000000
00010000
00000000
00000000
00001000
00000000
00100000
00010000
00000000
00000000
10000000
00000000
,  // measure 29
01000000
00000000
00010000
00000000
01000000
10000000
00000000
00000000
00010000
00000000
01000000
00001000
00000000
00000000
00010000
00000000
,  // measure 30
00001000
00000000
00000010
00000000
00000001
00000100
00000000
00000000
00000010
00001000
00000010
00001000
00000010
00001000
00000010
00001000
,  // measure 31
00000010
00000000
00000000
00010000
00000000
00000000
00001000
00000000
00000000
00000000
00000010
00000000
00000100
00000000
00000000
00000000
,  // measure 32
00010000
00000000
00001000
00010000
00001000
00000000
00010000
00000000
00000000
00000000
00100000
00000000
01000000
00000000
00000000
00000000
,  // measure 33
00010000
00000000
00000000
10000000
00000000
00000000
01000000
00000000
00000000
00000000
00010000
00000000
00001000
00000000
00000000
00000000
,  // measure 34
00000100
00000000
00000001
00001000
00000000
00000100
00000010
00000000
00000000
00000000
00000000
00000000
00000000
00000000
00000000
00000000
;
