#TITLE:Indigo Vision;
#SUBTITLE:(Full Flavour Hide Around Mix);
#ARTIST:TaQ;
#TITLETRANSLIT:;
#SUBTITLETRANSLIT:;
#ARTISTTRANSLIT:;
#CREDIT:;
#BANNER:Indigo Vision (Full Flavour Hide Around Mix).png;
#BACKGROUND:Indigo Vision (Full Flavour Hide Around Mix)-bg.png;
#LYRICSPATH:;
#CDTITLE:dmashuras2.png;
#MUSIC:Indigo Vision (Full Flavour Hide Around Mix).mp3;
#OFFSET:-1.971;
#SAMPLESTART:20.521;
#SAMPLELENGTH:12.000;
#SELECTABLE:YES;
#BPMS:0.000=155.000;
#STOPS:;
#BGCHANGES:;
// cache tags:
#FIRSTBEAT:8.000;
#LASTBEAT:243.000;
#SONGFILENAME:Songs/DDI/Indigo Vision (Full Flavour Hide Around Mix)/Indigo Vision (Full Flavour Hide Around Mix).sm;
#HASMUSIC:1;
#HASBANNER:1;
#MUSICLENGTH:98.723;
// end cache tags

//---------------dance-single - ----------------
#NOTES:
     dance-single:
     :
     Hard:
     8:
     0.570,0.615,0.213,0.223,0.071,351.000,21.000,22.000,0.000,0.000:
0000
0000
0000
0000
,
0000
0000
0000
0000
,
1000
1000
0001
0001
,
0100
0000
0100
0000
0010
0000
0010
0000
0000
0010
0000
0000
0110
0000
0000
0000
,
1000
0100
0010
0000
0010
0001
0100
0000
,
0100
0010
1000
0000
1000
0001
1000
0000
,
0001
0010
0100
0000
0100
1000
0010
0000
,
0010
0100
0010
0000
0001
1000
0001
0000
,
1000
0100
0010
0001
0010
0100
0100
0000
,
0001
0100
0010
1000
0001
0100
0100
0000
,
1000
0001
0010
0001
1000
0100
0100
0000
,
0010
1000
0100
0010
0001
1000
1001
0000
,
1000
0100
1000
0010
1000
0100
1000
0010
,
1000
0100
1000
0010
0100
0001
0010
0100
,
1000
0010
0100
0010
1000
0010
0100
0010
,
1000
0000
0001
0000
0010
0000
0100
0000
0010
0000
0001
0000
0100
0001
0000
0000
,
1000
0010
0100
0001
1000
0010
0100
0001
,
1000
0000
0010
0000
0100
0000
0001
0000
0010
0000
0100
0000
1000
0001
0000
0000
,
0010
0100
1000
0001
0010
0100
1000
0001
,
0010
0000
0100
0000
0100
1000
0000
1000
0001
0000
0001
0100
0000
0100
0010
0000
,
2002
0000
0000
0000
,
3003
1000
0010
0100
,
0202
0300
2000
3000
,
0020
0030
0200
0303
,
2200
0000
0000
0000
,
3300
0001
1000
0010
,
0220
0300
2000
0030
,
0002
0000
3000
0000
0200
0000
0303
0100
,
2020
0000
0000
3030
,
0202
0303
2200
3300
,
0011
0100
1010
0100
,
1100
1010
0101
0011
,
1000
0100
0010
0001
0010
0100
1000
0100
,
0010
0001
0010
0100
1000
0010
0100
0001
,
0010
0100
1000
0010
0100
0001
0010
0100
,
1000
0100
0010
0001
1000
0100
0010
0001
,
1000
0010
0100
0010
1000
0001
0010
0100
,
0010
0001
1000
0010
0100
0010
1000
0001
,
0100
0010
0100
0001
1000
0100
0010
0100
,
1000
0010
0100
0001
0010
0100
1000
0001
,
0010
1100
0010
0101
,
0010
1100
0010
0101
,
0220
0000
0000
0000
,
0000
0000
0000
0330
,
1000
0100
0001
0100
1000
0100
0001
0100
,
1000
0100
0001
0100
1000
0100
0010
0001
,
1000
0010
0001
0010
1000
0010
0001
0010
,
1000
0000
0010
0000
0100
0000
0001
0000
0010
0000
0100
0000
1000
0001
0000
0000
,
0001
0100
1000
0100
0001
0010
1000
0010
,
0001
0000
0100
0000
1000
0000
0100
0000
0001
0000
0010
0000
0100
1000
0000
0000
,
0001
0100
1000
0100
0001
0010
1000
0010
,
0001
0000
1000
0000
1000
0100
0000
0100
0010
0000
0010
0001
0000
0001
0100
0000
,
0001
0010
0100
1000
,
0010
1000
0100
0000
0100
0010
0001
0000
,
0001
0100
0010
0000
0010
1000
0001
0000
,
1000
0001
0100
0000
0100
0010
1000
0000
,
1000
0100
0010
0000
0010
0001
0100
0000
,
0010
1000
0001
0010
0100
1000
1000
0000
,
0100
0001
0010
0100
1000
0001
0001
0000
,
0100
0010
1000
0001
0010
0100
1000
0001
,
0100
0000
0100
0000
0010
0000
0010
0000
0000
0010
0000
0000
0110
0000
0000
0000
;

//---------------dance-double - ----------------
#NOTES:
     dance-double:
     :
     Medium:
     6:
     0.430,0.554,0.213,0.517,0.000,225.000,21.000,51.000,0.000,0.000:
00000000
00000000
00000000
00000000
,
00000000
00000000
00000000
00000000
,
10000000
01000000
00100000
00010000
,
01000000
00000000
00100000
00100000
00000000
00000000
01100000
00000000
,
01000000
00000000
00100000
00000000
10000000
01000000
10000000
00000000
,
00100000
00000000
01000000
00000000
00010000
01000000
00010000
00000000
,
00100000
00000000
00001000
00000000
00010000
00001000
00010000
00000000
,
00000010
00000000
00001000
00000000
00000001
00000010
00000001
00000000
,
00000100
00000010
00000100
00000000
00000001
00001000
00000001
00000000
,
00001000
00000010
00001000
00000000
00000100
00010000
00000100
00000000
,
00010000
00001000
00010000
00000000
00001000
01000000
00001000
00000000
,
01000000
00100000
01000000
00000000
00100000
00000000
10010000
00000000
,
21000000
00100000
01000000
00100000
,
01000000
00010000
30100000
01000000
,
00020000
00000010
00001000
00000100
,
00001000
00000010
00031000
00000010
,
00000002
00000010
00000100
00000010
,
00000100
00000010
00001003
00000100
,
00002000
00100000
00010000
01000000
,
00010000
00100000
00013000
00100000
,
20200000
00000000
00000000
00300000
,
00020000
30000000
02000000
00030000
,
03002000
00000000
00020000
00030000
,
00020000
00030000
00020000
00033000
,
00020200
00000000
00000000
00030000
,
00000020
00000300
00000002
00000030
,
00000203
00000000
00000020
00000030
,
00000020
00000030
00000020
00000330
,
00002002
00000000
00000000
00003003
,
00002200
00003300
00022000
00033000
,
00202000
00303000
00020020
00030030
,
00101000
00011000
00001100
00000101
,
00001002
00000000
00000013
00000000
00000100
00001000
00000100
00000000
,
00020000
00031000
00200000
00310000
,
20000000
01000000
00100000
00010000
,
30200000
01000000
10300000
01100000
,
20010000
00000000
31000000
00000000
00100000
00010000
00100000
00000000
,
00002000
00013000
00000200
00001300
,
00000002
00000010
00000100
00001000
,
00000203
00000010
00000301
00000110
,
00000001
00000010
00000100
00001000
,
00010000
00100000
01000000
10000000
,
02200000
00000000
00000000
00000000
,
00000000
00000000
00000000
03300000
,
20000000
31000000
00020000
01030000
,
20000000
30100000
00020000
00130000
,
10000000
01000000
00010000
00001000
,
00000100
00000001
00001000
00000001
,
00000002
00000103
00002000
00003100
,
00000002
00000013
00002000
00003010
,
00000001
00000100
00001000
00010000
,
01000000
10000000
00010000
10000000
,
02000000
00100000
00100000
03100000
,
00010000
00000000
00100000
00000000
01000000
10000000
00100000
00000000
,
01000000
00001000
01000000
00000000
00001000
00010000
00001000
00000000
,
00010000
00000000
00000100
00000000
00000010
00000001
00000010
00000000
,
00000001
00000100
00000010
00001000
00000001
00000000
00001001
00000000
,
00001000
00000000
00000010
00000000
00010000
00001000
00010000
00000000
,
00001000
00010000
00001000
00000000
01000000
00000000
00010000
00000000
,
10000000
01000000
00010000
00001000
,
00000010
00000000
00000001
00000001
00000000
00000000
00001001
00000000
;

//---------------dance-double - ----------------
#NOTES:
     dance-double:
     :
     Easy:
     4:
     0.334,0.400,0.182,0.294,0.000,184.000,18.000,29.000,0.000,0.000:
00000000
00000000
00000000
00000000
,
00000000
00000000
00000000
00000000
,
10000000
01000000
00100000
00010000
,
01000000
00100000
00000000
01100000
,
01000000
00100000
10000000
10000000
,
00100000
01000000
00010000
00010000
,
00100000
00001000
00010000
00010000
,
00000010
00001000
00000001
00000001
,
00000100
00000010
00001000
00000001
,
00000010
00000100
00010000
00001000
,
00100000
00001000
01000000
00100000
,
10000000
01000000
00100000
00010000
,
21000000
01000000
01000000
01000000
,
00010000
00010000
30010000
01010000
,
00021000
00001000
00001000
00001000
,
00000100
00000100
00030100
00001100
,
00000012
00000010
00000010
00000010
,
00000100
00000100
00000103
00001100
,
00012000
00010000
00010000
00010000
,
00100000
00100000
00103000
00110000
,
20020000
00000000
00000000
00030000
,
02000000
00000000
00000000
30000000
,
00020000
00000000
00000000
03000000
,
00002000
00000000
00000000
00033000
,
00002002
00000000
00000000
00003000
,
00000200
00000000
00000000
00000003
,
00002000
00000000
00000000
00000300
,
00020000
00000000
00000000
00033000
,
20020000
00000000
00000000
00000000
,
00000000
00000000
00000000
30030000
,
11000000
00000000
00110000
00000000
,
10000000
01000000
00100000
00010000
,
10000000
01000000
00010000
01000000
,
10000000
01000000
00010000
00001000
,
00000020
00000000
00000002
00000003
,
00000002
00000003
00000002
00000033
,
00000001
00000100
00001000
00000100
,
00000001
00000100
00001000
00010000
,
00200000
00000000
20000000
30000000
,
20000000
30000000
20000000
30300000
,
10000000
01000000
00100000
00010000
,
00001000
00000100
00000010
00000001
,
00000220
00000000
00000000
00000000
,
00000000
00000000
00000000
00000330
,
00000001
00000100
00000010
00001000
,
00000001
00000010
00000100
00001000
,
00000001
00000100
00001000
00010000
,
01000000
10000000
10010000
00000000
,
10000000
01000000
00100000
00010000
,
10000000
00100000
01000000
00010000
,
10000000
01000000
00010000
00001000
,
00000100
00000001
00001001
00000000
,
00000020
00000100
00000100
00000130
,
00000001
00000100
00000010
00000100
,
00000020
00001000
00001000
00001030
,
00000100
00010000
00001000
00010000
,
00100000
10000000
00010000
00010000
,
10000000
01000000
00100000
01000000
,
00200000
00010000
00010000
00310000
,
01000000
00001000
00010000
00001000
,
00000010
00000001
00000000
00001001
;

//---------------dance-single - ----------------
#NOTES:
     dance-single:
     :
     Medium:
     6:
     0.436,0.554,0.284,0.496,0.000,224.000,28.000,49.000,0.000,0.000:
0000
0000
0000
0000
,
0000
0000
0000
0000
,
1000
1000
0001
0001
,
0100
0000
0010
0010
0000
0000
0110
0000
,
1000
0000
0100
0000
0010
0001
0100
0000
,
0010
0000
1000
0000
0001
0010
0100
0000
,
0001
0000
0100
0000
0010
1000
0100
0000
,
0010
0000
0001
0000
1000
0010
0100
0000
,
0001
0000
0001
0000
1000
0100
0010
0000
,
0001
0000
1000
0000
0100
0010
0001
0000
,
1000
0000
1000
0000
0001
0100
0010
0000
,
0002
0010
0100
1003
,
2100
0010
0100
0010
,
0100
0001
0010
3001
,
0102
0010
0100
0010
,
0100
1000
0010
1003
,
0201
0010
0001
0010
,
0001
0010
1000
0310
,
1200
0010
1000
0010
,
1000
0010
0001
0310
,
2002
0000
0000
0003
,
0020
3000
0200
0030
,
0302
0000
2000
3000
,
2000
3000
2000
3003
,
0220
0000
0000
0030
,
0002
0300
2000
0003
,
3200
0000
0020
0030
,
0020
0030
0020
0330
,
2002
0000
0000
3003
,
0202
0303
2020
3030
,
2200
3300
0202
0303
,
1100
0101
1100
0101
,
1020
0000
0130
0000
0100
0001
0100
0000
,
0002
0010
0023
0100
,
0230
1000
0010
1300
,
0010
0100
0001
0000
0010
0100
1000
0000
,
0021
0000
0130
0000
0100
1000
0100
0000
,
0020
0001
0032
0100
,
0203
0001
0010
0301
,
0010
0100
1000
0000
0010
0100
0001
0000
,
2010
3001
0012
1003
,
2100
3010
0102
0013
,
0220
0000
0000
0000
,
0000
0000
0000
0330
,
2100
0001
0010
0001
,
0100
0001
0010
3001
,
0102
1000
0010
1000
,
0100
1000
0010
1003
,
0201
0010
1000
0010
,
0001
0010
1000
0310
,
1200
0010
0001
0010
,
1000
0010
0001
0310
,
0001
0010
0100
1000
,
0001
0000
0010
0000
0100
1000
0010
0000
,
0100
0000
0001
0000
1000
0100
0010
0000
,
1000
0000
0010
0000
0100
0001
0010
0000
,
0100
0000
1000
0000
0001
0100
0010
0000
,
1000
0000
0100
0000
0010
0001
0100
0000
,
0010
0000
1000
0000
0001
0010
0100
0000
,
0001
0000
0100
0000
0010
1000
0100
0000
,
1000
0000
0010
0010
0000
0000
0110
0000
;

//---------------dance-single - ----------------
#NOTES:
     dance-single:
     :
     Beginner:
     1:
     0.229,0.277,0.091,0.000,0.000,149.000,9.000,0.000,0.000,0.000:
0000
0000
0000
0000
,
0000
0000
0000
0000
,
1000
0000
0001
0000
,
0100
0000
0000
0000
,
1000
0000
1000
0000
,
0100
0000
0100
0000
,
0001
0000
0001
0000
,
0100
0000
0100
0000
,
1000
1000
1000
0000
,
0100
0100
0100
0000
,
0010
0010
0010
0000
,
0001
0001
0001
0000
,
0100
0100
0100
0100
,
0100
0100
0100
0000
,
0010
0010
0010
0010
,
0010
0010
0010
0000
,
1000
1000
1000
1000
,
1000
1000
1000
0000
,
0001
0001
0001
0001
,
0001
0001
0001
0000
,
1000
0000
1000
0000
,
0100
0000
0100
0000
,
0010
0000
0010
0000
,
0010
0000
0010
0000
,
0001
0000
0001
0000
,
0100
0000
0100
0000
,
0010
0000
0010
0000
,
0010
0000
0010
0000
,
1001
0000
0000
0000
,
1001
0000
0000
0000
,
0110
0000
0000
0000
,
0110
0110
0110
0000
,
1000
1000
1000
0000
,
0100
0100
0100
0000
,
0001
0001
0001
0000
,
0100
0100
0100
0000
,
0010
0010
0010
0000
,
1000
1000
1000
0000
,
0010
0010
0010
0000
,
0001
0001
0001
0000
,
1000
0000
0001
0000
,
1000
0000
0001
0000
,
0110
0000
0000
0000
,
0000
0000
0000
0000
,
1000
1000
1000
1000
,
1000
1000
1000
0000
,
0001
0001
0001
0001
,
0001
0001
0001
0000
,
0100
0100
0100
0100
,
0100
0100
0100
0000
,
0010
0010
0010
0010
,
0010
0010
0010
0000
,
1001
0000
0000
0000
,
0001
0000
0001
0000
,
0100
0100
0100
0000
,
1000
0000
1000
0000
,
0100
0100
0100
0000
,
0001
0000
0010
0000
,
1000
0000
0010
0000
,
0001
0000
1000
0000
,
0100
0000
0000
0110
;

//---------------dance-single - ----------------
#NOTES:
     dance-single:
     :
     Easy:
     4:
     0.330,0.369,0.182,0.284,0.000,182.000,18.000,28.000,0.000,0.000:
0000
0000
0000
0000
,
0000
0000
0000
0000
,
1000
1000
0001
0001
,
0100
0010
0000
0110
,
1000
1000
0100
0100
,
0001
0001
0100
0100
,
1000
1000
0010
0010
,
0001
0001
0010
0010
,
1000
0001
1000
0100
,
1000
0001
1000
0010
,
0001
1000
0001
0100
,
0001
1000
0001
0010
,
2100
0100
0100
0100
,
0001
0001
0001
0001
,
0010
0010
0010
0010
,
0001
0001
0001
3001
,
0102
0100
0100
0100
,
1000
1000
1000
1000
,
0010
0010
0010
0010
,
1000
1000
1000
1003
,
2200
0000
0000
0300
,
0002
0000
0000
0003
,
0020
0000
0000
3000
,
0200
0000
0000
0330
,
0202
0000
0000
0300
,
2000
0000
0000
3000
,
0020
0000
0000
0003
,
0200
0000
0000
0330
,
2002
0000
0000
0000
,
0000
0000
0000
3003
,
0101
0000
1010
0000
,
0001
0010
0100
1000
,
0010
1000
0100
0010
,
0001
0010
0100
1000
,
0002
0000
2000
3000
,
2000
3000
2000
3003
,
0010
0001
0100
0010
,
1000
0010
0100
0001
,
2000
0000
0002
0003
,
0002
0003
0002
3003
,
0010
1000
0100
1000
,
0010
0001
0100
0001
,
0220
0000
0000
0000
,
0000
0000
0000
0330
,
2100
0100
0001
0001
,
0010
0010
0001
3001
,
0102
0100
1000
1000
,
0010
0010
1000
1003
,
2100
0010
0100
0010
,
0100
0001
0010
3001
,
0102
0010
0100
0010
,
0100
1000
0010
1003
,
0001
0010
0100
1000
,
0010
0010
1100
0000
,
0010
0010
0101
0000
,
0100
0010
0100
0010
,
1000
0001
1000
0001
,
0100
0100
0011
0000
,
0100
0100
1010
0000
,
0001
0010
0100
1000
,
0001
0010
0000
0110
;

//---------------dance-double - ----------------
#NOTES:
     dance-double:
     :
     Hard:
     8:
     0.569,0.615,0.203,0.213,0.172,352.000,20.000,21.000,0.000,0.000:
00000000
00000000
00000000
00000000
,
00000000
00000000
00000000
00000000
,
10000000
00010000
00001000
00000001
,
00000100
00000000
00000100
00000000
00000010
00000000
00000010
00000000
00000000
00000010
00000000
00000000
00000110
00000000
00000000
00000000
,
00001000
00000100
00000010
00000000
00000010
00000001
00000100
00000000
,
00000100
00001000
00010000
00000000
00010000
01000000
10000000
00000000
,
00010000
00100000
01000000
00000000
01000000
10000000
00100000
00000000
,
00100000
00010000
00001000
00000000
00001000
00000010
00000001
00000000
,
00001000
00000100
00000010
00000001
00000100
00000010
00000010
00000000
,
00000010
00000100
00001000
00010000
00100000
01000000
01000000
00000000
,
10000000
00010000
00100000
01000000
10000000
00100000
00100000
00000000
,
00100000
00010000
00001000
00010000
00100000
00000000
10010000
00000000
,
10000000
01000000
10000000
00100000
10000000
01000000
10000000
00100000
,
10000000
01000000
00100000
00010000
01000000
00100000
10000000
01000000
,
00010000
00001000
00010000
00000010
00010000
00001000
00010000
00000010
,
00010000
00000000
00001000
00000000
00000010
00000000
00000001
00000000
00000100
00000000
00000010
00000000
00001000
00000001
00000000
00000000
,
00000001
00000100
00000010
00001000
00000001
00000100
00000010
00001000
,
00000001
00000000
00000100
00000000
00001000
00000000
00010000
00000000
00100000
00000000
10000000
00000000
00010000
10000000
00000000
00000000
,
01000000
00100000
00010000
10000000
01000000
00100000
00010000
10000000
,
01000000
00000000
00010000
00000000
00010000
00000010
00000000
00000010
00000100
00000000
00000100
00001000
00000000
00001000
00010000
00000000
,
00022000
00000000
00000000
00000000
,
00033000
01000000
10000000
00100000
,
02200000
03000000
20300000
00000000
,
02000000
30000000
00020000
03030000
,
00022000
00000000
00000000
00000000
,
00033000
00000010
00000001
00000100
,
00000202
00000003
00002000
00000300
,
00020000
00000000
00003000
00000000
00200000
00000000
00330000
01000000
,
02200000
00000000
00000000
00300000
,
00002000
03000000
00020000
00033000
,
01001000
00011000
00010100
00011000
,
00101000
00010010
01001000
00010100
,
00001100
00000000
00000000
00000100
00000010
00000000
00000000
00000010
00000001
00000000
00000000
00000001
00000100
00000000
00000000
00000100
,
00001000
00000000
00000000
00001000
00010000
00000000
00000000
00010000
00100000
00000000
00000000
00100000
10000000
00000000
00000000
10000000
,
01000000
00100000
00010000
01000000
00001000
00010000
00100000
01000000
,
00010000
00100000
01000000
10000000
00100000
01000000
10010000
00000000
,
10100000
00000000
00000000
00100000
10000000
00000000
00000000
10000000
01000000
00000000
00000000
01000000
00010000
00000000
00000000
00010000
,
00001000
00000000
00000000
00001000
00000100
00000000
00000000
00000100
00000001
00000000
00000000
00000001
00000010
00000000
00000000
00000010
,
00000100
00001000
00000001
00000100
00001000
00010000
00001000
00000010
,
00000001
00000100
00001000
00010000
00100000
01000000
00010000
00000000
,
10000000
01000000
00100000
00010000
,
00001000
00000100
00000010
00000001
,
00000220
00000000
00000000
00000000
,
00000000
00000000
00000000
00000330
,
00000001
00000100
00001000
00000100
00000001
00000100
00001000
00000100
,
00000001
00000100
00001000
00010000
00100000
10000000
00010000
00000000
,
10000000
01000000
00010000
01000000
10000000
01000000
00010000
01000000
,
10000000
00000000
01000000
00000000
00010000
00000000
00001000
00000000
00000010
00000000
00000001
00000000
00001000
00000001
00000000
00000000
,
00000001
00000100
00001000
00010000
00001000
00000010
00000001
00000100
,
00001000
00000000
00010000
00000000
00100000
00000000
10000000
00000000
01000000
00000000
00010000
00000000
00001000
00010000
00000000
00000000
,
00010000
00100000
10000000
01000000
00010000
00001000
00000010
00000001
,
00001000
00000000
00000001
00000000
00000001
00000100
00000000
00000100
00000010
00000000
00000010
00001000
00000000
00001000
00000100
00000000
,
00020000
00001000
00001000
00031000
,
00001000
00000010
00000100
00000010
00000001
00000100
00000010
00001000
,
00001000
00000100
00000000
00000000
00000010
00000000
00000000
00000000
00000001
00000100
00000000
00000000
00000010
00000000
00000000
00000000
,
00000100
00001000
00010000
01000000
10000000
00100000
01000000
00010000
,
10000000
01000000
00100000
00010000
01000000
00100000
10000000
00000000
,
10000000
01000000
00100000
00001000
00010000
00100000
10000000
01000000
,
00100000
00010000
00000000
00000000
01000000
00000000
00000000
00000000
00100000
10000000
00000000
00000000
01000000
00000000
00000000
00000000
,
00010000
00001000
00000010
00001000
00010000
00100000
00010000
00001000
,
00000100
00000000
00000001
00000000
00000010
00000000
00000010
00000000
00000000
00000010
00000000
00000000
00000110
00000000
00000000
00000000
;
