#TITLE:Professional Party People;
#SUBTITLE:;
#ARTIST:Basshunter;
#TITLETRANSLIT:;
#SUBTITLETRANSLIT:;
#ARTISTTRANSLIT:;
#CREDIT:;
#BANNER:Professional Party People-bn.png;
#BACKGROUND:Professional Party People-bg.png;
#LYRICSPATH:Professional Party People.lrc;
#CDTITLE:sporktitles2.png;
#MUSIC:Professional Party People.mp3;
#OFFSET:-0.024;
#SAMPLESTART:85.310;
#SAMPLELENGTH:14.410;
#SELECTABLE:YES;
#BPMS:0.000=142.000;
#STOPS:;
#BGCHANGES:;
// cache tags:
#FIRSTBEAT:16.000;
#LASTBEAT:288.000;
#SONGFILENAME:Songs/DDI/Professional Party People/Professional Party People.sm;
#HASMUSIC:1;
#HASBANNER:1;
#MUSICLENGTH:122.596;
// end cache tags

//---------------dance-single - ----------------
#NOTES:
     dance-single:
     :
     Beginner:
     1:
     0.146,0.171,0.049,0.000,0.000,119.000,6.000,0.000,0.000,0.000:
0000
0000
0000
0000
,
0000
0000
0000
0000
,
0000
0000
0000
0000
,
0000
0000
0000
0000
,
0100
0000
0000
0000
,
0001
0000
0000
0000
,
0100
0000
0000
0000
,
0010
0000
0000
0000
,
1001
0000
0000
0000
,
0100
0000
1000
0000
,
0001
0000
0001
0000
,
0100
0000
0001
0000
,
1000
0000
1000
0000
,
0010
0000
0100
0000
,
0001
0000
0001
0000
,
0010
0000
0001
0000
,
1000
0000
1000
0000
,
0001
0000
0000
0000
,
1001
0000
0000
0000
,
1000
0000
0010
0000
,
0100
0000
0001
0000
,
1000
0000
0001
0000
,
0010
0000
0100
0000
,
1000
0000
0001
0000
,
0100
0000
0010
0000
,
1000
0000
1000
0000
,
0001
0000
0001
0000
,
1000
0000
0000
0000
,
0001
0000
0000
0000
,
1000
0000
0100
0000
,
1000
0000
0001
0000
,
0100
0000
0010
0000
,
1000
0000
0001
0001
,
0001
0000
0010
0000
,
0001
0000
0100
0000
,
0010
0000
1000
0000
,
1001
0000
0000
0000
,
0010
0010
0010
0000
,
0100
0000
0001
0000
,
1000
1000
1000
0000
,
0100
0000
0010
0000
,
0001
0001
0001
0000
,
1000
0000
0010
0000
,
0100
0100
0100
0000
,
0010
0000
1000
0000
,
1001
0000
0000
0000
,
0000
0000
0000
0000
,
0001
0000
0001
0000
,
1000
0000
1000
0000
,
0001
0000
0100
0000
,
1001
0000
0000
0000
,
1000
0000
0000
0000
,
0001
0000
0100
0000
,
0010
0000
0000
0000
,
1000
0000
0001
0000
,
0100
0000
0000
0000
,
0010
0000
1000
0000
,
0001
0000
0000
0000
,
0010
0000
0001
0000
,
1000
0000
0000
0000
,
0001
0001
0001
0000
,
1000
0000
0010
0000
,
1000
0000
0001
0000
,
0100
0000
0001
0000
,
0010
0000
0100
0000
,
1000
0000
0001
0000
,
0100
0000
0010
0000
,
1000
0000
1000
0000
,
0001
0000
0001
0000
,
1000
0000
0000
0000
,
1001
0000
0000
0000
;

//---------------dance-single - ----------------
#NOTES:
     dance-single:
     :
     Easy:
     4:
     0.256,0.294,0.106,0.155,0.000,188.000,13.000,19.000,0.000,0.000:
0000
0000
0000
0000
,
0000
0000
0000
0000
,
0000
0000
0000
0000
,
0000
0000
0000
0000
,
1000
0000
0100
0000
,
1000
0010
0100
0001
,
1000
0000
0001
0000
,
0100
0010
1000
0001
,
2000
0000
3002
0000
,
1003
0000
0100
0000
,
1000
0010
0100
0000
,
0001
0000
1000
0000
,
0100
0010
0001
1000
,
0010
0000
0100
0000
,
0001
1000
0100
0000
,
1000
0000
0010
0000
,
0100
0010
1000
0001
,
0200
0000
0000
0000
,
0310
1000
0001
0000
,
0010
0001
0100
0010
,
1000
0001
0010
0000
,
0001
0100
0010
1000
,
0001
0000
0001
1000
,
0010
0100
0010
1000
,
0001
0100
0010
0000
,
1001
0000
0110
0000
,
1010
0000
0001
0100
,
0010
0000
0010
0000
,
0010
0010
0010
0000
,
0100
0001
1000
1000
,
0100
0010
0001
0001
,
0100
0010
1000
1000
,
0001
0100
0010
1000
,
0001
0010
0100
0100
,
0010
0001
0100
0100
,
0010
1000
0100
0100
,
2002
0000
0000
3003
,
1000
0001
0100
0000
,
0010
0100
0001
1000
,
0100
1000
0010
0000
,
0100
0001
1000
0000
,
0010
1000
0001
0000
,
0010
0001
0100
0010
,
1000
0001
0100
0000
,
0010
0100
0001
0000
,
2002
0000
0000
0000
,
0000
0000
0000
3003
,
1000
0000
0001
0000
,
1000
0000
0001
0000
,
0100
0010
0100
0010
,
1000
0000
0001
0000
,
2002
0000
3003
0000
,
0010
1000
0001
0000
,
2200
0000
3300
0000
,
0010
0100
1000
0000
,
0202
0000
0303
0000
,
0010
0100
0010
0000
,
2002
0000
3003
0000
,
0010
0100
0001
1000
,
0200
0000
0320
0000
,
0130
1000
0001
0000
,
1000
0100
1000
0010
,
0100
0001
1000
0000
,
0010
0100
0001
1000
,
0100
0000
0010
0100
,
1000
0010
0100
0001
,
1000
0001
0010
0000
,
1001
0000
0110
0000
,
1100
0000
0010
0001
,
1000
0000
0010
0000
,
2002
0000
0000
0000
,
0000
0000
0000
0000
,
3003
0000
0000
0000
;

//---------------dance-single - ----------------
#NOTES:
     dance-single:
     :
     Medium:
     6:
     0.352,0.382,0.139,0.204,0.000,260.000,17.000,25.000,0.000,0.000:
0000
0000
0000
0000
,
0000
0000
0000
0000
,
0000
0000
0000
0000
,
0000
0000
0000
0000
,
0001
0000
0100
0000
,
0010
1000
0010
0100
,
0001
0000
1000
0000
,
0100
1000
0010
0100
,
0002
0000
2003
0000
,
3010
0100
0001
0100
,
0010
1000
0010
0100
0001
0000
1000
0000
,
0100
0010
0001
1000
,
0010
0100
0010
1000
0001
0000
0010
0001
,
1000
0100
1000
0010
,
0100
0001
0100
0010
1000
0000
0001
0000
,
0010
0100
1000
0001
,
0100
0010
0100
0001
1000
0000
0100
0010
,
0002
0000
0000
0000
,
1003
0100
1000
0100
2000
0000
0000
0000
,
3010
1001
0010
0100
,
0001
0010
0001
1000
0100
0000
0010
0000
,
0001
1100
0010
0100
,
1000
0010
1000
0001
0100
0000
0010
1000
,
0001
0110
0001
0010
,
0100
1000
0100
0010
0001
0000
1000
0000
,
0020
0000
0230
0000
,
0310
0000
1000
0000
0001
0000
0010
0001
,
1000
0000
0001
0000
,
0100
0100
0100
0000
,
0010
1000
0100
1100
,
1000
0001
0100
0101
,
0001
1000
0010
1010
,
0001
0010
0100
1001
,
0001
0100
0010
0110
,
0010
1000
0001
1001
,
0001
1000
0100
1100
,
2002
0000
0000
3003
,
1000
0001
0100
0000
0010
0000
1000
0000
,
0001
0010
0100
0000
0010
0000
0001
0000
,
1000
0001
0100
0000
0010
0000
1000
0000
,
0001
1000
0010
1001
,
0001
1000
0010
0000
0100
0000
0001
0000
,
1000
0100
0010
0000
0100
0000
1000
0000
,
0010
0100
0001
0000
1000
0000
0010
0000
,
0100
0000
0001
0000
1000
0100
0000
0000
,
2002
0000
0000
0000
,
0000
0000
0000
3003
,
1000
0000
0001
0000
,
0100
0000
0010
0000
,
1000
0001
1000
0001
1000
0001
0100
0010
,
2000
0000
3001
0000
,
2000
0200
0000
3300
,
0010
0000
0100
1000
0001
0000
0000
0000
,
0200
0002
0000
0303
,
0010
0000
1000
0000
0001
0100
0000
0100
,
0002
2000
0000
3003
,
1000
0000
0010
0100
0001
0000
0000
0000
,
2000
0002
0000
3003
,
0010
0000
0001
1000
0100
0000
1000
0001
,
0200
0000
0000
0000
,
0310
1000
0010
1000
0020
0000
0000
0000
,
1030
0101
0010
1000
,
0001
0010
0001
1000
0010
0000
0100
0000
,
0001
1100
0010
0100
,
1000
0010
1000
0001
0100
0000
0010
1000
,
0001
0110
0001
1000
,
0010
0100
0010
1000
0001
0000
0010
0000
,
0200
0000
0320
0000
,
0031
1000
0010
1000
,
0001
0000
0010
0000
,
2002
0000
0000
0000
,
0000
0000
0000
0000
,
3003
0000
0000
0000
;

//---------------dance-single - ----------------
#NOTES:
     dance-single:
     :
     Hard:
     9:
     0.597,0.587,0.204,0.098,0.583,475.000,25.000,12.000,0.000,0.000:
0000
0000
0000
0000
,
0000
0000
0000
0000
,
0000
0000
0000
0000
,
0000
0000
0000
0000
,
0001
0000
0100
0001
0000
0000
0000
0000
0000
0000
0010
0000
0100
0000
1000
0000
,
0000
0100
1000
0010
0100
0001
0010
0010
,
0001
0000
1000
0100
0000
0000
0000
0000
0000
0000
1000
0000
0010
0000
0100
0001
,
0000
1000
0100
1000
0010
0100
0001
0010
,
0002
0000
1000
0000
0000
0000
0013
0000
0001
1000
0001
0000
1000
0000
0100
0000
,
0010
0000
0001
1000
0000
0000
0000
0001
0100
0000
0010
0000
1000
0100
0000
1000
,
0000
0001
0000
0100
0001
0000
1000
0000
0100
0000
0000
0000
0010
0000
0000
0000
,
0100
0000
1000
0001
0000
0000
0000
1000
0100
0000
1000
0000
0010
0100
0000
0001
,
0000
0100
0000
0010
1000
0000
0001
0000
0010
0000
0000
0000
1001
0000
0000
0000
,
0010
0000
0001
0100
0000
0000
0000
0001
1000
0000
0010
0000
0100
0001
0000
1000
,
0000
0010
0000
0100
0010
0000
1000
0000
0001
0000
0000
0000
0010
0000
0000
0000
,
0100
0000
0010
0001
0000
0000
0000
1000
0000
0100
1000
0000
0010
1000
0000
0001
,
0000
0100
0000
0010
1000
0000
0001
0000
0010
0000
0000
0000
0001
0000
1000
0000
,
0200
0010
0001
1300
,
0100
0010
0001
0100
0002
0000
0000
0000
,
0103
0000
0001
0100
0000
0000
0000
0010
1000
0000
0001
0000
0010
0100
0000
0010
,
0000
0001
0000
1000
0010
0000
0100
0000
0001
0000
0000
1000
0100
1000
0000
0100
,
1000
0000
0001
0100
0000
0000
0000
0001
1000
0000
0100
0000
1000
0010
0000
0100
,
0000
0001
0000
0010
0001
0000
1000
0000
0010
0000
0000
0100
0001
0100
0000
0001
,
0100
0000
0010
1000
0000
0000
0000
0100
1000
0000
0100
0000
0010
0001
0000
1000
,
0000
0010
0000
1000
0001
0000
0100
0000
0001
0000
0000
0010
0100
0010
0000
0100
,
0010
0001
1001
0000
0010
0100
0101
0000
,
0001
1000
0000
0100
1000
0000
0010
0000
0100
0000
0000
0000
0001
0000
1000
0000
,
0100
1000
0000
0010
0100
0001
0000
1000
,
0100
0000
0010
0000
0001
1000
0000
1000
0100
0000
0000
0000
1001
0000
0000
0000
,
0010
0000
0100
0000
0001
0000
1000
0000
0100
0000
0010
0001
0000
0100
0000
0001
,
0100
0000
0010
0000
1000
0000
0001
0010
0000
0010
0001
0000
0010
0100
0000
0100
,
0010
0000
0001
0000
1000
0000
0010
0000
0100
0000
0001
1000
0000
0100
0000
1000
,
0001
0000
0100
0000
0010
0000
1000
0001
0000
0001
1000
0000
0020
0000
0000
0000
,
0130
0000
0001
0000
0100
0000
0010
0000
1000
0000
0001
0010
0000
0100
0000
0010
,
0001
0000
1000
0000
0010
0000
0100
0001
0000
0001
0100
0000
0001
1000
0000
1000
,
0001
0000
0010
0000
0100
0000
1000
0000
0001
0000
0100
0010
0000
1000
0000
0010
,
0100
0000
0001
0000
1000
0000
0100
0010
0000
0010
0001
0000
2000
0000
0000
0000
,
3010
0000
1000
0000
0001
0000
0100
0000
0101
0000
0000
1001
0000
0000
0101
0000
,
0000
0000
0100
0000
0001
0000
1000
0000
0100
0000
1000
0010
0000
0000
0100
0000
,
0010
0000
1000
0000
0001
0000
0010
0000
0110
0000
0000
1100
0000
0000
0110
0000
,
0000
0000
0001
0000
1000
0000
0010
0000
0100
0000
0001
1000
0000
1000
0010
0100
,
0001
0000
1000
0000
0010
0000
0100
0000
0110
0000
0000
1010
0000
0000
1001
0000
,
0000
0000
0001
0000
0010
0000
0001
0000
0100
0000
0010
1000
0000
0000
0010
0000
,
0100
0000
0001
0000
1000
0000
0100
0000
1100
0000
0000
1001
0000
0000
1100
0000
,
0000
0010
0001
0100
0010
1000
0000
0000
,
2002
0000
0000
0000
,
0000
0000
0000
3003
,
0100
1001
0010
1100
,
0001
0110
0001
1001
,
0010
0000
0100
1000
0100
0000
0010
0001
0010
0000
0001
1000
0001
0000
1000
0100
,
2000
0000
3001
0000
,
1000
0000
0010
0100
0000
0000
0000
0001
0000
0010
0000
0001
1000
0000
0000
0000
,
0000
0100
0000
1000
0010
0000
0100
0000
0001
0000
0000
0000
1000
0000
0000
0000
,
0001
0000
0010
0001
0000
0000
0000
0000
0100
0000
0010
0000
1000
0000
0010
0000
,
0100
0001
0000
1000
0010
0000
1000
0000
0001
0000
0010
0000
0000
0000
0010
0000
,
0001
0000
1000
0010
0000
0000
0000
0000
0100
0001
0000
1000
0000
0000
0100
0000
,
0010
0001
0000
1000
0100
0000
1000
0000
0010
0000
0000
0000
1000
0000
0000
0000
,
0010
0000
0100
0010
0000
0000
0000
0000
1000
0000
0001
0000
0010
0001
0000
0100
,
0000
0010
0000
1000
0001
0000
0010
0000
0100
0000
0000
0000
1000
0000
0000
0000
,
0020
0100
0001
1030
,
0010
1000
0100
0010
0200
0000
0000
0000
,
1300
0000
0100
1000
0000
0000
0000
0010
0100
0000
0001
0000
1000
0100
0000
0010
,
0000
0100
0000
1000
0001
0000
0100
0000
0010
0000
0000
1000
0100
1000
0000
0100
,
0010
0000
0001
1000
0000
0000
0000
0001
0010
0000
0100
0000
0010
0001
0000
1000
,
0000
0010
0000
0100
0001
0000
1000
0000
0010
0000
0000
0000
1001
0000
0000
0000
,
0100
0000
0001
1000
0000
0000
0000
0100
1000
0000
0010
0000
0100
0001
0000
1000
,
0000
0001
0000
0010
0100
0000
0010
0000
0001
0000
0000
0100
0010
0100
0000
0010
,
1000
0001
1001
0000
0010
0001
0011
0000
,
0010
0100
0000
1000
0100
0000
1000
0000
0001
0000
0000
0100
0010
0000
1000
0000
,
0001
0010
0000
0100
1000
0000
0001
1000
,
2002
0000
0000
0000
,
0000
0000
0000
0000
,
3003
0000
0000
0000
;

//---------------dance-double - ----------------
#NOTES:
     dance-double:
     :
     Easy:
     5:
     0.309,0.352,0.204,0.220,0.000,213.000,25.000,27.000,0.000,0.000:
00000000
00000000
00000000
00000000
,
00000000
00000000
00000000
00000000
,
00000000
00000000
00000000
00000000
,
00000000
00000000
00000000
00000000
,
00000001
00000000
00001000
00000000
,
00000010
00000100
00000001
00000000
,
00001000
00000000
00000010
00000000
,
00010000
00001000
01000000
00000000
,
00002000
00000000
00203000
00000000
,
00310000
01000000
00100000
10000000
,
01000000
01000000
01000000
10000000
,
00010000
01000000
00001000
00010000
,
00000100
00000100
00000100
00001000
,
00001000
00000010
00000100
00000001
,
00001000
00001000
00001000
00000010
,
00010000
00001000
00100000
00010000
,
01000000
01000000
01000000
00100000
,
00200000
00000000
20300000
00000000
,
30010000
00100000
00002000
00000000
,
00013000
00001000
00000100
00000010
,
00001000
00000001
00000010
00000100
,
00001100
00001000
00000010
00010000
,
00001000
01000000
00100000
00010000
,
01100000
10000000
01000000
00100000
,
00010000
01000000
00001000
00010000
,
00011000
00000000
00010100
00000000
,
00011000
00000000
00000100
00001000
,
00000020
00000000
00000230
00000000
,
00000302
00001000
00002003
00000000
,
00003010
00000100
00000001
00001001
,
00001000
00000010
00010000
00011000
,
00001000
00100000
00010000
10010000
,
00100000
01000000
01100000
10010000
,
00100000
01000000
00001000
00011000
,
00010000
00000100
00001000
00001001
,
00000010
00001000
00000100
00011000
,
00022000
00000000
00000000
00033000
,
00001000
00100000
00010000
00010000
,
01000000
00100000
10000000
10000000
,
00100000
01000000
00100000
00100000
,
10000000
00010000
00100000
00001000
,
00010000
00000100
00000010
00000010
,
00000100
00001000
00000001
00000001
,
00000100
00000010
00001000
00001000
,
00000100
00000000
00010000
00000000
00001000
00010000
00000000
00000000
,
00022000
00000000
00000000
00000000
,
00000000
00000000
00000000
00033000
,
00100000
00000000
00001000
00000000
,
00010000
00000000
00000100
00000000
,
00010000
00001000
01000000
00100000
,
20000000
00000000
30000000
00000000
,
02020000
00000000
03030000
00000000
,
00010000
00001000
00010000
00000000
,
00002200
00000000
00003300
00000000
,
00000010
00000001
00001000
00000010
,
00002002
00000000
00003003
00000000
,
00000010
00001000
00000010
00000000
,
00022000
00000000
00033000
00000000
,
00100000
00010000
01000000
00100000
,
20000000
01000000
32000000
00100000
,
03200000
00010000
00310000
01000000
,
00001000
00010000
00000100
00001000
,
00000010
00010000
00001000
00100000
,
00110000
00010000
01000000
00100000
,
10000000
00010000
00100000
00001000
,
00011000
00010000
00000100
00001000
,
00000010
00000100
00000001
00001000
,
00001001
00000000
00011000
00000000
,
10010000
00100000
01000000
00001000
,
00010000
00000000
00001000
00000000
,
00022000
00000000
00000000
00000000
,
00000000
00000000
00000000
00000000
,
00033000
00000000
00000000
00000000
;

//---------------dance-double - ----------------
#NOTES:
     dance-double:
     :
     Medium:
     7:
     0.376,0.440,0.139,0.212,0.020,280.000,17.000,26.000,0.000,0.000:
00000000
00000000
00000000
00000000
,
00000000
00000000
00000000
00000000
,
00000000
00000000
00000000
00000000
,
00000000
00000000
00000000
00000000
,
00000100
00000000
00001000
00000000
,
00000010
00000100
00000001
00001000
,
00000010
00000000
00010000
00000000
,
00001000
00000000
00100000
00010000
,
02000000
00000000
03200000
00000000
,
10300000
00010000
01000000
00001000
,
00010000
00001000
00010000
00001000
00010000
00000000
00000100
00000000
,
00000010
00000100
00001000
00000010
,
00000100
00000001
00000100
00000001
00000100
00000000
00000010
00001000
,
00000100
00010000
00001000
01000000
,
00001000
00010000
00001000
00010000
00001000
00000000
01000000
00000000
,
00100000
10000000
00010000
00100000
,
01000000
10000000
01000000
10000000
01000000
00000000
00100000
00010000
,
02000000
00000000
00000000
00000000
,
03001000
00100000
00001000
00010000
00002000
00000000
00000000
00000000
,
00013000
00010100
00000100
00001000
,
00000010
00000100
00000001
00001000
00000001
00000000
00000100
00000000
,
00000010
00001010
00001000
00000100
,
00010000
00001000
00100000
00010000
00100000
00000000
00010000
01000000
,
00100000
10010000
01000000
00100000
,
10000000
00010000
01000000
00100000
01000000
00000000
00010000
00000000
,
00200000
00001000
00001000
00000000
00302000
00010000
00010000
00000000
,
00013000
00000000
00000100
00000000
00001000
00000010
00000100
00000001
,
00001000
00000000
00000100
00000000
,
00010000
00000000
00001000
00000000
00022000
00000000
00000000
00033000
,
00010000
01000000
10000000
10010000
,
10000000
00100000
00010000
00011000
,
00001000
00000100
00000001
00001001
,
00000001
00000000
00000010
00000000
00000100
00001000
00000001
00000000
,
00000001
00000100
00001000
00011000
,
00010000
00100000
10000000
10010000
,
10000000
00100000
00010000
00011000
,
00020200
00000000
00000000
00030300
,
00010000
00000000
00001000
00000000
00010000
00000000
00000100
00000000
00001000
00000000
00000000
00001000
00000000
00000000
00001000
00000000
,
00000010
00000100
00000010
00001000
00000001
00000000
00001000
00000000
,
00000100
00000000
00001000
00000000
00000100
00000000
00010000
00000000
00001000
00000000
00000000
00001000
00000000
00000000
00001000
00000000
,
00100000
00010000
01000000
10010000
,
10000000
00000000
01000000
00000000
10000000
00000000
00100000
00000000
01000000
00000000
00000000
01000000
00000000
00000000
01000000
00000000
,
00010000
00100000
00010000
01000000
00001000
00000000
00010000
00000000
,
00001000
00000000
00010000
00000000
00001000
00000000
01000000
00000000
00010000
00000000
00000000
00010000
00000000
00000000
00010000
00000000
,
10000000
00000000
01000000
00000000
00100000
01000000
00000000
00000000
,
20020000
00000000
00000000
00000000
,
00000000
00000000
00000000
30030000
,
10000000
00000000
01000000
00000000
,
00010000
00000000
00001000
00000000
,
00000010
00000001
00000010
00000100
00001000
00000010
00001000
00000001
,
00000100
00000000
00000010
00000000
,
00020000
00002000
00000000
00033000
,
00001000
00000000
01000000
00100000
10000000
00000000
00000000
00000000
,
00020000
20000000
00000000
30030000
,
10000000
00000000
01000000
00000000
00100000
00001000
00000000
00001000
,
00020000
00002000
00000000
00033000
,
00010000
00000000
00000010
00001000
00000100
00000000
00000000
00000000
,
00000020
00000200
00000000
00000330
,
00001000
00000001
00000100
00000010
00001000
00000000
00000001
00000000
,
00002000
00000000
00000000
00000000
,
00003010
00010000
00000010
00001000
00000020
00000000
00000000
00000000
,
00001030
00000101
00000010
00001000
,
00000100
00001000
00000010
00000100
00000010
00000000
00001000
00000000
,
00000100
00011000
00001000
00100000
,
00010000
01000000
00100000
10000000
00100000
00000000
01000000
00010000
,
00100000
11000000
00100000
01000000
,
10000000
00010000
01000000
00001000
01000000
00000000
00010000
00000000
,
00200000
01000000
01000000
00000000
02300000
10000000
10000000
00000000
,
13000000
00000000
00000000
00000000
00010000
00000000
00000000
00000000
01000000
00000000
00000000
00001000
00000000
00000000
00010000
00000000
,
00001000
00000000
00000100
00000000
,
00002002
00000000
00000000
00000000
,
00000000
00000000
00000000
00000000
,
00003003
00000000
00000000
00000000
;

//---------------dance-double - ----------------
#NOTES:
     dance-double:
     :
     Hard:
     9:
     0.634,0.646,0.171,0.147,0.657,505.000,21.000,18.000,0.000,0.000:
00000000
00000000
00000000
00000000
,
00000000
00000000
00000000
00000000
,
00000000
00000000
00000000
00000000
,
00000000
00000000
00000000
00000000
,
00001000
00000000
00000001
00000100
00000000
00000000
00000000
00000000
00000000
00000000
00000010
00000000
00001000
00000000
00000100
00000000
,
00000000
00000010
00000100
00001000
00000010
00010000
00001000
00001000
,
00100000
00000000
00010000
01000000
00000000
00000000
00000000
00000000
00000000
00000000
00100000
00000000
10000000
00000000
00010000
01000000
,
00000000
00100000
01000000
00010000
10000000
01000000
00100000
00010000
,
02000000
00000000
00100000
00000000
00000000
00000000
03010000
00000000
10000000
01000000
10000000
01000000
00100000
00010000
00100000
00010000
,
01000000
00000000
00001000
00010000
00000000
00000000
00000000
00001000
00100000
00000000
00001000
00000000
00010000
00000100
00000000
00001000
,
00000000
00000010
00000000
00001000
00000001
00000000
00000100
00000000
00000010
00000000
00000000
00000000
00001000
00000000
00000000
00000000
,
00000100
00000000
00010000
00001000
00000000
00000000
00000000
00010000
00001000
00000000
00100000
00000000
00001000
01000000
00000000
00010000
,
00000000
10000000
00000000
00100000
01000000
00000000
00010000
00000000
01000000
00000000
00000000
00000000
00011000
00000000
00000000
00000000
,
00001000
00000000
01000000
00010000
00000000
00000000
00000000
00100000
01000000
00000000
10000000
00000000
00010000
01000000
00000000
00001000
,
00000000
00010000
00000000
00001000
00100000
00000000
00010000
00000000
01000000
00000000
00000000
00000000
00001000
00000000
00000000
00000000
,
00010000
00000000
00000100
00001000
00000000
00000000
00000000
00000010
00000000
00000100
00000001
00000000
00000001
00001000
00000000
00000010
,
00000000
00010000
00000000
00000100
00010000
00000000
00001000
00000000
01000000
00000000
00000000
00000000
00010000
00000000
00100000
00000000
,
02000000
03200000
00302000
00023000
,
00030100
00000000
00001000
00000001
00001000
00000000
00000010
00000000
00000100
00000001
00000100
00000001
00001000
00000010
00001000
00000010
,
00000100
00000000
00000001
00001000
00000000
00000000
00000000
00001000
00000001
00000000
00000100
00000000
00000010
00001000
00000000
00000100
,
00000000
00010000
00000000
00001000
00100000
00000000
00001000
00000000
00010000
00000000
00000000
00000100
00001000
00000100
00000000
00000100
,
00010000
00000000
00001000
00100000
00000000
00000000
00000000
00010000
01000000
00000000
00100000
00000000
10000000
01000000
00000000
10000000
,
00000000
10000000
00000000
00010000
01000000
00000000
00100000
00000000
10000000
00000000
00000000
00010000
01000000
00010000
00000000
00010000
,
01000000
00000000
00100000
10000000
00000000
00000000
00000000
01000000
00100000
00000000
00010000
00000000
01000000
00001000
00000000
00010000
,
00000000
00000100
00000000
00010000
00001000
00000000
00100000
00000000
00001000
00000000
00000000
00010000
00000010
00010000
00000000
00010000
,
00002000
00100000
00100000
00000000
02003000
00010000
00010000
00000000
,
03001000
00000000
00000000
00000000
00010000
00000000
00000000
00010000
01000000
00000000
00000000
10000000
00000000
00000000
00010000
00000000
,
01000000
00001000
00000000
00010000
00000100
00001000
00000000
00000010
,
00000100
00000000
00000001
00000000
00001000
00000100
00000000
00000100
00000010
00000000
00000000
00000000
00001001
00000000
00000000
00000000
,
00000010
00000000
00000100
00000000
00000001
00000000
00001000
00000000
00000100
00000000
00010000
00000100
00000000
00001000
00000000
00001000
,
00000100
00000000
00010000
00000000
00001000
00000000
01000000
00010000
00000000
00010000
10000000
00000000
00010000
01000000
00000000
01000000
,
00100000
00000000
10000000
00000000
01000000
00000000
00100000
00000000
00010000
00000000
01000000
00001000
00000000
00010000
00000000
00010000
,
00000100
00000000
00001000
00000000
00000100
00000000
00010000
00001000
00000000
00001000
00010000
00000000
00012000
00000000
00000000
00000000
,
00013000
00000000
01000000
00000000
00100000
00000000
00010000
00000000
01000000
00000000
00100000
10000000
00000000
00010000
00000000
00010000
,
01000000
00000000
00001000
00000000
00010000
00000000
00000100
00000010
00000000
00000010
00000001
00000000
00000010
00000001
00000000
00000001
,
00001000
00000000
00000010
00000000
00000100
00000000
00000010
00000000
00010000
00000000
00001000
00010000
00000000
00001000
00000000
00001000
,
01000000
00000000
00100000
00000000
10000000
00000000
00010000
00100000
00000000
00100000
00010000
00000000
20000000
00000000
00000000
00000000
,
30010000
00000000
01000000
00000000
00001000
00000000
00010000
00000000
00011000
00000000
00000000
00010100
00000000
00000000
00001100
00000000
,
00000100
00000000
00001000
00000000
00000010
00000000
00000100
00000000
00000001
00000000
00001000
00000010
00000000
00000000
00000100
00000000
,
00000001
00000000
00001000
00000000
00000010
00000000
00010000
00000000
00011000
00000000
00000000
00101000
00000000
00000000
00110000
00000000
,
00010000
00000000
01000000
00000000
00100000
00000000
10000000
00000000
00010000
00000000
00100000
00000000
00010000
10000000
00010000
10000000
,
00010000
00000000
01000000
00000000
00001000
00000000
00100000
00000000
00110000
00000000
00000000
01100000
00000000
00000000
11000000
00000000
,
10000000
00000000
00100000
00000000
01000000
00000000
00010000
00000000
00100000
00000000
00001000
00010000
00000000
00000000
00001000
00000000
,
01000000
00000000
00010000
00000000
00100000
00000000
01000000
00000000
01100000
00000000
00000000
00101000
00000000
00000000
00011000
00000000
,
00010000
00000100
00000010
00000001
00001000
00000010
00000000
00000100
,
00000202
00000000
00000000
00000000
,
00000000
00000000
00000000
00000303
,
00000001
00001010
00000010
00011000
,
00001000
00110000
00010000
11000000
,
01000000
10000000
00100000
00010000
00001000
00010000
00100000
01000000
,
00002000
00000000
00000000
00000000
00000000
00000000
00000000
00000000
00013000
00001000
00010000
00001000
00100000
00010000
00100000
00010000
,
01000000
00000000
00001000
00010000
00000000
00000000
00000000
00000100
00000000
00001000
00000000
00000010
00000100
00000000
00000000
00000000
,
00000000
00000100
00000000
00000010
00000100
00000000
00000001
00000000
00001000
00000000
00000000
00000000
00000100
00000000
00000000
00000000
,
00000010
00000000
00000001
00000100
00000000
00000000
00000000
00000000
00000010
00000000
00001000
00000000
00000001
00000000
00001000
00000000
,
00000100
00010000
00000000
00000100
00001000
00000000
00000010
00000000
00000100
00000000
00000001
00000000
00000000
00000000
00001000
00000000
,
00000010
00000000
00010000
00001000
00000000
00000000
00000000
00000000
00100000
00010000
00000000
01000000
00000000
00000000
00010000
00000000
,
00100000
00010000
00000000
00100000
00001000
00000000
00010000
00000000
00001000
00000000
00000000
00000000
00010000
00000000
00000000
00000000
,
00000100
00000000
00001000
00000010
00000000
00000000
00000000
00000000
00000100
00000000
00000001
00000000
00000100
00000010
00000000
00000100
,
00000000
00000001
00000000
00001000
00000010
00000000
00000100
00000000
00000010
00000000
00000000
00000000
00010000
00000000
00000000
00000000
,
00002000
00000000
00000000
00000000
00000000
00103000
00010000
00000000
20000000
00000000
00000000
00000000
00000000
30010000
01000000
00000000
,
00010000
00000000
10000000
00000000
01000000
00000000
00100000
00000000
00010000
01000000
00010000
01000000
00001000
00010000
00001000
00010000
,
00000100
00000000
00010000
00001000
00000000
00000000
00000000
00010000
00000100
00000000
00001000
00000000
00000010
00000100
00000000
00000001
,
00000000
00001000
00000000
00000010
00010000
00000000
00000100
00000000
00001000
00000000
00000000
00000010
00001000
00000010
00000000
00000010
,
00000100
00000000
00000001
00001000
00000000
00000000
00000000
00000100
00010000
00000000
00001000
00000000
00010000
00001000
00000000
00100000
,
00000000
00010000
00000000
01000000
00100000
00000000
10000000
00000000
00010000
00000000
00000000
00100000
01000000
00100000
00000000
00100000
,
00010000
00000000
10000000
01000000
00000000
00000000
00000000
10000000
00100000
00000000
01000000
00000000
00010000
10000000
00000000
00100000
,
00000000
01000000
00000000
00010000
00100000
00000000
01000000
00000000
00100000
00000000
00000000
00001000
00010000
00001000
00000000
00001000
,
00200000
00010000
00010000
00000000
00302000
01000000
01000000
00000000
,
00013000
00000100
00000000
00001000
00000100
00000000
00000010
00000000
00000001
00000000
00000000
00001000
00000100
00001000
00000000
00000001
,
00000100
00000010
00000000
00001000
00000100
00000000
00010000
00001000
,
00022000
00000000
00000000
00000000
,
00000000
00000000
00000000
00000000
,
00033000
00000000
00000000
00000000
;
