#TITLE:One More Time;
#SUBTITLE:(DJDH Edit);
#ARTIST:Daft Punk;
#TITLETRANSLIT:;
#SUBTITLETRANSLIT:;
#ARTISTTRANSLIT:;
#CREDIT:;
#BANNER:onemoretime.png;
#BACKGROUND:onemoretime-bg.png;
#LYRICSPATH:;
#CDTITLE:;
#MUSIC:onemoretime.mp3;
#OFFSET:2.683;
#SAMPLESTART:46.161;
#SAMPLELENGTH:12.000;
#SELECTABLE:YES;
#BPMS:0.000=122.840;
#STOPS:;
#BGCHANGES:;
// cache tags:
#FIRSTBEAT:8.000;
#LASTBEAT:224.000;
#SONGFILENAME:Songs/DDI/onemoretime/onemoretime.sm;
#HASMUSIC:1;
#HASBANNER:1;
#MUSICLENGTH:110.262;
// end cache tags

//---------------dance-single - ----------------
#NOTES:
     dance-single:
     :
     Easy:
     5:
     0.339,0.381,0.390,0.000,0.000,219.000,43.000,0.000,0.000,0.000:  // measure 1
0000
0000
0000
0000
,  // measure 2
0000
0000
0000
0000
,  // measure 3
1001
1000
0001
1000
,  // measure 4
1001
0010
0100
0010
,  // measure 5
1001
0001
1000
0001
,  // measure 6
1001
0100
0010
0100
,  // measure 7
1001
0100
0010
0001
,  // measure 8
1001
1010
0001
0011
,  // measure 9
0100
0100
0100
0100
,  // measure 10
0100
0100
0100
0100
,  // measure 11
1001
1100
0010
0001
,  // measure 12
1000
0100
0010
0001
,  // measure 13
1000
0011
1010
0010
,  // measure 14
0100
1000
0001
0100
,  // measure 15
0100
0000
1001
0000
1100
0000
1000
0100
,  // measure 16
1000
0000
1001
0000
0101
0000
0100
0001
,  // measure 17
0100
1010
0011
1100
,  // measure 18
0101
0000
0100
0100
0100
0000
1000
0000
,  // measure 19
0001
0010
0100
1000
,  // measure 20
0010
0100
0001
1000
,  // measure 21
0100
1100
0101
1010
,  // measure 22
0011
0000
0010
0010
0010
0000
0001
0000
,  // measure 23
0100
1000
0010
0100
,  // measure 24
0100
0100
0100
0100
,  // measure 25
0001
0010
1001
0000
,  // measure 26
0000
0000
0010
0100
,  // measure 27
0100
1000
0100
0000
0100
0001
0100
0000
,  // measure 28
0100
1000
0100
1000
0100
1000
0000
0000
,  // measure 29
0100
0100
0100
0100
,  // measure 30
0100
0100
0100
0000
,  // measure 31
0010
0010
0010
0010
,  // measure 32
0010
0010
0010
0000
,  // measure 33
0100
0100
0100
0100
,  // measure 34
0100
0000
0100
0000
0010
0100
0000
0000
,  // measure 35
0110
0000
0000
0000
1000
0100
1000
0100
,  // measure 36
1000
0100
1000
0100
0000
0000
0100
0000
,  // measure 37
0000
0110
1001
0100
,  // measure 38
1000
0001
0010
1100
,  // measure 39
0101
0000
1010
0000
,  // measure 40
0000
0010
0010
1000
,  // measure 41
0001
0100
1000
0001
,  // measure 42
0010
0010
0100
0010
,  // measure 43
1001
0110
1001
0110
,  // measure 44
1001
0110
0010
0001
,  // measure 45
0100
0001
0100
0000
0010
0000
0010
0000
,  // measure 46
0010
1000
1000
0001
,  // measure 47
1000
0001
0010
1000
,  // measure 48
0110
1001
1010
0011
,  // measure 49
0001
0010
1000
1010
,  // measure 50
0010
0010
0010
0100
,  // measure 51
1000
0100
1000
1000
,  // measure 52
0010
1000
1000
0100
,  // measure 53
0100
0100
0001
0001
,  // measure 54
1000
0001
0010
0010
,  // measure 55
0100
0100
0001
0001
,  // measure 56
1000
0100
0010
0100
,  // measure 57
1001
0000
0000
0000
;

//---------------dance-single - ----------------
#NOTES:
     dance-single:
     :
     Medium:
     6:
     0.426,0.457,0.880,0.027,0.000,229.000,97.000,3.000,0.000,0.000:  // measure 1
0000
0000
0000
0000
,  // measure 2
0000
0000
0000
0000
,  // measure 3
1001
0110
1001
0110
,  // measure 4
1001
1100
0101
0010
,  // measure 5
1001
1010
0011
0110
,  // measure 6
1001
0100
0010
0100
,  // measure 7
1001
0100
0010
0001
,  // measure 8
1001
1010
0001
0011
,  // measure 9
0100
1000
0100
0001
0100
0000
0100
1000
,  // measure 10
0100
0000
0100
0001
0100
0010
0100
0000
,  // measure 11
1001
0000
1100
0000
2000
3200
0000
0302
,  // measure 12
0100
0000
0103
0010
0100
0000
0001
0000
,  // measure 13
1000
0011
1010
0010
,  // measure 14
1100
0101
1010
0011
,  // measure 15
0100
0000
1001
0000
1100
0000
1000
0100
,  // measure 16
1000
0000
1001
0000
0101
0000
0100
0001
,  // measure 17
0100
1010
0011
1100
,  // measure 18
0101
0000
0100
0100
0100
0000
1000
0000
,  // measure 19
0001
0010
0100
1000
,  // measure 20
0010
0100
0001
1000
,  // measure 21
0100
1100
0101
1010
,  // measure 22
0011
0000
0010
0010
0010
0000
0001
0000
,  // measure 23
0100
0000
1000
0000
0010
0000
0100
1000
,  // measure 24
0100
1000
0100
1000
0100
0000
0100
0000
,  // measure 25
0001
0010
1001
0000
,  // measure 26
0000
0000
0010
0100
,  // measure 27
0100
1000
0100
0000
0100
0001
0100
0000
,  // measure 28
0100
1000
0100
1000
0100
1000
0000
0000
,  // measure 29
0110
1001
1100
0101
,  // measure 30
1010
0011
1001
0000
,  // measure 31
1010
0011
1010
0011
,  // measure 32
1100
0101
1001
0000
,  // measure 33
1100
0101
1010
0011
,  // measure 34
0110
0000
1001
0000
0010
0100
0000
0000
,  // measure 35
0110
0000
0000
0000
1000
0100
0010
0100
,  // measure 36
1000
0010
1000
0100
0000
0000
0100
0000
,  // measure 37
0000
0110
1001
0100
,  // measure 38
1000
0001
0010
1100
,  // measure 39
0101
0000
1010
0000
,  // measure 40
0000
0010
0010
1000
,  // measure 41
0001
0100
1000
0001
,  // measure 42
0010
0010
0100
0010
,  // measure 43
1001
0110
1001
0110
,  // measure 44
1001
0110
0010
0001
,  // measure 45
0100
0001
0100
0000
0010
0000
0010
0000
,  // measure 46
0010
1000
1000
0001
,  // measure 47
1000
0001
0010
1000
,  // measure 48
0110
1001
1010
0011
,  // measure 49
0001
0010
1000
1010
,  // measure 50
1010
0110
0011
0100
,  // measure 51
1000
0100
1000
1100
,  // measure 52
1001
1010
0011
1100
,  // measure 53
0101
0110
1001
0110
,  // measure 54
1001
1100
0101
1010
,  // measure 55
0011
0100
0001
1100
,  // measure 56
0101
1010
0011
0110
,  // measure 57
1001
0000
0000
0000
;

//---------------dance-single - ----------------
#NOTES:
     dance-single:
     :
     Hard:
     8:
     0.504,0.457,0.254,0.163,0.054,343.000,28.000,18.000,0.000,0.000:  // measure 1
0000
0000
0000
0000
,  // measure 2
0000
0000
0000
0000
,  // measure 3
0010
1000
0010
1000
0010
0100
0010
0100
,  // measure 4
0010
0001
0010
0001
0010
0100
0010
0100
,  // measure 5
0010
1000
0010
0100
0010
0001
0010
0100
,  // measure 6
0010
1000
0010
0100
0010
0001
0010
0100
,  // measure 7
0010
1000
0010
0100
0010
0001
0010
0100
,  // measure 8
0010
1000
0010
0100
0010
0001
0010
0100
,  // measure 9
0010
0000
0000
0010
1000
0000
0000
1000
0100
0000
0000
0100
1000
0000
0000
1000
,  // measure 10
0001
0000
0000
0001
1000
0000
0000
1000
0001
0000
0100
0000
0000
0000
0000
0000
,  // measure 11
1001
0000
1100
0000
2000
3200
0000
0302
,  // measure 12
0000
0103
0010
0001
1000
0010
0001
1000
,  // measure 13
0100
0110
1001
1100
,  // measure 14
0101
0001
1000
0100
0010
0000
0001
0100
,  // measure 15
1000
0000
0011
0000
2000
3200
0000
0320
,  // measure 16
0000
0031
1000
0100
0010
0001
1000
0100
,  // measure 17
0010
0011
1010
1001
,  // measure 18
0110
0010
0001
0100
1000
0000
0010
0001
,  // measure 19
1000
0000
0101
0000
2000
3020
0000
0230
,  // measure 20
0000
0301
0010
0100
1000
0010
0100
0001
,  // measure 21
1000
0011
1010
1100
,  // measure 22
0101
0001
0100
1000
0100
0000
0001
0010
,  // measure 23
0100
0000
1100
0000
0020
0230
0000
0302
,  // measure 24
0000
0103
1000
0010
0100
0001
0010
0100
,  // measure 25
1000
0011
1100
0000
,  // measure 26
0000
0000
0010
0100
,  // measure 27
1000
0001
1000
0100
1000
0001
1000
0100
,  // measure 28
1000
0001
1000
0100
0010
0001
0000
0000
,  // measure 29
0100
1000
0100
0010
0100
1000
0100
0010
,  // measure 30
0100
1000
0100
0010
0001
0100
0000
0000
,  // measure 31
0010
0001
0010
0100
0010
0001
0010
0100
,  // measure 32
0010
0001
0010
0100
0001
1000
0000
0000
,  // measure 33
0001
0000
0000
0001
1000
0000
0000
1000
0100
0000
0000
0100
0010
0000
0000
0010
,  // measure 34
0001
0000
0000
0001
0100
0000
0000
0100
0010
0000
1000
0000
0000
0000
0000
0000
,  // measure 35
1001
0000
0000
0000
2000
3200
0000
0302
,  // measure 36
0000
0103
0010
0001
1000
0010
0001
1000
,  // measure 37
0100
0110
1001
1100
,  // measure 38
0101
0001
1000
0100
0010
0000
0001
0100
,  // measure 39
1000
0000
1001
0000
2000
3020
0000
0230
,  // measure 40
0000
0301
0010
0100
1000
0010
0100
0001
,  // measure 41
1000
0000
1100
0000
0101
0001
0100
1000
,  // measure 42
0100
0000
0001
0010
0100
0000
0010
0000
,  // measure 43
1001
1000
0100
0010
0001
0100
0010
1000
,  // measure 44
0000
0010
0001
1000
0100
0010
0001
1000
,  // measure 45
0100
0001
0100
1000
0010
0001
0010
1000
,  // measure 46
0000
0000
0000
0000
1000
0100
0000
0001
,  // measure 47
0100
1000
0100
0010
0001
0010
0100
1000
,  // measure 48
0000
0010
0100
1000
0001
1000
0100
0010
,  // measure 49
0001
0100
0010
1000
0100
0001
0100
1000
,  // measure 50
0000
0000
0000
0000
0010
1000
0000
0100
,  // measure 51
1000
0100
0001
0100
1000
0010
1000
0100
,  // measure 52
0000
1000
0100
0010
0001
0010
0001
1000
,  // measure 53
0100
0010
0100
0001
0100
1000
0010
0100
,  // measure 54
0000
0000
0000
0000
0010
0001
0000
1000
,  // measure 55
0100
0010
0100
0010
0001
1000
0001
1000
,  // measure 56
0000
1000
0100
0001
0010
1000
0100
0001
,  // measure 57
0010
0000
0000
0000
;
